symbol|date|open|high|low|close|volume|adj
CARR|2020-03-19|12|12|12|12|100|11.956004
CARR|2020-03-20|13|13|12|12.75|2300|12.703254
CARR|2020-03-23|12.75|12.75|11.5|11.54|18700|11.49769
CARR|2020-03-24|12.9|12.9|11.5|11.7|96100|11.657104
CARR|2020-03-25|11.8|13.45|11.8|13.45|19200|13.400687
CARR|2020-03-26|14|15.45|14|15.45|76400|15.393354
CARR|2020-03-27|15|16|14.55|14.55|486500|14.496655
CARR|2020-03-30|15.25|16.5|15.25|15.9|210000|15.841704
CARR|2020-03-31|16.389999|17.25|14.56|17.25|461500|17.186756
CARR|2020-04-01|16|16|14.56|15.05|2998900|14.994822
CARR|2020-04-02|15.66|15.9|12.12|13.28|15966300|13.231311
CARR|2020-04-03|13.75|17|13.38|16.92|66934300|16.857965
CARR|2020-04-06|17.059999|17.15|14.85|15.44|37138000|15.383391
CARR|2020-04-07|15.2|15.8|14.55|15.25|23486000|15.194088
CARR|2020-04-08|14.5|15.25|13.73|14.26|49372700|14.207718
CARR|2020-04-09|14|15.5|13.9|14.78|34992600|14.725811
CARR|2020-04-13|14.5|14.5|13.98|13.99|21497400|13.938707
CARR|2020-04-14|14|14.2|13.78|13.87|22350000|13.819148
CARR|2020-04-15|13.53|13.655|12.94|13.36|14990700|13.311017
CARR|2020-04-16|13.15|13.25|12.26|12.89|21745200|12.842741
CARR|2020-04-17|13.3|13.83|12.93|13.74|21336500|13.689624
CARR|2020-04-20|13.5|14.74|13.475|14.45|20032200|14.397021
CARR|2020-04-21|14.22|15.25|14.18|14.69|16235900|14.636141
CARR|2020-04-22|14.95|15.16|14.22|14.79|12543300|14.735775
CARR|2020-04-23|14.7|15.92|14.61|15.72|12226000|15.662365
CARR|2020-04-24|15.6|16.67|15.29|16.25|17393100|16.190422
CARR|2020-04-27|16.17|16.809999|15.975|16.799999|12186100|16.738405
CARR|2020-04-28|16.879999|17.75|16.610001|17|12983800|16.937672
CARR|2020-04-29|17.459999|18.08|17.17|17.639999|12523200|17.575325
CARR|2020-04-30|17.219999|17.84|16.985001|17.709999|19091300|17.645069
CARR|2020-05-01|17.33|17.35|16.620001|16.77|10727200|16.708515
CARR|2020-05-04|16.15|16.52|15.69|16.4|9700300|16.339872
CARR|2020-05-05|16.68|16.76|15.84|15.97|16298000|15.911448
CARR|2020-05-06|16|16.370001|15.43|16.290001|10647200|16.230276
CARR|2020-05-07|16.209999|17.040001|15.88|16.41|12454100|16.349834
CARR|2020-05-08|17.040001|18.4|16.934999|18.360001|18118200|18.292686
CARR|2020-05-11|18.43|18.75|18.02|18.35|9573900|18.282722
CARR|2020-05-12|18.389999|18.4|17.690001|17.799999|7743200|17.734739
CARR|2020-05-13|17.209999|17.437|16.1|16.440001|10676300|16.379726
CARR|2020-05-14|16.02|16.715|15.72|16.549999|7797200|16.489321
CARR|2020-05-15|16.299999|16.965|16|16.709999|7353800|16.648735
CARR|2020-05-18|17.299999|17.719999|17.290001|17.549999|6135000|17.485655
CARR|2020-05-19|17.440001|17.92|17.15|17.77|8338100|17.704849
CARR|2020-05-20|18.16|19.049999|18.040001|18.73|11910000|18.661329
CARR|2020-05-21|18.540001|19.52|18.5|19.450001|9711500|19.378691
CARR|2020-05-22|19.469999|19.860001|18.950001|19.049999|5937100|18.980156
CARR|2020-05-26|19.610001|20.6|19.34|19.51|7305400|19.438471
CARR|2020-05-27|19.57|20.129999|19.43|19.99|8969700|19.91671
CARR|2020-05-28|20.08|20.459999|19.504999|19.6|8509200|19.528141
CARR|2020-05-29|18.959999|20.98|18.879999|20.469999|32993100|20.394949
CARR|2020-06-01|20.549999|21.950001|20.549999|21.82|7695700|21.74
CARR|2020-06-02|21.690001|21.829|20.905001|21.360001|8295600|21.281687
CARR|2020-06-03|21.469999|22.58|21.379999|22.219999|9636300|22.138533
CARR|2020-06-04|22.030001|23.120001|22.030001|22.68|6651900|22.596848
CARR|2020-06-05|23.540001|24.4|23.379999|23.559999|7843600|23.473621
CARR|2020-06-08|23.629999|24.379999|23.309999|24.370001|8570400|24.280653
CARR|2020-06-09|23.74|23.959999|23.209999|23.209999|6850000|23.124903
CARR|2020-06-10|22.309999|23.15|22.040001|22.200001|10262100|22.118608
CARR|2020-06-11|20.16|21.799999|20|21.059999|6834800|20.982786
CARR|2020-06-12|22|22.309999|21.02|21.540001|5212800|21.461027
CARR|2020-06-15|20.719999|22.540001|20.629999|21.969999|7735600|21.88945
CARR|2020-06-16|22.959999|22.98|21.924999|22.07|7287800|21.989084
CARR|2020-06-17|22.17|22.34|21.08|21.26|5737100|21.182055
CARR|2020-06-18|21|21.889999|21|21.25|3618900|21.172091
CARR|2020-06-19|21.76|21.85|21|21.450001|14451100|21.371357
CARR|2020-06-22|21.52|22.825001|21.309999|22.74|5995500|22.656628
CARR|2020-06-23|23.120001|23.24|22.32|22.389999|5961200|22.307911
CARR|2020-06-24|22.1|22.66|21.450001|21.82|6825600|21.74
CARR|2020-06-25|21.620001|21.870001|21.035|21.52|6141000|21.52
CARR|2020-06-26|21.52|21.74|20.591|20.969999|21346900|20.969999
CARR|2020-06-29|21.08|22.469999|21|22.120001|8086000|22.120001
CARR|2020-06-30|21.809999|22.41|21.41|22.219999|7082500|22.219999
CARR|2020-07-01|22.32|23.01|21.870001|22.610001|9181500|22.610001
CARR|2020-07-02|22.99|23.219999|22.57|22.91|5667400|22.91
CARR|2020-07-06|23.129999|24.290001|23.129999|24.209999|7145200|24.209999
CARR|2020-07-07|23.76|24.18|23.724001|24.01|4671900|24.01
CARR|2020-07-08|23.879999|24.09|23.459999|23.99|4692100|23.99
CARR|2020-07-09|24|24.219999|23.76|23.91|5470300|23.91
CARR|2020-07-10|23.84|26.059999|23.719999|24.889999|12262400|24.889999
CARR|2020-07-13|25.139999|25.209999|23.26|24.280001|8562400|24.280001
CARR|2020-07-14|24.299999|25.16|24.23|25.15|7218300|25.15
CARR|2020-07-15|25.58|26.57|25.540001|26.450001|5798700|26.450001
CARR|2020-07-16|26.120001|26.99|25.92|26.610001|4863400|26.610001
CARR|2020-07-17|26.889999|26.9|26.33|26.48|3187100|26.48
