symbol|date|open|high|low|close|volume|adj
CFG|2014-09-24|21.5|23.219999|21.35|23.08|60450900|19.913292
CFG|2014-09-25|22.559999|23.41|22.450001|23.049999|8430000|19.887409
CFG|2014-09-26|23.18|23.370001|22.91|23.25|2504400|20.059965
CFG|2014-09-29|23.139999|23.450001|22.91|23.23|4832600|20.042711
CFG|2014-09-30|23.110001|23.57|23.049999|23.42|4103100|20.206638
CFG|2014-10-01|23.219999|23.610001|23.110001|23.440001|3915500|20.223896
CFG|2014-10-02|23.34|23.59|23.302999|23.34|3121400|20.137619
CFG|2014-10-03|23.379999|23.469999|23.01|23.23|1585900|20.042711
CFG|2014-10-06|23.280001|23.370001|22.610001|22.639999|1208400|19.533659
CFG|2014-10-07|22.559999|22.74|22.26|22.52|1508400|19.430126
CFG|2014-10-08|22.110001|23.15|22.110001|22.75|1649200|19.628569
CFG|2014-10-09|23|23|22.24|22.48|1229100|19.395613
CFG|2014-10-10|22.389999|22.559999|22.135|22.280001|924000|19.223057
CFG|2014-10-13|22.129999|22.66|22.120001|22.450001|1382800|19.36973
CFG|2014-10-14|22.5|22.790001|22.299999|22.450001|1605800|19.36973
CFG|2014-10-15|22.129999|22.200001|21.5|21.85|3405400|18.852058
CFG|2014-10-16|21.51|21.950001|21.469999|21.799999|3105800|18.808914
CFG|2014-10-17|21.889999|22.07|21.73|21.92|2750600|18.912455
CFG|2014-10-20|21.82|22.379999|21.82|22.379999|1870600|19.309336
CFG|2014-10-21|22.110001|22.93|22.110001|22.82|1165500|19.688965
CFG|2014-10-22|22.780001|23|22.403|22.6|884700|19.499155
CFG|2014-10-23|22.969999|23.08|22.59|23.030001|1154200|19.870152
CFG|2014-10-24|23.32|23.49|22.77|23.18|1357800|19.999573
CFG|2014-10-27|23.15|23.190001|22.725|22.85|2898800|19.714853
CFG|2014-10-28|23.16|23.59|22.93|23.280001|1500600|20.085855
CFG|2014-10-29|23.35|23.530001|23.200001|23.48|1302300|20.258411
CFG|2014-10-30|23.459999|23.690001|23.297001|23.440001|1153600|20.223896
CFG|2014-10-31|23.59|23.92|23.370001|23.620001|1238600|20.3792
CFG|2014-11-03|23.49|24|23.16|24|1826900|20.707058
CFG|2014-11-04|23.74|23.91|23.43|23.6|1474500|20.447142
CFG|2014-11-05|23.799999|23.950001|23.549999|23.9|1097600|20.70706
CFG|2014-11-06|23.790001|24.459999|23.75|24.299999|1010700|21.053625
CFG|2014-11-07|24.48|24.48|23.959999|23.969999|600700|20.767714
CFG|2014-11-10|24.040001|24.25|23.75|23.950001|1531300|20.750381
CFG|2014-11-11|23.969999|24.219999|23.75|23.940001|658300|20.74172
CFG|2014-11-12|23.75|23.98|23.51|23.860001|940800|20.672405
CFG|2014-11-13|23.620001|23.959999|23.58|23.82|1149700|20.637743
CFG|2014-11-14|23.74|24|23.74|23.959999|1111500|20.759048
CFG|2014-11-17|24.110001|24.110001|23.559999|24|992400|20.793699
CFG|2014-11-18|24.040001|24.040001|23.709999|23.73|586000|20.559774
CFG|2014-11-19|23.799999|24|23.51|23.719999|812800|20.551111
CFG|2014-11-20|23.57|23.870001|23.5|23.709999|745800|20.542439
CFG|2014-11-21|23.950001|24.209999|23.695|23.77|725200|20.594429
CFG|2014-11-24|23.799999|24.360001|23.68|24.25|836800|21.010302
CFG|2014-11-25|24.24|24.299999|24.02|24.030001|701600|20.819695
CFG|2014-11-26|24.110001|24.27|23.92|24.23|703700|20.992979
CFG|2014-11-28|24.219999|25.09|24.049999|24.629999|713400|21.339539
CFG|2014-12-01|24.620001|24.895|23.49|23.98|2282600|20.776373
CFG|2014-12-02|24.02|24.43|23.799999|24.200001|1369300|20.966984
CFG|2014-12-03|24.33|24.59|24.190001|24.23|1854500|20.992979
CFG|2014-12-04|24.32|24.559999|24.09|24.4|1433700|21.140265
CFG|2014-12-05|24.450001|25.219999|24.450001|25.15|1008400|21.790073
CFG|2014-12-08|25.08|25.139999|24.68|25.040001|2244900|21.694757
CFG|2014-12-09|24.709999|25.33|24.5|25.16|1141800|21.798731
CFG|2014-12-10|25.15|25.41|24.620001|24.65|631000|21.356865
CFG|2014-12-11|24.85|25.280001|24.51|24.690001|1709100|21.391521
CFG|2014-12-12|24.52|24.83|24.4|24.459999|950800|21.192249
CFG|2014-12-15|24.68|24.805|24.27|24.49|1175100|21.218239
CFG|2014-12-16|24.530001|24.875|24.219999|24.25|1313900|21.010302
CFG|2014-12-17|24.219999|24.799999|24.219999|24.559999|2160100|21.278889
CFG|2014-12-18|24.75|25.139999|24.68|25.08|1768500|21.72942
CFG|2014-12-19|25.040001|25.6|24.84|25|7523100|21.660105
CFG|2014-12-22|25.16|25.278999|24.66|25.1|1689600|21.746748
CFG|2014-12-23|25.309999|25.5|25.120001|25.440001|1174600|22.041323
CFG|2014-12-24|25.450001|25.59|25.18|25.51|547200|22.101973
CFG|2014-12-26|25.51|25.51|25.25|25.309999|304000|21.928694
CFG|2014-12-29|25.200001|25.51|25.18|25.370001|1071000|21.980677
CFG|2014-12-30|25.459999|25.5|25.16|25.190001|511800|21.824722
CFG|2014-12-31|25.25|25.285|24.83|24.860001|621600|21.538811
CFG|2015-01-02|24.969999|25|24.290001|24.76|643500|21.452171
CFG|2015-01-05|24.58|24.68|23.84|24.18|1330400|20.949657
CFG|2015-01-06|24.17|24.219999|23.700001|23.91|2075000|20.715731
CFG|2015-01-07|23.99|24.129999|23.790001|24|1160200|20.793699
CFG|2015-01-08|24.07|24.48|23.940001|24.18|661500|20.949657
CFG|2015-01-09|24.15|24.18|23.780001|23.889999|724700|20.698399
CFG|2015-01-12|23.799999|24.040001|23.620001|23.879999|941100|20.689732
CFG|2015-01-13|23.940001|24.190001|23.610001|23.870001|989800|20.681068
CFG|2015-01-14|23.6|23.743999|23.1|23.440001|962500|20.308514
CFG|2015-01-15|23.370001|23.610001|22.67|22.959999|1558000|19.892641
CFG|2015-01-16|22.83|23.24|22.790001|23.190001|1951800|20.091917
CFG|2015-01-20|23.16|23.85|22.91|23.1|1742100|20.013941
CFG|2015-01-21|23.07|23.59|23.01|23.280001|787300|20.169895
CFG|2015-01-22|23.299999|24.16|23.280001|24.139999|486500|20.914999
CFG|2015-01-23|24.040001|24.040001|23.67|23.709999|651800|20.542439
CFG|2015-01-26|23.75|24.309999|23.530001|24.09|1167800|20.871679
CFG|2015-01-27|23.860001|24.639999|23.76|24.15|1308200|20.923664
CFG|2015-01-28|24.17|24.35|23.84|23.860001|1301900|20.672405
CFG|2015-01-29|23.92|24.35|23.26|24.24|1818600|21.00164
CFG|2015-01-30|24.1|24.24|23.809999|23.9|1882300|20.70706
CFG|2015-02-02|23.85|24.16|23.690001|24|1445800|20.793699
CFG|2015-02-03|23.91|24.450001|23.799999|24.290001|1351800|21.133011
CFG|2015-02-04|24.27|24.379999|23.93|24.01|1101600|20.889402
CFG|2015-02-05|24.09|24.41|23.98|24.35|984600|21.185213
CFG|2015-02-06|24.41|25|24.219999|24.5|1748400|21.31572
CFG|2015-02-09|24.48|24.530001|24.110001|24.26|781600|21.106913
CFG|2015-02-10|24.73|24.959999|24.530001|24.82|1384900|21.594128
CFG|2015-02-11|24.879999|25|24.549999|24.969999|1393100|21.724628
CFG|2015-02-12|24.799999|25.370001|24.75|25.33|985100|22.037848
CFG|2015-02-13|25.280001|25.67|25.139999|25.450001|1164500|22.142244
CFG|2015-02-17|25.709999|25.74|25.26|25.559999|1807100|22.237955
CFG|2015-02-18|25.629999|25.629999|25.059999|25.209999|1783500|21.933439
CFG|2015-02-19|25.02|25.219999|24.85|25.02|896800|21.768137
CFG|2015-02-20|25.1|25.26|24.862|25.25|744800|21.968245
CFG|2015-02-23|25.1|25.1|24.674999|24.91|743600|21.67243
CFG|2015-02-24|24.860001|25.07|24.77|24.93|530700|21.689833
CFG|2015-02-25|24.870001|25|24.719999|24.959999|612600|21.715933
CFG|2015-02-26|24.940001|24.995001|24.610001|24.85|702900|21.620228
CFG|2015-02-27|24.799999|25|24.709999|24.84|468500|21.611528
CFG|2015-03-02|24.84|25.18|24.620001|24.85|1408600|21.620228
CFG|2015-03-03|24.82|25.049999|24.58|25.040001|905500|21.785538
CFG|2015-03-04|24.99|24.99|24.5|24.9|1781500|21.663731
CFG|2015-03-05|24.889999|25.32|24.610001|25.299999|1959200|22.01174
CFG|2015-03-06|25.030001|25.799999|24.950001|25.5|1542200|22.185755
CFG|2015-03-09|25.469999|25.535|25.110001|25.23|1890600|21.950842
CFG|2015-03-10|24.950001|25.200001|24.790001|25|1434300|21.750736
CFG|2015-03-11|25|25.27|25|25.110001|837700|21.846439
CFG|2015-03-12|25.120001|25.780001|24.99|25.49|2143300|22.17705
CFG|2015-03-13|25.17|25.23|24.43|24.77|3480900|21.550631
CFG|2015-03-16|24.93|25.32|24.77|25.309999|1186800|22.020445
CFG|2015-03-17|25.18|25.610001|24.9|25.6|1225200|22.272755
CFG|2015-03-18|25.450001|25.84|25.1|25.190001|1287700|21.916039
CFG|2015-03-19|25|25.190001|24.495001|24.799999|1824100|21.576725
CFG|2015-03-20|24.780001|25.02|24.74|24.799999|6593200|21.576725
CFG|2015-03-23|24.85|25.24|24.51|24.76|3773300|21.541929
CFG|2015-03-24|24.700001|24.92|24.24|24.32|2657600|21.159113
CFG|2015-03-25|24.27|24.43|23.84|24|5012400|20.880707
CFG|2015-03-26|24|24.290001|23.83|24.120001|62491000|20.985106
CFG|2015-03-27|24.110001|24.540001|24.1|24.48|9244300|21.298321
CFG|2015-03-30|24.5|24.68|24.16|24.32|5463500|21.159113
CFG|2015-03-31|24.219999|24.290001|24.040001|24.129999|3946500|20.993813
CFG|2015-04-01|24.15|24.459999|24.030001|24.360001|5348500|21.193918
CFG|2015-04-02|24.34|24.68|24.25|24.620001|6024800|21.420126
CFG|2015-04-06|24.48|24.799999|24.280001|24.75|3718400|21.533228
CFG|2015-04-07|24.73|25|24.700001|24.9|5752800|21.663731
CFG|2015-04-08|25|25.09|24.879999|25|4441600|21.750736
CFG|2015-04-09|25|25.139999|24.93|25.040001|3584900|21.785538
CFG|2015-04-10|25.030001|25.299999|24.969999|25.110001|2606700|21.846439
CFG|2015-04-13|25.190001|25.459999|24.98|25.450001|4462600|22.142244
CFG|2015-04-14|25.15|25.25|25.02|25.139999|1860800|21.872541
CFG|2015-04-15|25.15|25.66|25.02|25.6|3701300|22.272755
CFG|2015-04-16|25.6|25.629999|25.200001|25.49|1971000|22.17705
CFG|2015-04-17|25.360001|25.41|25.040001|25.120001|1303800|21.855141
CFG|2015-04-20|25.190001|25.280001|24.969999|25.110001|2630000|21.846439
CFG|2015-04-21|25.190001|25.459999|24.959999|25.040001|3493900|21.785538
CFG|2015-04-22|25.5|25.98|24.92|25.49|3562600|22.17705
CFG|2015-04-23|25.66|25.74|25.280001|25.639999|2450300|22.30755
CFG|2015-04-24|25.66|25.719999|25.280001|25.57|1918400|22.246651
CFG|2015-04-27|25.700001|25.84|25.48|25.48|4843500|22.168348
CFG|2015-04-28|25.530001|25.825001|25.389999|25.780001|2557100|22.429358
CFG|2015-04-29|25.629999|26.290001|25.6|26.09|3516600|22.699068
CFG|2015-04-30|25.99|26.18|25.68|26.049999|2700300|22.664267
CFG|2015-05-01|26.15|26.302|25.91|25.98|2090700|22.690468
CFG|2015-05-04|26.049999|26.379999|25.969999|26.299999|1626000|22.969946
CFG|2015-05-05|26.23|26.469999|26.139999|26.24|2164100|22.917547
CFG|2015-05-06|26.290001|26.431999|25.780001|25.85|2614500|22.576927
CFG|2015-05-07|25.82|25.959999|25.610001|25.950001|2998300|22.664265
CFG|2015-05-08|26.190001|26.242001|25.57|25.809999|3298200|22.541994
CFG|2015-05-11|25.83|26.190001|25.83|26.07|4875100|22.769077
CFG|2015-05-12|26.02|26.25|25.959999|26.15|3526300|22.838943
CFG|2015-05-13|26.290001|26.41|25.99|26.23|3532400|22.908813
CFG|2015-05-14|26.48|26.59|26.139999|26.48|2561300|23.127157
CFG|2015-05-15|26.450001|26.582001|25.9|25.93|2266900|22.646801
CFG|2015-05-18|25.99|26.379999|25.889999|26.299999|2182500|22.969946
CFG|2015-05-19|26.02|26.889999|25.940001|26.860001|3279800|23.459045
CFG|2015-05-20|26.65|26.950001|26.639999|26.75|3430900|23.362974
CFG|2015-05-21|26.76|26.91|26.459999|26.84|5403600|23.441574
CFG|2015-05-22|26.83|26.99|26.700001|26.92|3185400|23.511452
CFG|2015-05-26|26.870001|26.99|26.66|26.700001|5930200|23.3193
CFG|2015-05-27|26.764999|26.92|26.59|26.77|4423300|23.380442
CFG|2015-05-28|26.77|26.92|26.58|26.83|3074900|23.432844
CFG|2015-05-29|26.889999|26.950001|26.565001|26.84|11662100|23.441574
CFG|2015-06-01|26.91|27.025|26.719999|26.950001|4060500|23.537655
CFG|2015-06-02|27|27.34|26.950001|27.190001|3798500|23.747259
CFG|2015-06-03|27.290001|27.67|27.24|27.620001|6359400|24.122822
CFG|2015-06-04|27.530001|27.870001|27.530001|27.75|6119200|24.236351
CFG|2015-06-05|27.790001|28.35|27.299999|28.32|7049800|24.734182
CFG|2015-06-08|28.389999|28.709999|28|28.040001|11994700|24.489634
CFG|2015-06-09|28.01|28.09|27.299999|28.08|8313400|24.524572
CFG|2015-06-10|28.200001|28.309999|27.83|28|7645800|24.454699
CFG|2015-06-11|28.09|28.17|27.459999|27.52|10332600|24.035475
CFG|2015-06-12|27.5|27.639999|27.33|27.540001|8410200|24.052946
CFG|2015-06-15|27.370001|27.99|27.360001|27.91|6176000|24.376097
CFG|2015-06-16|27.85|28.290001|27.73|28.25|5020100|24.673046
CFG|2015-06-17|28.33|28.41|27.84|27.91|6830800|24.376097
CFG|2015-06-18|28|28.120001|27.6|28.07|6168300|24.515837
CFG|2015-06-19|28.120001|28.459999|28.02|28.190001|29234700|24.620638
CFG|2015-06-22|28.389999|28.540001|28.17|28.27|3695200|24.690516
CFG|2015-06-23|28.379999|28.530001|28.059999|28.190001|5113400|24.620638
CFG|2015-06-24|28.1|28.32|27.985001|28.049999|2675600|24.498371
CFG|2015-06-25|27.950001|28.040001|27.280001|27.379999|5014800|23.913204
CFG|2015-06-26|27.370001|27.615|27.26|27.540001|9588300|24.052946
CFG|2015-06-29|27.209999|27.389999|26.799999|26.93|3022500|23.520184
CFG|2015-06-30|27.209999|27.870001|26.985001|27.309999|5524900|23.85206
CFG|2015-07-01|27.530001|27.74|27.34|27.440001|2837700|23.965607
CFG|2015-07-02|27.43|27.469999|26.92|27.15|2158000|23.712324
CFG|2015-07-06|26.93|27.040001|26.67|27.01|3392000|23.59005
CFG|2015-07-07|27.01|27.040001|26.440001|26.74|3582600|23.354239
CFG|2015-07-08|26.58|26.709999|26.459999|26.639999|3601900|23.266897
CFG|2015-07-09|26.91|27.030001|26.799999|26.98|2196300|23.563852
CFG|2015-07-10|27.25|27.35|27.049999|27.299999|1767500|23.84333
CFG|2015-07-13|27.5|27.700001|27.190001|27.25|2075200|23.79966
CFG|2015-07-14|27.299999|27.58|27.23|27.549999|3363200|24.061678
CFG|2015-07-15|27.75|28|27.620001|27.799999|2356000|24.280025
CFG|2015-07-16|27.889999|28.15|27.709999|28.110001|2239400|24.550772
CFG|2015-07-17|28.08|28.181999|27.84|27.91|3126700|24.376097
CFG|2015-07-20|27.93|28.17|27.870001|27.959999|4131700|24.419765
CFG|2015-07-21|26.530001|27.58|25.48|26.719999|10366900|23.336773
CFG|2015-07-22|26.690001|27.254999|26.614|27.040001|3829300|23.616253
CFG|2015-07-23|27.059999|27.299999|26.370001|26.450001|3075000|23.100958
CFG|2015-07-24|26.48|26.65|26.120001|26.15|1993900|22.838943
CFG|2015-07-27|26.02|26.129999|25.68|25.940001|2544300|22.655531
CFG|2015-07-28|25.799999|26.360001|25.74|26.17|5631600|22.856409
CFG|2015-07-29|26.1|26.33|26|26|59753900|22.707932
CFG|2015-07-30|26.030001|26.629999|25.6|26.49|17805600|23.22522
CFG|2015-07-31|26.559999|26.6|25.98|26.07|9396400|22.856985
CFG|2015-08-03|26.18|26.5|26|26.030001|6981500|22.821913
CFG|2015-08-04|26.049999|26.440001|25.9|26.27|5120700|23.032333
CFG|2015-08-05|26.49|26.84|26.41|26.66|6478800|23.374268
CFG|2015-08-06|26.77|26.84|26.43|26.65|4042000|23.365498
CFG|2015-08-07|26.530001|26.82|26.309999|26.700001|8972800|23.409342
CFG|2015-08-10|27.01|27.26|26.9|27.190001|4443200|23.838951
CFG|2015-08-11|27|27.190001|26.700001|26.84|4909300|23.532082
CFG|2015-08-12|26.780001|26.790001|25.74|26.030001|6983100|22.821913
CFG|2015-08-13|26|26.299999|25.975|26.200001|4317400|22.970961
CFG|2015-08-14|26.26|26.42|26.129999|26.379999|1998500|23.128777
CFG|2015-08-17|26.309999|26.48|26.08|26.280001|1746200|23.041103
CFG|2015-08-18|26.290001|26.58|26.190001|26.559999|2415200|23.286594
CFG|2015-08-19|26.43|26.57|26.23|26.26|4323000|23.023563
CFG|2015-08-20|26.049999|26.290001|25.33|25.33|3193800|22.208187
CFG|2015-08-21|25.02|25.110001|24.57|24.57|4203100|21.541855
CFG|2015-08-24|23.58|24.1|21.139999|23.030001|8454800|20.191654
CFG|2015-08-25|23.799999|24.08|23.07|23.1|5607800|20.253019
CFG|2015-08-26|24|24.450001|23.450001|24.190001|6358500|21.208687
CFG|2015-08-27|24.65|24.99|24.370001|24.48|5251700|21.462944
CFG|2015-08-28|24.67|24.885|24.370001|24.690001|3096500|21.647064
CFG|2015-08-31|24.620001|24.940001|24.5|24.82|3553100|21.761038
CFG|2015-09-01|24.469999|24.59|23.52|23.690001|5046600|20.770315
CFG|2015-09-02|23.98|24.33|23.440001|24.129999|5658400|21.15608
CFG|2015-09-03|24.299999|24.790001|24.209999|24.5|3093800|21.48048
CFG|2015-09-04|24.24|24.43|23.959999|24.09|2295000|21.12101
CFG|2015-09-08|24.6|24.629999|24.215|24.629999|3484900|21.594454
CFG|2015-09-09|24.780001|24.99|24.365|24.4|3949800|21.392805
CFG|2015-09-10|24.299999|24.636|24.219999|24.440001|2010800|21.427874
CFG|2015-09-11|24.299999|24.540001|24.059999|24.32|3544800|21.32266
CFG|2015-09-14|24.280001|24.67|24.25|24.41|2459300|21.401575
CFG|2015-09-15|24.450001|25.139999|24.422001|25.030001|2882000|21.945164
CFG|2015-09-16|24.93|25.059999|24.635|24.879999|3541400|21.813646
CFG|2015-09-17|24.84|24.959999|23.68|24.040001|5433100|21.077173
CFG|2015-09-18|23.690001|23.99|23.219999|23.75|11030900|20.822916
CFG|2015-09-21|23.950001|24.139999|23.719999|23.9|3422200|20.954424
CFG|2015-09-22|23.5|23.67|23.42|23.6|2220000|20.691401
CFG|2015-09-23|23.75|23.790001|23.275|23.34|3662100|20.463446
CFG|2015-09-24|23.059999|23.32|23|23.24|3495100|20.375771
CFG|2015-09-25|23.629999|23.82|23.48|23.610001|4083200|20.700167
CFG|2015-09-28|23.4|23.559999|22.6|22.629999|5404800|19.840946
CFG|2015-09-29|22.76|23.440001|22.565001|23.219999|5979200|20.358234
CFG|2015-09-30|23.66|25.23|23.389999|23.860001|5608500|20.919357
CFG|2015-10-01|23.75|24.02|23.370001|23.5|3214100|20.603725
CFG|2015-10-02|22.99|23.48|22.48|23.41|7919400|20.524817
CFG|2015-10-05|23.639999|23.83|23.32|23.719999|6639600|20.796614
CFG|2015-10-06|23.66|23.83|23.299999|23.360001|3616500|20.48098
CFG|2015-10-07|23.52|23.565001|23.18|23.440001|4528600|20.551119
CFG|2015-10-08|23.43|23.639999|23.24|23.52|4248700|20.621262
CFG|2015-10-09|23.49|23.82|23.360001|23.459999|3644200|20.568653
CFG|2015-10-12|23.459999|23.690001|23.389999|23.559999|1948800|20.656328
CFG|2015-10-13|23.5|23.620001|23.379999|23.459999|2278100|20.568653
CFG|2015-10-14|23.35|23.49|22.790001|22.91|2973500|20.086441
CFG|2015-10-15|23.040001|23.59|22.940001|23.52|3083900|20.621262
CFG|2015-10-16|23.620001|23.780001|23.219999|23.219999|4212300|20.358234
CFG|2015-10-19|23.200001|23.49|23.030001|23.23|3846700|20.367004
CFG|2015-10-20|23.23|23.6|23.16|23.389999|4082200|20.507286
CFG|2015-10-21|23.48|23.865|23.17|23.17|3909600|20.31439
CFG|2015-10-22|23.26|23.620001|22.870001|22.870001|9977700|20.051374
CFG|2015-10-23|23.549999|24.299999|23.209999|24.219999|9488000|21.234991
CFG|2015-10-26|24.25|24.49|23.559999|23.6|4690000|20.691401
CFG|2015-10-27|23.42|23.799999|23.27|23.530001|4038000|20.63003
CFG|2015-10-28|23.52|24.440001|23.52|24.18|5537400|21.199917
CFG|2015-10-29|24.18|24.43|24.01|24.110001|4366100|21.138546
CFG|2015-10-30|23.75|24.389999|23.73|24.299999|50057600|21.305124
CFG|2015-11-02|24.58|24.700001|24.120001|24.450001|14762900|21.43664
CFG|2015-11-03|24.459999|24.620001|24.139999|24.42|6333800|21.498266
CFG|2015-11-04|24.549999|24.74|24.200001|24.530001|11116700|21.595106
CFG|2015-11-05|24.469999|24.93|24.440001|24.610001|10044600|21.665533
CFG|2015-11-06|25.469999|25.969999|25.120001|25.73|16322300|22.651529
CFG|2015-11-09|25.73|26.049999|25.48|25.870001|10013800|22.774784
CFG|2015-11-10|25.870001|26.09|25.77|26|14272600|22.889225
CFG|2015-11-11|26|26.129999|25.889999|26.09|6575500|22.968456
CFG|2015-11-12|25.75|25.950001|25.49|25.51|8336200|22.457853
CFG|2015-11-13|25.49|25.6|25.219999|25.530001|9834200|22.475462
CFG|2015-11-16|25.6|25.719999|25.27|25.68|6910900|22.607512
CFG|2015-11-17|25.719999|25.91|25.52|25.6|4455500|22.537085
CFG|2015-11-18|25.73|26.219999|25.610001|26.200001|5740100|23.065296
CFG|2015-11-19|26.1|26.24|25.9|26.120001|3415400|22.994869
CFG|2015-11-20|26.309999|26.309999|25.870001|26.02|3096000|22.906834
CFG|2015-11-23|25.969999|26.18|25.67|25.74|4369400|22.660334
CFG|2015-11-24|25.639999|26.15|25.51|26.129999|4961100|23.003666
CFG|2015-11-25|26.129999|26.280001|25.937|26.26|4382200|23.118116
CFG|2015-11-27|26.23|26.5|26.145|26.389999|2250600|23.232561
CFG|2015-11-30|26.43|26.65|26.254999|26.629999|9731800|23.443853
CFG|2015-12-01|26.809999|26.870001|26.280001|26.5|6003100|23.329403
CFG|2015-12-02|26.75|26.860001|26.459999|26.639999|10320000|23.45265
CFG|2015-12-03|26.83|26.84|26.379999|26.469999|10031700|23.302992
CFG|2015-12-04|26.690001|27.139999|26.459999|27.120001|5481300|23.875227
CFG|2015-12-07|27.1|27.17|26.365|26.51|5337900|23.338209
CFG|2015-12-08|26.25|26.549999|26.09|26.41|4656400|23.250174
CFG|2015-12-09|26.33|26.74|25.790001|26.1|6760600|22.977264
CFG|2015-12-10|26.1|26.57|26.040001|26.299999|3559700|23.153328
CFG|2015-12-11|25.959999|26.17|25.370001|25.610001|6501300|22.545893
CFG|2015-12-14|25.74|25.959999|25.4|25.719999|5119800|22.642725
CFG|2015-12-15|26.18|26.700001|26.040001|26.540001|5445300|23.36462
CFG|2015-12-16|26.75|27.02|25.93|26.91|9247000|23.690353
CFG|2015-12-17|26.91|27.08|26.424999|26.48|5395000|23.311798
CFG|2015-12-18|26.389999|26.450001|25.84|25.9|10143900|22.801191
CFG|2015-12-21|26.139999|26.34|25.731001|26.030001|4147900|22.915636
CFG|2015-12-22|26.16|26.459999|25.700001|26.25|5388300|23.109314
CFG|2015-12-23|26.35|26.540001|26.17|26.52|3890900|23.347012
CFG|2015-12-24|26.450001|26.68|26.370001|26.6|1072600|23.41744
CFG|2015-12-28|26.440001|26.469999|26.08|26.41|2238800|23.250174
CFG|2015-12-29|26.540001|26.805|26.49|26.620001|2872000|23.435045
CFG|2015-12-30|26.49|26.66|26.26|26.299999|2062900|23.153328
CFG|2015-12-31|26.219999|26.49|26.139999|26.190001|2307000|23.056492
CFG|2016-01-04|25.709999|25.99|25.455|25.799999|5598700|22.713156
CFG|2016-01-05|25.77|25.950001|25.52|25.68|6389300|22.607512
CFG|2016-01-06|25.299999|25.530001|25.15|25.280001|5418800|22.255367
CFG|2016-01-07|24.790001|24.915001|24.299999|24.59|4976700|21.647928
CFG|2016-01-08|24.809999|24.879999|23.66|23.82|10583700|20.970055
CFG|2016-01-11|24.18|24.24|23.67|23.9|6981400|21.040478
CFG|2016-01-12|24.1|24.15|23.59|23.9|7081700|21.040478
CFG|2016-01-13|24.08|24.15|22.955|23.219999|8078100|20.441839
CFG|2016-01-14|23.34|23.379999|22.6|22.9|9374000|20.16013
CFG|2016-01-15|22.190001|22.469999|21.700001|22.32|12940800|19.649523
CFG|2016-01-19|22.6|22.705|22.040001|22.23|9794300|19.570288
CFG|2016-01-20|21.870001|21.969999|21|21.6|11155900|19.015667
CFG|2016-01-21|21.629999|21.84|21.125|21.33|9819600|18.777973
CFG|2016-01-22|21.65|21.799999|19.75|20.780001|23182200|18.293776
CFG|2016-01-25|20.780001|20.915001|19.73|19.790001|12599300|17.422224
CFG|2016-01-26|19.969999|20.57|19.969999|20.290001|16250900|17.8624
CFG|2016-01-27|20.98|21.610001|20.799999|21.209999|33935400|18.672323
CFG|2016-01-28|21.5|21.85|21.139999|21.74|21317800|19.138914
CFG|2016-01-29|21.879999|21.950001|21.25|21.25|94875300|18.707541
CFG|2016-02-01|21.110001|21.209999|20.559999|20.780001|10617700|18.293776
CFG|2016-02-02|20.51|20.620001|20.08|20.209999|12990500|17.878004
CFG|2016-02-03|20.27|20.305|19.25|20.049999|14336100|17.736469
CFG|2016-02-04|20.040001|20.549999|19.889999|20.23|9247700|17.895697
CFG|2016-02-05|20.26|20.620001|19.76|19.85|8105900|17.559546
CFG|2016-02-08|19.52|19.74|18.950001|19.200001|10227000|16.984549
CFG|2016-02-09|18.93|19.610001|18.889999|19.549999|10511900|17.294159
CFG|2016-02-10|19.629999|19.76|18.795|18.860001|10445600|16.683783
CFG|2016-02-11|18.450001|18.65|18.040001|18.139999|8392700|16.046862
CFG|2016-02-12|18.6|18.99|18.32|18.889999|9360800|16.710318
CFG|2016-02-16|19.15|19.754999|18.9|19.360001|8897700|17.126085
CFG|2016-02-17|19.59|20.25|19.450001|19.65|9440400|17.382622
CFG|2016-02-18|19.67|19.809999|18.959999|19.110001|7980000|16.90493
CFG|2016-02-19|19.110001|19.299999|18.885|19.24|4536100|17.019934
CFG|2016-02-22|19.57|19.82|19.440001|19.799999|4789700|17.515314
CFG|2016-02-23|19.73|19.809999|19.094999|19.370001|6184400|17.134932
CFG|2016-02-24|19|19.16|18.775|19|5749500|16.807627
CFG|2016-02-25|19.02|19.219999|18.83|19.18|6750600|16.966856
CFG|2016-02-26|19.299999|20.110001|18.99|19.74|11218600|17.46224
CFG|2016-02-29|19.66|19.799999|19.18|19.23|4248100|17.011086
CFG|2016-03-01|19.33|20.280001|19.315001|20.27|7856800|17.931082
CFG|2016-03-02|20.24|21.094999|20.16|20.959999|8907100|18.541466
CFG|2016-03-03|20.85|21.559999|20.82|21.440001|8729100|18.966076
CFG|2016-03-04|21.639999|22.23|21.584999|21.93|7150200|19.39954
CFG|2016-03-07|21.700001|21.860001|21.41|21.530001|6164000|19.045694
CFG|2016-03-08|21.26|21.26|20.530001|20.92|9761900|18.506081
CFG|2016-03-09|21.1|21.23|20.559999|20.700001|5653000|18.311466
CFG|2016-03-10|20.879999|21.23|20.58|21.01|5182200|18.585695
CFG|2016-03-11|21.34|21.934999|21.290001|21.91|5958900|19.381849
CFG|2016-03-14|21.809999|22.16|21.6|22.09|4860800|19.541075
CFG|2016-03-15|21.82|22.219999|21.629999|22.190001|5750100|19.629539
CFG|2016-03-16|22.01|22.549999|21.58|21.610001|8255800|19.116467
CFG|2016-03-17|21.5|21.815001|21.129999|21.73|7425100|19.222616
CFG|2016-03-18|21.93|22.24|21.76|22.08|10236600|19.532227
CFG|2016-03-21|22.110001|22.25|21.73|22|3721900|19.461458
CFG|2016-03-22|21.860001|22.07|21.559999|21.93|3745800|19.39954
CFG|2016-03-23|21.93|21.965|21.549999|21.690001|3020100|19.187233
CFG|2016-03-24|21.440001|21.700001|21.219999|21.59|3906500|19.098772
CFG|2016-03-28|21.67|21.73|21.27|21.389999|3613000|18.921848
CFG|2016-03-29|21.23|21.379999|20.790001|21.200001|5997200|18.753771
CFG|2016-03-30|21.209999|21.355|20.98|21.25|6099700|18.798004
CFG|2016-03-31|21.200001|21.209999|20.74|20.950001|4954800|18.532621
CFG|2016-04-01|20.92|21.379999|20.629999|21.35|4556800|18.886461
CFG|2016-04-04|21.299999|21.65|21.115|21.51|4721700|19.028
CFG|2016-04-05|21.280001|21.344999|20.690001|20.76|6993200|18.36454
CFG|2016-04-06|20.74|21.360001|20.549999|21.34|6861700|18.877615
CFG|2016-04-07|21.120001|21.25|20.530001|20.790001|6302300|18.391083
CFG|2016-04-08|20.959999|21.35|20.780001|20.870001|5449600|18.461849
CFG|2016-04-11|21.030001|21.450001|21.02|21.040001|2854300|18.612236
CFG|2016-04-12|21.16|21.545|21.139999|21.51|4149300|19.028
CFG|2016-04-13|21.75|22.74|21.66|22.6|6202600|19.992229
CFG|2016-04-14|22.58|23.280001|22.450001|22.82|5943800|20.18684
CFG|2016-04-15|22.77|22.879999|22.41|22.549999|5015500|19.948002
CFG|2016-04-18|22.4|22.77|22.25|22.719999|3604600|20.098381
CFG|2016-04-19|22.73|23.375|22.73|23.1|8795800|20.434536
CFG|2016-04-20|23.129999|23.43|22.99|23.360001|7534500|20.664534
CFG|2016-04-21|23.74|24.24|23.48|23.530001|8222300|20.814919
CFG|2016-04-22|23.620001|23.77|23.48|23.620001|5180600|20.894535
CFG|2016-04-25|23.58|23.629999|23.129999|23.379999|3325900|20.682222
CFG|2016-04-26|23.48|23.645|23.33|23.549999|4065900|20.832611
CFG|2016-04-27|23.52|23.83|23.344999|23.620001|4806500|20.894535
CFG|2016-04-28|23.4|23.65|23.135|23.24|3265900|20.558378
CFG|2016-04-29|23.08|23.26|22.709999|22.85|5315000|20.213379
CFG|2016-05-02|22.84|23.09|22.57|23.059999|3123000|20.506845
CFG|2016-05-03|22.68|22.75|22.290001|22.51|3869200|20.017736
CFG|2016-05-04|22.25|22.34|21.635|21.99|5202100|19.555311
CFG|2016-05-05|22|22.200001|21.780001|22.110001|4871200|19.662031
CFG|2016-05-06|21.91|22.219999|21.77|22.09|3713900|19.644236
CFG|2016-05-09|22.030001|22.219999|21.83|21.85|2712400|19.430811
CFG|2016-05-10|21.940001|22.52|21.82|22.360001|10159300|19.884346
CFG|2016-05-11|22.360001|22.629999|22.190001|22.200001|3672600|19.742062
CFG|2016-05-12|22.360001|22.469999|21.6|21.76|5748800|19.35078
CFG|2016-05-13|22|22.219999|21.25|21.4|6519600|19.030636
CFG|2016-05-16|21.42|21.9|21.299999|21.709999|4284700|19.306316
CFG|2016-05-17|21.59|22.09|21.459999|21.82|4167700|19.404133
CFG|2016-05-18|21.74|23.139999|21.74|23.129999|9873100|20.569094
CFG|2016-05-19|22.940001|23.485001|22.620001|22.9|4818800|20.364561
CFG|2016-05-20|22.99|23.41|22.860001|22.98|3933200|20.435699
CFG|2016-05-23|22.969999|23.110001|22.719999|22.969999|2941400|20.426811
CFG|2016-05-24|23.120001|23.57|23.030001|23.25|3165600|20.675808
CFG|2016-05-25|23.4|23.855|23.26|23.690001|6771500|21.067095
CFG|2016-05-26|23.68|23.709999|23.27|23.35|4663400|20.764742
CFG|2016-05-27|23.43|23.620001|23.26|23.59|3513500|20.978165
CFG|2016-05-31|23.76|23.809999|23.35|23.549999|6726900|20.942591
CFG|2016-06-01|23.280001|23.709999|22.959999|23.6|3952200|20.987057
CFG|2016-06-02|23.549999|23.879999|23.290001|23.83|3508100|21.191591
CFG|2016-06-03|22.83|23.23|22.52|23.139999|7799800|20.577988
CFG|2016-06-06|23.24|23.67|23.15|23.469999|5449800|20.871449
CFG|2016-06-07|23.459999|23.700001|23.32|23.48|3722500|20.880342
CFG|2016-06-08|23.49|23.690001|23.360001|23.459999|3343100|20.86256
CFG|2016-06-09|23.26|23.26|22.809999|22.879999|4449100|20.346773
CFG|2016-06-10|22.549999|22.690001|22.27|22.459999|4677600|19.973272
CFG|2016-06-13|22.309999|22.719999|22.049999|22.08|5179700|19.635347
CFG|2016-06-14|22.01|22.18|20.940001|21.309999|8924700|18.950602
CFG|2016-06-15|21.440001|21.84|21.299999|21.360001|6084900|18.995066
CFG|2016-06-16|21.16|21.190001|20.83|20.940001|4987500|18.621571
CFG|2016-06-17|21|21.235001|20.92|21.1|9968000|18.763857
CFG|2016-06-20|21.530001|21.82|21.25|21.309999|6019400|18.950602
CFG|2016-06-21|21.33|21.59|21.059999|21.549999|6220000|19.16403
CFG|2016-06-22|21.52|21.82|21.34|21.370001|4140200|19.003956
CFG|2016-06-23|21.75|22.129999|21.690001|22.120001|5342800|19.670916
CFG|2016-06-24|20.469999|20.82|19.950001|19.950001|21596300|17.741182
CFG|2016-06-27|19.559999|19.559999|18.34|18.440001|13059000|16.398363
CFG|2016-06-28|18.91|19.280001|18.615|18.969999|23334900|16.869682
CFG|2016-06-29|19.25|19.59|18.860001|19.52|8301000|17.358784
CFG|2016-06-30|19.77|20.120001|19.629999|19.98|10744100|17.767857
CFG|2016-07-01|19.879999|19.91|19.379999|19.65|5723900|17.474388
CFG|2016-07-05|19.309999|19.34|18.73|18.9|5693200|16.80743
CFG|2016-07-06|18.65|19.01|18.58|18.99|7896000|16.887466
CFG|2016-07-07|18.99|19.440001|18.99|19.42|8140400|17.269859
CFG|2016-07-08|19.790001|20.01|19.525|19.85|8867100|17.652252
CFG|2016-07-11|20.030001|20.225|19.940001|20.120001|4953400|17.892357
CFG|2016-07-12|20.450001|20.690001|20.360001|20.440001|6519500|18.176924
CFG|2016-07-13|20.370001|20.605|20.209999|20.559999|3949200|18.28364
CFG|2016-07-14|21|21.360001|20.82|20.99|4670500|18.666031
CFG|2016-07-15|21.139999|21.27|20.950001|20.98|5157300|18.657135
CFG|2016-07-18|20.940001|21.08|20.74|20.98|8284900|18.657135
CFG|2016-07-19|20.77|21.18|20.77|21.030001|5204800|18.701603
CFG|2016-07-20|21.059999|21.530001|20.84|21.32|8471000|18.959494
CFG|2016-07-21|22.26|22.5|21.514999|21.68|12955900|19.279642
CFG|2016-07-22|21.75|22|21.610001|21.799999|6390700|19.386349
CFG|2016-07-25|21.74|22.07|21.74|22.030001|5910700|19.590887
CFG|2016-07-26|21.99|22.559999|21.91|22.49|6197800|19.999954
CFG|2016-07-27|22.469999|22.75|22.25|22.58|8846600|20.07999
CFG|2016-07-28|22.549999|22.73|22.305|22.450001|6201300|19.964384
CFG|2016-07-29|22.370001|22.73|22.280001|22.33|4011700|19.85767
CFG|2016-08-01|22.25|22.525|22.120001|22.200001|4848100|19.848732
CFG|2016-08-02|22.16|22.440001|21.92|22.049999|5918500|19.714613
CFG|2016-08-03|22.07|22.48|22|22.459999|4841300|20.081192
CFG|2016-08-04|22.450001|22.725|22.450001|22.610001|5901700|20.215307
CFG|2016-08-05|22.950001|23.450001|22.860001|23.389999|7331000|20.912691
CFG|2016-08-08|23.49|23.690001|23.379999|23.450001|5396500|20.966339
CFG|2016-08-09|23.379999|23.59|23.280001|23.49|5153000|21.002102
CFG|2016-08-10|23.450001|23.530001|23.16|23.25|3478400|20.787519
CFG|2016-08-11|23.290001|23.52|23.148001|23.4|3691000|20.921633
CFG|2016-08-12|23.219999|23.290001|22.959999|23.27|3080100|20.805401
CFG|2016-08-15|23.42|23.68|23.35|23.540001|4491000|21.046806
CFG|2016-08-16|23.35|23.665001|23.320999|23.389999|4756500|20.912691
CFG|2016-08-17|23.32|23.540001|23.319|23.440001|4241700|20.957397
CFG|2016-08-18|23.459999|23.594999|23.32|23.389999|3797000|20.912691
CFG|2016-08-19|23.309999|23.620001|23.200001|23.58|2948800|21.082567
CFG|2016-08-22|23.559999|23.620001|23.370001|23.5|3139100|21.01104
CFG|2016-08-23|23.629999|23.76|23.504999|23.530001|4698200|21.037865
CFG|2016-08-24|23.58|23.75|23.43|23.49|4032600|21.002102
CFG|2016-08-25|23.469999|23.695|23.370001|23.639999|2293600|21.136211
CFG|2016-08-26|23.700001|24.16|23.639999|24.120001|6155000|21.565376
CFG|2016-08-29|24.200001|24.690001|24.18|24.459999|6644600|21.869364
CFG|2016-08-30|24.459999|24.809999|24.08|24.73|4555300|22.110767
CFG|2016-08-31|24.75|24.799999|24.424999|24.77|6701900|22.146532
CFG|2016-09-01|24.860001|24.959999|24.295|24.52|4631200|21.923014
CFG|2016-09-02|24.59|24.875|24.41|24.68|4892100|22.066063
CFG|2016-09-06|24.67|24.73|24.165001|24.299999|4998300|21.726309
CFG|2016-09-07|24.24|24.643|24.15|24.57|3645400|21.967716
CFG|2016-09-08|24.620001|24.940001|24.504999|24.92|4293800|22.280642
CFG|2016-09-09|24.73|25.07|24.700001|24.809999|7103200|22.182295
CFG|2016-09-12|24.6|25.110001|24.33|25.07|6584000|22.414757
CFG|2016-09-13|24.719999|24.790001|24.219999|24.620001|6656600|22.012417
CFG|2016-09-14|24.610001|24.82|24.35|24.4|4671200|21.815718
CFG|2016-09-15|24.309999|24.620001|24.26|24.48|5107800|21.887247
CFG|2016-09-16|24.26|24.32|23.940001|24.1|8753900|21.547495
CFG|2016-09-19|24.27|24.530001|24.110001|24.190001|4027900|21.62796
CFG|2016-09-20|24.389999|24.450001|23.975|24.17|4080300|21.610079
CFG|2016-09-21|24.35|24.535|24.08|24.309999|3832600|21.73525
CFG|2016-09-22|24.389999|24.495001|24.16|24.24|4438100|21.672663
CFG|2016-09-23|24.16|24.565001|24.110001|24.41|4935700|21.824661
CFG|2016-09-26|24.190001|24.27|23.84|23.959999|4708100|21.422323
CFG|2016-09-27|23.9|24.33|23.809999|24.309999|3868500|21.73525
CFG|2016-09-28|24.309999|24.469999|23.889999|24.41|8700300|21.824661
CFG|2016-09-29|24.469999|24.59|23.84|24.049999|5070200|21.502789
CFG|2016-09-30|24.280001|24.82|24.120001|24.709999|6661500|22.092888
CFG|2016-10-03|24.57|24.719999|24.42|24.6|3174200|21.994539
CFG|2016-10-04|24.67|25.34|24.639999|24.99|5959300|22.343233
CFG|2016-10-05|25.15|25.68|25.049999|25.57|5297800|22.861801
CFG|2016-10-06|25.59|25.790001|25.33|25.690001|3921100|22.969093
CFG|2016-10-07|25.700001|25.799999|25.219999|25.5|4944000|22.799217
CFG|2016-10-10|25.790001|25.909|25.49|25.540001|3131200|22.834978
CFG|2016-10-11|25.540001|25.76|24.83|24.959999|7271500|22.316406
CFG|2016-10-12|24.99|25.485001|24.950001|25.25|4079400|22.575689
CFG|2016-10-13|24.940001|24.955|24.219999|24.52|4791900|21.923014
CFG|2016-10-14|24.92|25.1|24.610001|24.790001|3596500|22.164413
CFG|2016-10-17|24.84|25|24.434999|24.58|3493800|21.976658
CFG|2016-10-18|24.93|24.950001|24.559999|24.85|3373900|22.218058
CFG|2016-10-19|24.93|25.405001|24.93|25.299999|3578900|22.620398
CFG|2016-10-20|25.190001|25.74|25.139999|25.549999|6624300|22.843922
CFG|2016-10-21|25.68|26.09|25.5|25.969999|4308400|23.219435
CFG|2016-10-24|26.360001|26.49|26.17|26.35|5127100|23.559189
CFG|2016-10-25|26.4|26.545|26.190001|26.459999|4255900|23.657537
CFG|2016-10-26|26.370001|26.870001|26.34|26.870001|4994900|24.024115
CFG|2016-10-27|27.059999|27.209999|26.77|26.870001|5738000|24.024115
CFG|2016-10-28|26.870001|26.889999|26.209999|26.35|7858900|23.559189
CFG|2016-10-31|26.379999|26.540001|26.25|26.34|5903400|23.657991
CFG|2016-11-01|26.52|26.85|26.34|26.84|7868800|24.107079
CFG|2016-11-02|26.629999|26.66|25.870001|26.1|7557200|23.442427
CFG|2016-11-03|26.26|26.504999|26.155001|26.27|4931000|23.595118
CFG|2016-11-04|26.26|26.76|25.975|26.41|3643500|23.720861
CFG|2016-11-07|26.940001|27.370001|26.940001|27.35|5132500|24.565147
CFG|2016-11-08|26.82|27.155001|26.459999|26.950001|5125100|24.205875
CFG|2016-11-09|27.290001|28.440001|27.200001|28.200001|12784900|25.3286
CFG|2016-11-10|28.66|30|28.66|29.6|12026100|26.586048
CFG|2016-11-11|29.42|30|29.049999|29.85|16252800|26.810593
CFG|2016-11-14|30.129999|31.01|30.084999|30.879999|14672000|27.735714
CFG|2016-11-15|30.5|31.165001|30.09|30.940001|10089900|27.789602
CFG|2016-11-16|30.35|30.790001|30.26|30.73|7471500|27.600988
CFG|2016-11-17|30.73|31.799999|30.690001|31.73|9743700|28.499166
CFG|2016-11-18|31.809999|32.134998|31.65|31.969999|8228300|28.714725
CFG|2016-11-21|32.23|32.23|31.700001|31.93|4587300|28.678801
CFG|2016-11-22|32.169998|32.259998|31.775|31.92|8293900|28.669819
CFG|2016-11-23|31.99|32.630001|31.82|32.400002|5667700|29.100946
CFG|2016-11-25|32.389999|32.459999|32.25|32.459999|1507000|29.154835
CFG|2016-11-28|32.139999|32.360001|31.690001|31.780001|5531000|28.544075
CFG|2016-11-29|31.959999|32.584999|31.860001|32.389999|5712900|29.091959
CFG|2016-11-30|33.049999|33.700001|33.049999|33.509998|7345100|30.097921
CFG|2016-12-01|33.869999|34.91|33.830002|34.380001|7613600|30.879335
CFG|2016-12-02|34.540001|34.540001|33.810001|34.150002|5881800|30.672756
CFG|2016-12-05|34.549999|34.75|33.889999|34.150002|6612000|30.672756
CFG|2016-12-06|34.610001|34.810001|34.220001|34.700001|4585300|31.166754
CFG|2016-12-07|34.73|35.080002|34.125|35.060001|6267200|31.490097
CFG|2016-12-08|35.369999|35.75|34.759998|35.540001|6598600|31.921223
CFG|2016-12-09|35.540001|35.59|34.869999|35.509998|4745900|31.894274
CFG|2016-12-12|35.080002|35.689999|34.759998|35.009998|4836100|31.445192
CFG|2016-12-13|35.150002|35.200001|34.130001|34.799999|6048200|31.256569
CFG|2016-12-14|34.43|35.810001|34.16|34.630001|7098400|31.103878
CFG|2016-12-15|35.119999|35.810001|34.580002|35.400002|6350200|31.795477
CFG|2016-12-16|35.709999|36.049999|35.119999|35.32|13133400|31.723625
CFG|2016-12-19|35.299999|35.419998|34.861|35.369999|5258300|31.768532
CFG|2016-12-20|35.720001|36.130001|35.580002|36.080002|3430700|32.406242
CFG|2016-12-21|36.049999|36.099998|35.695|36.02|2900300|32.352341
CFG|2016-12-22|36.02|36.16|35.860001|36|3788100|32.334377
CFG|2016-12-23|36.02|36.330002|35.91|36.330002|1896100|32.630779
CFG|2016-12-27|36.389999|36.560001|36.169998|36.459999|1935800|32.747543
CFG|2016-12-28|36.48|36.519001|35.880001|36|2837800|32.334377
CFG|2016-12-29|35.950001|36.02|35.235001|35.279999|3783600|31.687698
CFG|2016-12-30|35.34|35.669998|35.150002|35.630001|3394300|32.002056
CFG|2017-01-03|36.439999|37.080002|35.560001|35.860001|5045900|32.208633
CFG|2017-01-04|36.029999|36.25|35.830002|36.169998|4354900|32.487072
CFG|2017-01-05|36.02|36.255001|35.224998|35.720001|3725200|32.08289
CFG|2017-01-06|35.91|36.080002|35.709999|35.91|3623500|32.253544
CFG|2017-01-09|35.630001|35.830002|35.150002|35.68|3035600|32.046967
CFG|2017-01-10|35.880001|36.369999|35.799999|36.279999|3730400|32.585869
CFG|2017-01-11|36.169998|36.369999|35.84|36.27|4273300|32.576885
CFG|2017-01-12|36.099998|36.139999|35.165001|35.919998|3961600|32.262531
CFG|2017-01-13|36.200001|36.98|35.900002|36.290001|5200800|32.594856
CFG|2017-01-17|35.830002|35.91|33.970001|34.119999|8472300|30.645807
CFG|2017-01-18|34.360001|35.02|33.799999|34.990002|6386100|31.427223
CFG|2017-01-19|34.93|35.424999|34.41|34.73|5737300|31.193697
CFG|2017-01-20|35.560001|36.18|35.299999|35.82|8164500|32.17271
CFG|2017-01-23|35.599998|35.970001|35.380001|35.889999|4893700|32.235577
CFG|2017-01-24|35.959999|36.41|35.875|36.299999|6052500|32.603828
CFG|2017-01-25|36.759998|37.540001|36.673|37.52|5714200|33.699612
CFG|2017-01-26|37.509998|37.950001|37.209999|37.540001|4795700|33.717575
CFG|2017-01-27|37.43|37.48|36.869999|36.990002|4278600|33.223572
CFG|2017-01-30|36.540001|36.759998|35.900002|36.529999|4981900|32.81041
CFG|2017-01-31|36.330002|36.869999|35.869999|36.169998|4774900|32.612057
CFG|2017-02-01|36.540001|37.16|36.384998|36.490002|4795900|32.900585
CFG|2017-02-02|36.189999|36.220001|35.650002|36.040001|4355900|32.494854
CFG|2017-02-03|36.810001|36.904999|36.360001|36.790001|3873300|33.171066
CFG|2017-02-06|36.310001|36.919998|36.209999|36.470001|4633600|32.882534
CFG|2017-02-07|36.599998|36.810001|36.325001|36.59|3815800|32.990746
CFG|2017-02-08|36.25|36.279999|35.240002|35.349998|8451800|31.872717
CFG|2017-02-09|35.349998|36.275002|35.209999|36.240002|5731000|32.675179
CFG|2017-02-10|36.150002|36.529999|36.09|36.419998|3283800|32.83746
CFG|2017-02-13|36.810001|37.200001|36.709999|36.919998|3506200|33.288273
CFG|2017-02-14|36.919998|38.07|36.77|37.98|5148600|34.244011
CFG|2017-02-15|38.099998|38.43|37.759998|38.369999|3840400|34.59565
CFG|2017-02-16|38.110001|38.395|37.98|38.25|2756900|34.487453
CFG|2017-02-17|37.720001|37.84|37.450001|37.84|5495900|34.117783
CFG|2017-02-21|38.009998|38.23|37.615002|38.049999|4622400|34.307129
CFG|2017-02-22|37.810001|37.939999|37.509998|37.669998|5247700|33.964504
CFG|2017-02-23|37.84|37.860001|36.77|37.25|5960200|33.585823
CFG|2017-02-24|36.75|37.16|36.459999|36.650002|7559300|33.044842
CFG|2017-02-27|36.77|37.259998|36.66|37.189999|4015400|33.531715
CFG|2017-02-28|37|37.435001|36.82|37.369999|4450200|33.694016
CFG|2017-03-01|38.419998|39.75|38.34|39.59|7133700|35.695644
CFG|2017-03-02|39.68|39.740002|38.009998|38.049999|5930200|34.307129
CFG|2017-03-03|38.240002|38.529999|38.130001|38.310001|4489400|34.54155
CFG|2017-03-06|38.07|38.450001|37.75|38.27|2723000|34.505489
CFG|2017-03-07|38.220001|38.349998|37.759998|37.970001|2628300|34.234997
CFG|2017-03-08|38.57|38.639999|37.77|37.849998|3445600|34.126797
CFG|2017-03-09|37.990002|38.259998|37.540001|37.73|2948900|34.018604
CFG|2017-03-10|38.060001|38.139999|36.970001|37.639999|4473000|33.937454
CFG|2017-03-13|37.59|37.869999|37.289001|37.369999|4176300|33.694016
CFG|2017-03-14|37.200001|37.259998|36.73|37.189999|3378100|33.531715
CFG|2017-03-15|37.400002|37.630001|36.650002|36.779999|5340000|33.162052
CFG|2017-03-16|37.060001|37.310001|36.77|37.099998|3363700|33.450577
CFG|2017-03-17|37.049999|37.200001|36.419998|36.619999|13510100|33.017796
CFG|2017-03-20|36.5|36.650002|36.099998|36.23|5881900|32.666153
CFG|2017-03-21|36.52|36.610001|34.209999|34.360001|7594800|30.980101
CFG|2017-03-22|34.119999|34.900002|33.450001|34.43|7066700|31.043211
CFG|2017-03-23|34.299999|35.27|34.060001|34.57|4736700|31.169445
CFG|2017-03-24|34.790001|34.93|34.02|34.509998|4923000|31.115345
CFG|2017-03-27|33.450001|34.310001|32.990002|34.240002|5075300|30.87191
CFG|2017-03-28|34.080002|35.290001|34.049999|35.029999|4379400|31.584198
CFG|2017-03-29|35|35.18|33.860001|34.490002|11159000|31.097313
CFG|2017-03-30|34.549999|35.25|34.310001|34.880001|5519000|31.448942
CFG|2017-03-31|34.669998|35.029999|34.41|34.549999|5060900|31.151407
CFG|2017-04-03|34.639999|35|34.09|34.82|5149400|31.394852
CFG|2017-04-04|34.57|35.150002|34.400002|34.900002|4645400|31.466988
CFG|2017-04-05|35.34|35.549999|34.369999|34.380001|4949100|30.998135
CFG|2017-04-06|34.369999|35.040001|34.150002|34.919998|3104300|31.485012
CFG|2017-04-07|34.540001|34.91|34.299999|34.630001|3748100|31.223543
CFG|2017-04-10|34.619999|35.09|34.200001|34.380001|3944900|30.998135
CFG|2017-04-11|34.119999|34.380001|33.630001|34.380001|4157600|30.998135
CFG|2017-04-12|34.290001|34.34|33.5|33.73|4051800|30.412075
CFG|2017-04-13|33.560001|34.139999|33.240002|33.240002|3882500|29.970276
CFG|2017-04-17|33.279999|33.959999|33.134998|33.919998|3349500|30.583384
CFG|2017-04-18|33.639999|34.09|33.349998|33.700001|4819000|30.385023
CFG|2017-04-19|34.040001|34.487|33.889999|34.220001|7394200|30.85387
CFG|2017-04-20|34.650002|35.75|34.650002|35.27|5212300|31.800585
CFG|2017-04-21|35.279999|35.5|34.525002|34.900002|7131100|31.466988
CFG|2017-04-24|36.09|36.57|35.654999|35.849998|7965300|32.323532
CFG|2017-04-25|36.48|36.650002|36.150002|36.450001|7075100|32.864513
CFG|2017-04-26|36.34|37.099998|36.32|36.799999|5828300|33.180084
CFG|2017-04-27|36.82|36.939999|36.25|36.77|7426000|33.153034
CFG|2017-04-28|36.77|37.25|36.59|36.709999|7819500|33.098934
CFG|2017-05-01|36.990002|37.48|36.900002|37.130001|4659400|33.605793
CFG|2017-05-02|37.09|37.330002|36.529999|36.84|3858200|33.343307
CFG|2017-05-03|36.599998|37.299999|36.459999|37.209999|3536900|33.678192
CFG|2017-05-04|37.68|38.009998|37.27|37.34|3838600|33.795856
CFG|2017-05-05|37.419998|37.490002|36.830002|36.970001|3105300|33.460976
CFG|2017-05-08|37.02|37.619999|37.02|37.360001|2760600|33.813953
CFG|2017-05-09|37.41|37.689999|37.02|37.18|2615900|33.651035
CFG|2017-05-10|37.049999|37.25|36.830002|37.209999|2499400|33.678192
CFG|2017-05-11|37.040001|37.174999|36.509998|37|2632200|33.488129
CFG|2017-05-12|36.799999|36.799999|36|36.650002|3345100|33.171345
CFG|2017-05-15|36.720001|37.080002|36.630001|37.02|3529900|33.506226
CFG|2017-05-16|37.09|37.310001|36.720001|37.080002|3486200|33.560528
CFG|2017-05-17|37.080002|37.080002|34.349998|34.57|9944800|31.288771
CFG|2017-05-18|34.32|35.029999|34.32|34.459999|6107700|31.189207
CFG|2017-05-19|34.689999|35.009998|34.43|34.57|5270200|31.288771
CFG|2017-05-22|34.790001|34.959999|34.291|34.57|4214500|31.288771
CFG|2017-05-23|34.68|35.290001|34.41|35.09|4377600|31.759415
CFG|2017-05-24|35.189999|35.189999|34.450001|34.630001|4131700|31.343075
CFG|2017-05-25|34.700001|34.970001|34.450001|34.57|3954000|31.288771
CFG|2017-05-26|34.509998|34.82|34.34|34.639999|4866800|31.352123
CFG|2017-05-30|34.419998|34.509998|34.119999|34.25|6637400|30.999142
CFG|2017-05-31|34.34|34.389999|33.490002|34.099998|5854200|30.863375
CFG|2017-06-01|34.27|34.700001|33.970001|34.5|4073700|31.225414
CFG|2017-06-02|34.18|34.400002|33.759998|34.130001|5804100|30.890535
CFG|2017-06-05|34.18|34.48|33.970001|33.98|4939900|30.754765
CFG|2017-06-06|33.639999|34.080002|33.400002|33.860001|3277100|30.64616
CFG|2017-06-07|34.049999|34.709999|33.810001|34.52|3642000|31.243515
CFG|2017-06-08|34.52|36.029999|34.389999|35.619999|5832400|32.239105
CFG|2017-06-09|35.889999|36.740002|35.869999|36.34|4730700|32.89077
CFG|2017-06-12|36.349998|36.98|36.200001|36.610001|6392400|33.135139
CFG|2017-06-13|36.880001|37.18|36.709999|36.880001|3774500|33.379517
CFG|2017-06-14|36.540001|36.605|35.610001|36.580002|5384300|33.107994
CFG|2017-06-15|36.330002|36.994999|36.32|36.709999|3167800|33.225647
CFG|2017-06-16|36.75|36.779999|36.290001|36.369999|5086300|32.917923
CFG|2017-06-19|36.650002|36.990002|36.380001|36.549999|3136800|33.080841
CFG|2017-06-20|36.290001|36.490002|35.84|35.939999|3048600|32.528736
CFG|2017-06-21|36.049999|36.060001|35.150002|35.200001|3832900|31.858967
CFG|2017-06-22|35.139999|35.200001|34.535|34.98|4440900|31.659851
CFG|2017-06-23|35.139999|35.209999|34.049999|34.490002|11276100|31.21636
CFG|2017-06-26|34.599998|35|34.400002|34.66|6672300|31.37023
CFG|2017-06-27|34.919998|35.279999|34.720001|34.84|3570900|31.53314
CFG|2017-06-28|35.18|35.650002|35.099998|35.34|5225300|31.985682
CFG|2017-06-29|36.18|36.73|35.18|35.650002|5573700|32.266254
CFG|2017-06-30|35.889999|36.009998|35.290001|35.68|3281200|32.293415
CFG|2017-07-03|35.889999|36.755001|35.759998|36.540001|2328700|33.071781
CFG|2017-07-05|36.66|37.055|36.209999|36.880001|5212900|33.379517
CFG|2017-07-06|36.869999|37.25|36.529999|36.599998|4151200|33.126087
CFG|2017-07-07|36.73|37.130001|36.389999|37.07|4086600|33.551479
CFG|2017-07-10|37.07|37.25|36.709999|37.049999|4071800|33.533367
CFG|2017-07-11|37.110001|37.209999|36.560001|36.73|3533100|33.243748
CFG|2017-07-12|36.599998|36.610001|36.080002|36.52|3105300|33.053688
CFG|2017-07-13|36.639999|36.93|36.400002|36.849998|2895600|33.35236
CFG|2017-07-14|36.220001|36.459999|35.790001|36.240002|3606500|32.800259
CFG|2017-07-17|36.16|36.360001|35.880001|36.09|2914000|32.664497
CFG|2017-07-18|35.810001|35.887001|35.290001|35.59|3338400|32.211952
CFG|2017-07-19|35.779999|35.779999|34.91|35.27|3632200|31.922327
CFG|2017-07-20|35.25|35.415001|34.82|35.25|4893500|31.90423
CFG|2017-07-21|35.189999|35.900002|34.325001|34.48|6953200|31.207314
CFG|2017-07-24|34.549999|35.580002|34.5|35.450001|4736300|32.085239
CFG|2017-07-25|36.139999|36.32|35.695|35.849998|5392500|32.447277
CFG|2017-07-26|36.009998|36.029999|35|35.169998|4156400|31.831818
CFG|2017-07-27|35.25|35.509998|34.695|35.040001|5039600|31.714161
CFG|2017-07-28|35.040001|35.209999|34.75|34.939999|2786000|31.623644
CFG|2017-07-31|35|35.27|34.834999|35.080002|3430400|31.914778
CFG|2017-08-01|35.369999|35.400002|34.965|35.220001|3066300|32.042145
CFG|2017-08-02|35.189999|35.625|35.119999|35.619999|3555500|32.406052
CFG|2017-08-03|35.529999|35.654999|35.150002|35.220001|4182500|32.042145
CFG|2017-08-04|35.619999|36.299999|35.529999|35.619999|3751300|32.406052
CFG|2017-08-07|35.619999|35.720001|35.34|35.349998|4100800|32.160416
CFG|2017-08-08|35.27|36.060001|35.215|35.34|3549400|32.151314
CFG|2017-08-09|34.959999|35.09|34.700001|35.029999|2555100|31.869289
CFG|2017-08-10|34.639999|34.84|33.669998|33.709999|4239900|30.66839
CFG|2017-08-11|33.73|34.040001|33.220001|33.389999|4223700|30.37726
CFG|2017-08-14|33.91|34.619999|33.794998|34.220001|3061800|31.132372
CFG|2017-08-15|34.650002|34.91|33.970001|33.990002|3188800|30.923126
CFG|2017-08-16|34.150002|34.389999|33.799999|33.950001|2988900|30.88674
CFG|2017-08-17|33.849998|33.994999|32.77|32.810001|4202300|29.849596
CFG|2017-08-18|32.75|33.415001|32.459999|33.060001|3972300|30.07704
CFG|2017-08-21|33.060001|33.110001|32.599998|32.700001|6705200|29.749527
CFG|2017-08-22|32.959999|33.470001|32.91|33.419998|4825300|30.404558
CFG|2017-08-23|33.139999|34|33.080002|33.5|3893900|30.477337
CFG|2017-08-24|33.68|34.049999|33.540001|34|5454400|30.932226
CFG|2017-08-25|34.110001|34.369999|33.84|33.849998|2763500|30.795752
CFG|2017-08-28|33.939999|33.98|33.290001|33.470001|5160400|30.450048
CFG|2017-08-29|32.919998|33.43|32.669998|33.310001|4448500|30.304482
CFG|2017-08-30|33.34|33.799999|33.34|33.389999|3180800|30.37726
CFG|2017-08-31|33.59|33.650002|33.110001|33.130001|3633600|30.140722
CFG|2017-09-01|33.279999|33.900002|33.150002|33.610001|2883500|30.57741
CFG|2017-09-05|33.41|33.450001|32.509998|32.650002|3952300|29.704037
CFG|2017-09-06|32.889999|33.18|32.610001|32.77|3997100|29.81321
CFG|2017-09-07|32.689999|32.740002|31.51|32.080002|5217000|29.185467
CFG|2017-09-08|32.119999|33.02|32.119999|32.810001|5447300|29.849596
CFG|2017-09-11|33.240002|33.77|33.080002|33.459999|4412800|30.440945
CFG|2017-09-12|33.630001|34.75|33.610001|34.48|5623500|31.368917
CFG|2017-09-13|34.299999|34.955002|34.220001|34.689999|4051100|31.559963
CFG|2017-09-14|34.959999|35.34|34.740002|34.779999|5508000|31.64185
CFG|2017-09-15|34.689999|35.169998|34.419998|35.16|6791100|31.987562
CFG|2017-09-18|35.18|35.720001|35.130001|35.59|3552400|32.378761
CFG|2017-09-19|35.619999|36.009998|35.470001|35.82|4242300|32.588009
CFG|2017-09-20|35.849998|35.976002|35.035|35.790001|8886700|32.560719
CFG|2017-09-21|35.830002|36.384998|35.810001|36.27|4440000|32.997406
CFG|2017-09-22|36.09|36.52|36.029999|36.349998|2597000|33.070183
CFG|2017-09-25|36.32|36.66|36.060001|36.459999|3923700|33.170258
CFG|2017-09-26|36.540001|37.009998|36.360001|36.82|4179900|33.497776
CFG|2017-09-27|37.52|37.645|37.115002|37.220001|4290400|33.861691
CFG|2017-09-28|37.349998|37.43|36.779999|37.07|3760500|33.725224
CFG|2017-09-29|37.169998|38.055|37.055|37.869999|5707400|34.453037
CFG|2017-10-02|37.529999|37.700001|36.919998|37.220001|9024100|33.861691
CFG|2017-10-03|37.25|37.400002|36.740002|36.84|6926000|33.515968
CFG|2017-10-04|36.119999|36.77|36.099998|36.57|11398200|33.270332
CFG|2017-10-05|36.68|37.330002|36.470001|37.130001|4741800|33.779816
CFG|2017-10-06|37.310001|37.68|37.07|37.490002|5049600|34.107327
CFG|2017-10-09|37.599998|37.810001|37.139999|37.310001|3696900|33.943573
CFG|2017-10-10|37.34|37.860001|37.275002|37.810001|3643500|34.398457
CFG|2017-10-11|37.580002|37.740002|37.18|37.450001|4005400|34.070934
CFG|2017-10-12|37.540001|37.68|37.040001|37.16|2885500|33.807106
CFG|2017-10-13|37|37.334999|36.509998|36.98|3742600|33.643349
CFG|2017-10-16|37.040001|37.307999|36.919998|37.049999|3366100|33.707016
CFG|2017-10-17|37.240002|37.25|36.599998|36.68|3307700|33.370415
CFG|2017-10-18|36.880001|37.32|36.650002|37.18|5668700|33.825294
CFG|2017-10-19|36.799999|37.529999|36.68|37.43|4632100|34.052738
CFG|2017-10-20|38.349998|38.700001|37.740002|38.330002|6990200|34.871536
CFG|2017-10-23|38.509998|38.82|38.355|38.5|8428400|35.026192
CFG|2017-10-24|38.610001|38.939999|38.299999|38.369999|6312000|34.907925
CFG|2017-10-25|38.400002|38.540001|37.674999|38.029999|5422700|34.598602
CFG|2017-10-26|38.299999|38.990002|38.189999|38.509998|4599900|35.035294
CFG|2017-10-27|38.369999|38.540001|38.220001|38.450001|2464200|34.980705
CFG|2017-10-30|38.25|38.400002|37.893002|38.080002|3720600|34.644093
CFG|2017-10-31|37.970001|38.345001|37.91|38.009998|3200500|34.744637
CFG|2017-11-01|38.209999|38.98|38.119999|38.369999|5282100|35.073715
CFG|2017-11-02|38.259998|38.875|37.900002|38.740002|3353100|35.41193
CFG|2017-11-03|38.68|39.099998|38.529999|38.82|2949500|35.48505
CFG|2017-11-06|38.689999|38.900002|38.48|38.720001|2233700|35.393646
CFG|2017-11-07|38.799999|38.990002|37.549999|37.669998|4868900|34.433849
CFG|2017-11-08|37.450001|37.57|36.98|37.310001|5045800|34.104778
CFG|2017-11-09|36.970001|37.32|36.459999|36.810001|4777100|33.647736
CFG|2017-11-10|36.849998|37.082001|36.619999|36.68|3615000|33.528896
CFG|2017-11-13|36.470001|37.279999|36.25|37.200001|4689000|34.004227
CFG|2017-11-14|37.02|38.139999|36.919998|38.07|4903500|34.799488
CFG|2017-11-15|37.68|38.349998|37.400002|38.139999|4191000|34.863472
CFG|2017-11-16|38.5|38.740002|37.91|37.919998|3584300|34.662373
CFG|2017-11-17|37.650002|38.369999|37.57|38.169998|2096800|34.890892
CFG|2017-11-20|38.310001|38.490002|38.099998|38.25|4023700|34.964027
CFG|2017-11-21|38.369999|38.369999|37.790001|37.900002|4695300|34.644093
CFG|2017-11-22|38|38.244999|37.799999|37.830002|2848200|34.580105
CFG|2017-11-24|38.02|38.09|37.615002|37.75|807200|34.506977
CFG|2017-11-27|37.740002|37.869999|37.465|37.630001|2299800|34.397293
CFG|2017-11-28|37.75|38.84|37.715|38.779999|5322100|35.44849
CFG|2017-11-29|39.25|41.080002|39.110001|40.669998|8737000|37.176125
CFG|2017-11-30|41.080002|41.77|40.66|40.700001|13191000|37.203548
CFG|2017-12-01|40.900002|41.189999|39.419998|40.689999|6694600|37.194405
CFG|2017-12-04|41.490002|42.52|41.32|41.849998|6494500|38.254753
CFG|2017-12-05|41.830002|42.09|40.740002|40.889999|6205600|37.377224
CFG|2017-12-06|40.669998|40.91|40.240002|40.630001|4265200|37.139561
CFG|2017-12-07|40.41|41.439999|40.27|41.43|4692200|37.870834
CFG|2017-12-08|41.639999|41.799999|41.18|41.740002|3200200|38.154205
CFG|2017-12-11|41.700001|41.919998|41.16|41.419998|3258300|37.861694
CFG|2017-12-12|41.66|42.205002|41.419998|41.919998|4219300|38.318741
CFG|2017-12-13|41.900002|42.34|41.310001|41.34|3995200|37.788563
CFG|2017-12-14|41.580002|41.740002|40.700001|40.869999|3637700|37.358944
CFG|2017-12-15|41.290001|42.189999|41.02|41.700001|9186200|38.117641
CFG|2017-12-18|42.040001|42.720001|41.73|42.029999|4445900|38.419292
CFG|2017-12-19|42.560001|42.834999|42.060001|42.080002|5364800|38.464996
CFG|2017-12-20|42.580002|42.669998|41.75|41.93|2521100|38.327881
CFG|2017-12-21|42.389999|42.93|42.195|42.599998|4102100|38.940315
CFG|2017-12-22|42.849998|42.91|42.209999|42.630001|3620200|38.967747
CFG|2017-12-26|42.630001|42.919998|42.34|42.52|2408400|38.867199
CFG|2017-12-27|42.450001|42.52|42.150002|42.360001|2345900|38.72094
CFG|2017-12-28|42.43|42.459999|42.099998|42.439999|1459900|38.794064
CFG|2017-12-29|42.439999|42.66|41.950001|41.98|2644600|38.373581
CFG|2018-01-02|42.349998|42.68|42.02|42.68|5073100|39.013447
CFG|2018-01-03|42.57|43.290001|42.439999|43.169998|6281200|39.461357
CFG|2018-01-04|43.580002|44.330002|43.389999|43.68|6740100|39.927547
CFG|2018-01-05|43.889999|44.240002|43.650002|43.880001|7315600|40.110363
CFG|2018-01-08|43.799999|44.27|43.630001|44.060001|4725700|40.274899
CFG|2018-01-09|44.169998|44.849998|44.009998|44.189999|5434900|40.39373
CFG|2018-01-10|44.34|45.459999|44.279999|44.900002|2914700|41.042732
CFG|2018-01-11|45.060001|45.305|44.630001|45.299999|3292500|41.408371
CFG|2018-01-12|45.610001|45.790001|45.290001|45.52|2267300|41.609474
CFG|2018-01-16|45.790001|45.93|44.945|45.25|2981700|41.362667
CFG|2018-01-17|45.52|46.009998|44.830002|45.84|3730300|41.901989
CFG|2018-01-18|45.950001|46.125|45.220001|45.759998|6065000|41.82885
CFG|2018-01-19|46.139999|47.32|45.639999|46.82|7826200|42.797787
CFG|2018-01-22|47.240002|47.869999|47.009998|47.810001|4196100|43.702747
CFG|2018-01-23|47.689999|48.139999|47.299999|47.869999|3885900|43.757587
CFG|2018-01-24|48.07|48.23|47.119999|47.380001|7287100|43.309685
CFG|2018-01-25|47.599998|47.641998|46.34|46.669998|5613200|42.660671
CFG|2018-01-26|46.799999|47.014999|46.41|46.950001|3979400|42.916626
CFG|2018-01-29|46.830002|47.169998|46.66|46.75|4266900|42.73381
CFG|2018-01-30|46.41|46.950001|46.154999|46.169998|3727500|42.203632
CFG|2018-01-31|46.049999|46.689999|45.779999|45.900002|4150500|42.157711
CFG|2018-02-01|45.91|46.849998|45.759998|46.810001|6742900|42.993515
CFG|2018-02-02|46.650002|47.060001|45.764999|46.02|6066600|42.267925
CFG|2018-02-05|45.080002|46.244999|43.57|43.68|5846100|40.118706
CFG|2018-02-06|42.5|45.080002|41.48|44.599998|8299800|40.963696
CFG|2018-02-07|44.330002|45.389999|43.700001|44.84|6545800|41.184135
CFG|2018-02-08|44.889999|45.02|42.169998|42.189999|4709300|38.750191
CFG|2018-02-09|42.939999|43.48|41.490002|43.049999|6874600|39.54007
CFG|2018-02-12|43.509998|44.52|43.150002|43.959999|4381000|40.375881
CFG|2018-02-13|43.529999|44.419998|43.389999|44.389999|3437700|40.770824
CFG|2018-02-14|44.009998|45.889999|44.009998|45.849998|6307600|42.111786
CFG|2018-02-15|46.330002|46.639999|45.599998|46.02|3042700|42.267925
CFG|2018-02-16|45.73|46.560001|45.73|45.93|2791500|42.185261
CFG|2018-02-20|45.889999|46.610001|45.689999|46.09|4780700|42.332214
CFG|2018-02-21|45.98|46.959999|45.759998|46.299999|4491000|42.525101
CFG|2018-02-22|46.529999|46.790001|45.369999|45.450001|2471100|41.7444
CFG|2018-02-23|45.709999|46.439999|45.66|46.43|2388600|42.644497
CFG|2018-02-26|46.525002|46.619999|43.82|44.540001|14458500|40.908596
CFG|2018-02-27|44.52|45.459999|43.75|43.75|13968100|40.182999
CFG|2018-02-28|44.169998|44.700001|43.470001|43.490002|8098700|39.944199
CFG|2018-03-01|43.540001|44.529999|43.209999|43.529999|7400900|39.980938
CFG|2018-03-02|43.139999|44.275002|42.580002|44.18|5850800|40.577942
CFG|2018-03-05|43.73|45.080002|43.380001|44.860001|5293300|41.202511
CFG|2018-03-06|45.16|45.509998|44.439999|45.32|3843500|41.624996
CFG|2018-03-07|44.759998|45.560001|44.599998|45.439999|3468200|41.735214
CFG|2018-03-08|45.68|45.900002|44.560001|45.220001|3957400|41.53315
CFG|2018-03-09|45.580002|46.314999|45.330002|46.259998|4264300|42.488354
CFG|2018-03-12|46.299999|46.66|46.110001|46.150002|3581800|42.387325
CFG|2018-03-13|46.470001|46.549999|45.625|45.73|3044800|42.001572
CFG|2018-03-14|45.860001|45.91|44.990002|45.130001|5014600|41.450481
CFG|2018-03-15|45.369999|45.459999|44.759998|44.959999|3121300|41.29435
CFG|2018-03-16|45.080002|45.650002|44.849998|44.869999|6372100|41.211685
CFG|2018-03-19|44.860001|45.060001|44.27|44.91|3169200|41.248425
CFG|2018-03-20|45.189999|45.419998|44.689999|44.77|2063900|41.119843
CFG|2018-03-21|44.77|45.560001|44.529999|44.919998|3601000|41.257607
CFG|2018-03-22|44.290001|44.529999|42.865002|42.950001|5413800|39.448227
CFG|2018-03-23|43.099998|43.099998|41.185001|41.27|5167300|37.905197
CFG|2018-03-26|42.029999|43.224998|41.709999|43.119999|6224800|39.604362
CFG|2018-03-27|43.25|43.419998|41.200001|41.59|5434300|38.199104
CFG|2018-03-28|41.799999|41.970001|40.799999|41.549999|5276000|38.162369
CFG|2018-03-29|41.82|42.169998|41.419998|41.98|6672900|38.557312
CFG|2018-04-02|41.939999|42|40.450001|41.099998|4659700|37.749058
CFG|2018-04-03|41.25|41.966|41.075001|41.810001|3581100|38.401169
CFG|2018-04-04|41.25|42.869999|41.07|42.77|4959200|39.282898
CFG|2018-04-05|43.060001|43.360001|42.490002|43.02|5229400|39.512516
CFG|2018-04-06|42.330002|42.485001|40.98|41.48|5383200|38.098076
CFG|2018-04-09|41.709999|42.75|41.665001|41.740002|4324100|38.336876
CFG|2018-04-10|42.5|42.93|42.18|42.700001|3645700|39.218613
CFG|2018-04-11|42.25|42.509998|42.049999|42.18|3161900|38.741001
CFG|2018-04-12|42.630001|43.494999|42.59|43.240002|3777700|39.714577
CFG|2018-04-13|43.52|43.619999|42.029999|42.279999|3787200|38.832851
CFG|2018-04-16|42.700001|42.93|41.959999|42.369999|2919100|38.915516
CFG|2018-04-17|42.630001|42.755001|40.82|41.290001|7108300|37.923569
CFG|2018-04-18|41.380001|41.825001|40.700001|41.029999|6786900|37.684769
CFG|2018-04-19|41.139999|41.985001|41.07|41.860001|5860700|38.447098
CFG|2018-04-20|42|42.509998|41.52|41.98|5391500|38.557312
CFG|2018-04-23|42.560001|43.009998|42.299999|42.509998|5521100|39.044098
CFG|2018-04-24|42.889999|43.509998|41.700001|42.27|5980600|38.823662
CFG|2018-04-25|42.139999|42.810001|41.619999|42.52|3772900|39.053288
CFG|2018-04-26|42.439999|42.610001|41.939999|41.98|3832100|38.557312
CFG|2018-04-27|41.950001|42.490002|41.830002|42.470001|3442000|39.007362
CFG|2018-04-30|42.630001|42.82|41.490002|41.490002|2836100|38.107262
CFG|2018-05-01|41.099998|41.34|40.330002|40.950001|7339300|37.811783
CFG|2018-05-02|40.959999|41.869999|40.904999|41.009998|5698600|37.867188
CFG|2018-05-03|40.669998|40.990002|39.98|40.41|4179900|37.313164
CFG|2018-05-04|40.169998|41.349998|39.91|41.029999|2738900|37.885654
CFG|2018-05-07|41.119999|41.369999|40.700001|41.07|2592900|37.922585
CFG|2018-05-08|41.16|41.900002|40.924999|41.32|3656400|38.153427
CFG|2018-05-09|41.560001|42.34|41.41|42.169998|3177000|38.938286
CFG|2018-05-10|42.169998|42.580002|41.715|42.360001|2610300|39.113728
CFG|2018-05-11|42.470001|42.599998|42.189999|42.400002|2430200|39.150669
CFG|2018-05-14|42.619999|42.650002|42.16|42.34|2365800|39.095264
CFG|2018-05-15|42.279999|43.119999|42.25|42.720001|3501100|39.44614
CFG|2018-05-16|42.52|42.849998|42.294998|42.540001|2906000|39.279934
CFG|2018-05-17|42.41|42.720001|42.080002|42.5|3580400|39.243
CFG|2018-05-18|42.32|42.470001|41.560001|41.560001|3456700|38.375038
CFG|2018-05-21|41.77|42.215|41.599998|41.889999|3850000|38.679749
CFG|2018-05-22|41.990002|42.580002|41.98|42.189999|3424500|38.956757
CFG|2018-05-23|42.02|42.240002|41.490002|41.790001|6262900|38.587418
CFG|2018-05-24|41.59|41.700001|40.66|41.540001|4452900|38.356571
CFG|2018-05-25|41.299999|41.595001|41.040001|41.509998|3597000|38.328865
CFG|2018-05-29|40.990002|41.029999|39.07|39.41|6899700|36.389801
CFG|2018-05-30|40.25|40.630001|39.91|40.439999|4363100|37.340866
CFG|2018-05-31|40.700001|41|40.220001|40.849998|9028500|37.719448
CFG|2018-06-01|41.459999|42.060001|41.360001|41.630001|4173900|38.439671
CFG|2018-06-04|41.759998|42.040001|41.669998|41.91|4778300|38.698219
CFG|2018-06-05|41.779999|41.98|41.060001|41.490002|4022300|38.310406
CFG|2018-06-06|41.599998|42.509998|41.599998|42.380001|3702100|39.132198
CFG|2018-06-07|42.549999|42.720001|41.82|41.91|4811000|38.698219
CFG|2018-06-08|41.77|42.040001|41.57|41.98|4135600|38.762852
CFG|2018-06-11|42.23|42.57|41.740002|41.849998|4652600|38.642815
CFG|2018-06-12|41.970001|42.529999|41.845001|42.209999|5631800|38.975227
CFG|2018-06-13|42.330002|42.865002|41.790001|41.84|5709200|38.633579
CFG|2018-06-14|42.09|42.18|40.98|41.400002|5402900|38.227303
CFG|2018-06-15|41.330002|41.82|40.5|41.700001|8035200|38.504307
CFG|2018-06-18|41.34|42.099998|41.068001|41.849998|4824900|38.642815
CFG|2018-06-19|41.34|41.880001|41.169998|41.75|4108500|38.550472
CFG|2018-06-20|42.099998|42.23|41.689999|41.889999|4323300|38.679749
CFG|2018-06-21|41.689999|42.189999|41.23|41.93|2774700|38.716679
CFG|2018-06-22|41.919998|42.200001|41.099998|41.18|5378200|38.024162
CFG|2018-06-25|41.029999|41.080002|40.259998|40.849998|7724400|37.719448
CFG|2018-06-26|40.880001|40.990002|39.919998|40.139999|6471400|37.063858
CFG|2018-06-27|40.02|40.59|39.48|39.560001|4854500|36.528305
CFG|2018-06-28|39.68|39.900002|39.299999|39.509998|3799000|36.482136
CFG|2018-06-29|39.849998|40.25|38.84|38.900002|6868700|35.918892
CFG|2018-07-02|38.700001|39.41|38.650002|39.380001|4336700|36.362103
CFG|2018-07-03|39.389999|39.700001|38.93|38.959999|1695600|35.974289
CFG|2018-07-05|39.27|39.509998|38.959999|39.18|4981500|36.177422
CFG|2018-07-06|38.970001|39.529999|38.709999|39.349998|3668900|36.334396
CFG|2018-07-09|39.540001|40.665001|39.439999|40.5|4627600|37.396271
CFG|2018-07-10|40.599998|40.825001|39.794998|40.040001|2984200|36.971527
CFG|2018-07-11|39.799999|40.279999|39.709999|39.790001|3094700|36.740685
CFG|2018-07-12|40.130001|40.150002|39.400002|39.57|5139000|36.537544
CFG|2018-07-13|39.400002|39.720001|38.950001|39.360001|4342600|36.343636
CFG|2018-07-16|39.610001|40.240002|39.52|39.98|4278700|36.916115
CFG|2018-07-17|39.98|40.41|39.91|40.040001|3965700|36.971527
CFG|2018-07-18|40.07|41.07|40.07|41.040001|4275100|37.89489
CFG|2018-07-19|40.939999|40.990002|40.200001|40.66|5817900|37.544014
CFG|2018-07-20|41.099998|41.220001|39.759998|40.200001|5895200|37.119259
CFG|2018-07-23|40.110001|40.77|40.110001|40.529999|5402100|37.423969
CFG|2018-07-24|40.619999|40.66|39.869999|40.040001|7864700|36.971527
CFG|2018-07-25|39.970001|40.139999|39.529999|39.919998|4645600|36.860722
CFG|2018-07-26|40|40.57|39.904999|39.959999|4712600|36.897648
CFG|2018-07-27|40.110001|40.57|39.799999|40.099998|4102700|37.02692
CFG|2018-07-30|40.240002|40.330002|39.986|40.07|4518000|36.999218
CFG|2018-07-31|40.02|40.07|39.41|39.779999|3591900|36.980633
CFG|2018-08-01|40.029999|40.415001|39.830002|39.919998|4074200|37.110779
CFG|2018-08-02|39.52|40.415001|39.419998|40.290001|3448000|37.454739
CFG|2018-08-03|40.119999|40.470001|40.099998|40.419998|4112000|37.575592
CFG|2018-08-06|40.400002|40.400002|39.849998|40.130001|3613400|37.306004
CFG|2018-08-07|40.220001|40.77|40.200001|40.41|3367100|37.566296
CFG|2018-08-08|40.389999|41.119999|40.360001|41.009998|2952000|38.124077
CFG|2018-08-09|40.93|41.099998|40.564999|40.59|2686500|37.733631
CFG|2018-08-10|40.02|40.439999|39.799999|40.27|2143300|37.436153
CFG|2018-08-13|40.27|40.560001|39.82|39.84|2496400|37.036411
CFG|2018-08-14|39.950001|40.595001|39.875999|40.400002|3017300|37.556999
CFG|2018-08-15|40.060001|40.25|39.619999|39.75|4199100|36.952744
CFG|2018-08-16|40.02|40.610001|40|40.459999|3501800|37.612782
CFG|2018-08-17|40.389999|40.764999|40.27|40.689999|2269400|37.826595
CFG|2018-08-20|40.630001|40.869999|40.560001|40.849998|2091200|37.97533
CFG|2018-08-21|40.869999|41.57|40.830002|41.27|3270300|38.36578
CFG|2018-08-22|41.080002|41.310001|40.91|41.25|2521100|38.347183
CFG|2018-08-23|41.23|41.310001|40.799999|41.040001|2713200|38.151966
CFG|2018-08-24|41.209999|41.330002|40.889999|40.950001|3289800|38.068295
CFG|2018-08-27|41.049999|41.73|41.049999|41.43|2517400|38.514519
CFG|2018-08-28|41.59|41.759998|41.279999|41.5|3138600|38.579594
CFG|2018-08-29|41.59|41.59|40.950001|41.130001|3487300|38.235634
CFG|2018-08-30|41.150002|41.209999|40.810001|40.919998|3080600|38.040405
CFG|2018-08-31|40.799999|41.279999|40.549999|41.16|2660300|38.263519
CFG|2018-09-04|41.25|41.419998|40.880001|41.23|2875400|38.32859
CFG|2018-09-05|41.23|41.669998|41.139999|41.48|3801800|38.560997
CFG|2018-09-06|41.52|41.669998|41.073002|41.189999|2612200|38.291409
CFG|2018-09-07|41.360001|41.360001|40.794998|41.009998|3539000|38.124077
CFG|2018-09-10|41.130001|41.139999|40.674999|40.759998|1942700|37.89167
CFG|2018-09-11|40.740002|41.27|40.669998|41.029999|4948000|38.142666
CFG|2018-09-12|40.990002|41.259998|40.209999|40.360001|4408000|37.519821
CFG|2018-09-13|40.5|40.560001|39.610001|39.77|5480300|36.971336
CFG|2018-09-14|39.860001|40.490002|39.73|40.139999|3618400|37.315296
CFG|2018-09-17|40.25|40.25|39.84|39.889999|2464000|37.08289
CFG|2018-09-18|39.950001|40.125|39.645|39.810001|3395000|37.008526
CFG|2018-09-19|39.869999|40.599998|39.77|40.419998|3341700|37.575592
CFG|2018-09-20|40.66|41.169998|40.580002|41.029999|3011900|38.142666
CFG|2018-09-21|41.130001|41.169998|40.810001|40.98|5111500|38.09618
CFG|2018-09-24|40.869999|41.130001|40.290001|40.41|3091100|37.566296
CFG|2018-09-25|40.580002|40.619999|40.119999|40.139999|2652000|37.315296
CFG|2018-09-26|40.349998|40.349998|39.349998|39.41|3972100|36.636665
CFG|2018-09-27|39.43|39.52|38.84|38.93|3575800|36.190453
CFG|2018-09-28|38.669998|39.02|38.470001|38.57|4718800|35.855782
CFG|2018-10-01|38.799999|39.02|38.169998|38.360001|3385900|35.660557
CFG|2018-10-02|38.240002|38.52|37.970001|38.07|4212200|35.390968
CFG|2018-10-03|38.400002|39.09|38.134998|38.830002|4659200|36.097485
CFG|2018-10-04|38.860001|39.689999|38.82|39.099998|4085100|36.34848
CFG|2018-10-05|39.27|39.450001|38.564999|38.779999|2960900|36.051003
CFG|2018-10-08|38.700001|39.380001|38.57|39.23|2324800|36.469337
CFG|2018-10-09|39.099998|39.355|38.84|38.970001|3448200|36.227631
CFG|2018-10-10|39.099998|39.41|38.139999|38.16|5224400|35.474628
CFG|2018-10-11|37.98|38.150002|36.855|36.990002|7640100|34.386963
CFG|2018-10-12|37.990002|37.990002|35.25|36.110001|7469600|33.56889
CFG|2018-10-15|36.09|36.360001|35.654999|35.849998|5712800|33.327194
CFG|2018-10-16|36.02|36.060001|35.049999|35.709999|7528100|33.197044
CFG|2018-10-17|35.669998|36.369999|35.200001|35.889999|6389600|33.364376
CFG|2018-10-18|35.709999|35.950001|34.875|34.919998|7503600|32.462631
CFG|2018-10-19|35.66|36.889999|35.41|36.369999|6619800|33.8106
CFG|2018-10-22|37.099998|37.290001|35.650002|35.77|9609200|33.252819
CFG|2018-10-23|35.34|36.509998|35.150002|36.240002|8937100|33.689747
CFG|2018-10-24|36.09|36.220001|34.959999|35.029999|7255900|32.564892
CFG|2018-10-25|35.25|36.269001|35.25|35.889999|5659600|33.364376
CFG|2018-10-26|35.57|36.110001|35.290001|35.860001|5802100|33.336487
CFG|2018-10-29|36.400002|36.740002|35.77|36.16|5345000|33.615372
CFG|2018-10-30|36.139999|36.389999|35.549999|36.330002|5997700|34.027489
CFG|2018-10-31|36.75|37.919998|36.73|37.349998|6488600|34.982841
CFG|2018-11-01|37.599998|37.889999|37.209999|37.41|5536900|35.039043
CFG|2018-11-02|37.790001|38.169998|37.110001|37.52|4679700|35.142067
CFG|2018-11-05|37.439999|37.880001|37.290001|37.73|2738500|35.33876
CFG|2018-11-06|37.549999|37.98|37.380001|37.73|6468300|35.33876
CFG|2018-11-07|37.91|38.25|37.255001|38.139999|2674300|35.722771
CFG|2018-11-08|38.029999|38.639999|37.75|38.299999|3891100|35.872635
CFG|2018-11-09|38.16|38.560001|37.84|38.060001|3382200|35.647846
CFG|2018-11-12|38|38.290001|37.560001|37.619999|4984600|35.235729
CFG|2018-11-13|37.619999|38.209999|37.580002|37.689999|3582000|35.301292
CFG|2018-11-14|37.82|37.919998|35.91|36.209999|8901600|33.915096
CFG|2018-11-15|35.900002|36.580002|35.509998|36.580002|6490600|34.26165
CFG|2018-11-16|36.310001|36.529999|36.09|36.259998|5821400|33.961922
CFG|2018-11-19|36.27|36.59|35.514999|35.950001|5897200|33.671574
CFG|2018-11-20|35.650002|35.84|35.080002|35.23|5510600|32.9972
CFG|2018-11-21|35.490002|35.959999|34.82|35.5|3497100|33.250092
CFG|2018-11-23|35.18|35.529999|35.02|35.189999|1597600|32.959736
CFG|2018-11-26|35.709999|36.490002|35.650002|36.060001|7782700|33.774601
CFG|2018-11-27|36.060001|36.5|35.790001|36.049999|4302000|33.765232
CFG|2018-11-28|36.040001|36.560001|35.5|36.43|4260600|34.121151
CFG|2018-11-29|36.080002|36.380001|35.875|36.029999|4320000|33.746502
CFG|2018-11-30|36.040001|36.669998|35.830002|36.360001|5518300|34.055584
CFG|2018-12-03|36.900002|37.110001|36.189999|36.549999|5414900|34.23354
CFG|2018-12-04|36.240002|36.439999|34.07|34.439999|7394400|32.257275
CFG|2018-12-06|33.869999|34.25|33|33.779999|7859600|31.639099
CFG|2018-12-07|33.66|34.029999|32.794998|33.009998|5178500|30.917902
CFG|2018-12-10|32.82|32.860001|31.549999|32.049999|7212700|30.018745
CFG|2018-12-11|32.389999|32.82|31.525|31.68|6133100|29.672195
CFG|2018-12-12|32.130001|32.299999|31.57|31.629999|5630600|29.625362
CFG|2018-12-13|31.639999|31.75|30.75|30.879999|6163400|28.922892
CFG|2018-12-14|30.52|31.15|30.07|30.26|5923700|28.342192
CFG|2018-12-17|30|30.719999|29.791|30.08|6460200|28.173599
CFG|2018-12-18|30.27|30.639999|29.67|29.809999|7932100|27.920708
CFG|2018-12-19|29.690001|30.280001|28.799999|29|6759000|27.162048
CFG|2018-12-20|28.84|29.299999|28.475|28.85|6704600|27.021553
CFG|2018-12-21|28.860001|29.370001|28.360001|28.52|10894100|26.712471
CFG|2018-12-24|28.26|28.51|27.754999|27.940001|4308800|26.169226
CFG|2018-12-26|28.110001|29.559999|27.620001|29.49|6940500|27.620991
CFG|2018-12-27|29.049999|29.59|28.49|29.58|6005900|27.705286
CFG|2018-12-28|29.68|30.040001|29.290001|29.57|5821500|27.695923
CFG|2018-12-31|29.629999|30.07|29.27|29.73|5720200|27.845779
CFG|2019-01-02|29.43|30.57|29.264999|30.51|4878800|28.576345
CFG|2019-01-03|30.43|30.91|30.110001|30.370001|4573600|28.445221
CFG|2019-01-04|30.99|31.74|30.889999|31.620001|4521400|29.615997
CFG|2019-01-07|31.639999|32.380001|31.35|32.009998|7387000|29.981277
CFG|2019-01-08|32.09|32.380001|31.459999|32.009998|4106100|29.981277
CFG|2019-01-09|32.400002|32.52|31.879999|32.43|4651200|30.374662
CFG|2019-01-10|32.400002|32.591|31.815001|32.240002|6308800|30.196703
CFG|2019-01-11|32.009998|32.869999|31.959999|32.630001|6311800|30.561983
CFG|2019-01-14|32.32|33.325001|32.220001|33.060001|6985400|30.964733
CFG|2019-01-15|32.98|33.139999|32.450001|33.099998|4303300|31.002195
CFG|2019-01-16|33.529999|34.130001|33.290001|33.950001|4819100|31.798325
CFG|2019-01-17|33.790001|34.110001|33.27|33.900002|7548800|31.751495
CFG|2019-01-18|34.200001|35.48|33.990002|35.43|9676300|33.184528
CFG|2019-01-22|35.290001|35.57|34.849998|35.18|6488900|32.950371
CFG|2019-01-23|35.450001|35.59|34.634998|34.950001|5164000|32.734951
CFG|2019-01-24|34.849998|35.279999|34.799999|35.150002|3912900|32.922279
CFG|2019-01-25|35.459999|35.77|35.16|35.439999|3418900|33.193897
CFG|2019-01-28|35.200001|35.540001|35.07|35.34|3565600|33.100235
CFG|2019-01-29|35.07|35.369999|35.02|35.049999|3907300|32.828606
CFG|2019-01-30|34.869999|35.119999|34.490002|34.57|3849200|32.677372
CFG|2019-01-31|34.259998|34.450001|33.369999|33.919998|6826200|32.06295
CFG|2019-02-01|34.080002|34.439999|33.900002|34.189999|7465200|32.318172
CFG|2019-02-04|34.25|34.48|34.02|34.450001|3595800|32.563942
CFG|2019-02-05|34.459999|34.599998|34.169998|34.380001|3200300|32.497772
CFG|2019-02-06|34.25|34.665001|34.25|34.52|3488200|32.630108
CFG|2019-02-07|35.02|36.02|35.009998|35.580002|9760600|33.632072
CFG|2019-02-08|35.34|35.68|34.82|35.32|4829200|33.386311
CFG|2019-02-11|35.529999|35.59|35.290001|35.450001|3125800|33.509193
CFG|2019-02-12|35.799999|36.150002|35.720001|36.02|4723200|34.047985
CFG|2019-02-13|36.009998|36.490002|35.924999|36.310001|5670300|34.322109
CFG|2019-02-14|35.959999|36.259998|35.555|35.900002|6129900|33.934555
CFG|2019-02-15|36.27|36.740002|36.150002|36.700001|3192800|34.690758
CFG|2019-02-19|36.549999|37.150002|36.349998|37.080002|4750600|35.049957
CFG|2019-02-20|37.009998|37.700001|36.764999|37.66|4372700|35.598198
CFG|2019-02-21|37.700001|37.73|37|37.23|4322600|35.191742
CFG|2019-02-22|37.279999|37.360001|36.849998|37.23|4017500|35.191742
CFG|2019-02-25|37.599998|37.68|37.040001|37.040001|3694900|35.012146
CFG|2019-02-26|36.830002|37.169998|36.57|36.689999|3734400|34.681305
CFG|2019-02-27|36.799999|37.09|36.529999|37.029999|2860700|35.002693
CFG|2019-02-28|37.150002|37.169998|36.84|36.939999|3530300|34.917618
CFG|2019-03-01|37.220001|37.580002|36.779999|37|3403000|34.974335
CFG|2019-03-04|37.060001|37.5|36.509998|36.849998|3610000|34.832546
CFG|2019-03-05|36.779999|36.839001|36.02|36.540001|3525600|34.53952
CFG|2019-03-06|36.439999|36.521|35.689999|35.73|3178900|33.773865
CFG|2019-03-07|35.439999|35.490002|34.834999|34.919998|4455500|33.008205
CFG|2019-03-08|34.529999|34.91|34.419998|34.759998|4147200|32.856968
CFG|2019-03-11|34.939999|35.185001|34.650002|35.099998|2968700|33.178356
CFG|2019-03-12|35.240002|35.41|34.895|35.060001|3449300|33.140545
CFG|2019-03-13|35.310001|35.665001|35.02|35.5|3441600|33.556454
CFG|2019-03-14|35.549999|35.880001|35.435001|35.740002|3821000|33.783318
CFG|2019-03-15|35.68|36.02|35.575001|35.869999|4576400|33.906197
CFG|2019-03-18|36.02|36.529999|36|36.400002|3817700|34.407185
CFG|2019-03-19|36.77|36.779999|35.700001|35.740002|3404900|33.783318
CFG|2019-03-20|35.619999|35.785|34.25|34.259998|6006200|32.384338
CFG|2019-03-21|34.060001|34.060001|33.209999|33.279999|6460800|31.457996
CFG|2019-03-22|33.049999|33.049999|31.309999|31.77|7395300|30.030664
CFG|2019-03-25|31.82|32.18|31.295|31.610001|6415800|29.879423
CFG|2019-03-26|31.92|32.330002|31.66|32.220001|8749300|30.456028
CFG|2019-03-27|32.07|32.220001|31.635|31.99|5497000|30.238619
CFG|2019-03-28|32.099998|32.459999|31.870001|32.43|4110400|30.654531
CFG|2019-03-29|32.759998|32.830002|32.375|32.5|3938000|30.720697
CFG|2019-04-01|32.82|33.845001|32.799999|33.75|4949000|31.902266
CFG|2019-04-02|33.740002|34.330002|33.5|34.009998|4505300|32.148029
CFG|2019-04-03|34.540001|34.84|33.990002|34.150002|4978400|32.280365
CFG|2019-04-04|34.02|34.985001|34.02|34.700001|4362700|32.800251
CFG|2019-04-05|34.68|34.939999|34.23|34.580002|3839700|32.686821
CFG|2019-04-08|34.419998|34.860001|34.349998|34.669998|2533000|32.771896
CFG|2019-04-09|34.389999|34.580002|33.775002|33.959999|4010900|32.100765
CFG|2019-04-10|34.130001|34.279999|33.584999|34.110001|5313400|32.242558
CFG|2019-04-11|34.299999|34.720001|34.009998|34.360001|5809500|32.478863
CFG|2019-04-12|35.040001|35.360001|34.209999|35.060001|4808900|33.140545
CFG|2019-04-15|35.060001|35.18|34.325001|34.450001|3685600|32.563942
CFG|2019-04-16|34.580002|34.919998|33.875|34.900002|5238700|32.989304
CFG|2019-04-17|34.860001|35.099998|34.57|35|6190200|33.083832
CFG|2019-04-18|35.189999|35.889999|34.93|35.360001|7898300|33.424118
CFG|2019-04-22|35.48|35.875|35.060001|35.700001|7448900|33.745506
CFG|2019-04-23|35.57|36.209999|35.41|36.099998|5423900|34.123608
CFG|2019-04-24|35.939999|36.029999|35.525002|35.810001|3669400|33.849483
CFG|2019-04-25|35.560001|36.029999|35.290001|35.720001|2680600|33.764408
CFG|2019-04-26|35.759998|36.18|35.52|35.970001|3017600|34.000721
CFG|2019-04-29|36.099998|36.630001|36.066002|36.389999|3033300|34.397728
CFG|2019-04-30|36.169998|36.335999|35.700001|36.200001|5657700|34.521706
CFG|2019-05-01|36.18|36.59|35.630001|35.889999|5017500|34.226078
CFG|2019-05-02|35.900002|36.465|35.880001|36.25|4030700|34.569386
CFG|2019-05-03|36.419998|36.889999|36.330002|36.799999|4094700|35.093884
CFG|2019-05-06|35.889999|36.82|35.889999|36.59|3381600|34.89362
CFG|2019-05-07|36.060001|36.349998|35.715|35.900002|3006500|34.235611
CFG|2019-05-08|35.709999|36.049999|35.380001|35.669998|4487700|34.016273
CFG|2019-05-09|35.279999|35.939999|35.080002|35.82|4440300|34.159325
CFG|2019-05-10|35.75|36.150002|35.240002|36.049999|4005000|34.378658
CFG|2019-05-13|35.25|35.470001|34.459999|34.52|4058100|32.91959
CFG|2019-05-14|34.509998|35.310001|34.439999|34.91|3412900|33.291508
CFG|2019-05-15|34.419998|34.555|33.724998|34.209999|3971800|32.623962
CFG|2019-05-16|34.43|35.07|34.419998|34.759998|3301300|33.148464
CFG|2019-05-17|34.310001|35.119999|34.310001|34.759998|3463300|33.148464
CFG|2019-05-20|34.610001|35.080002|34.605|34.849998|2657800|33.234291
CFG|2019-05-21|35.189999|35.494999|35.080002|35.27|3425400|33.634819
CFG|2019-05-22|34.939999|35.080002|34.68|34.880001|2069500|33.262905
CFG|2019-05-23|34.5|34.5|33.759998|34.02|4072100|32.442776
CFG|2019-05-24|34.200001|34.509998|34.014999|34.439999|3329900|32.8433
CFG|2019-05-28|34.259998|34.470001|33.75|33.759998|3341400|32.194824
CFG|2019-05-29|33.34|34.005001|33.125|33.950001|2929400|32.376019
CFG|2019-05-30|33.959999|34.27|33.290001|33.52|2777100|31.965952
CFG|2019-05-31|32.720001|33.119999|32.535|32.580002|3362200|31.069538
CFG|2019-06-03|32.48|33.41|32.360001|33.099998|4301500|31.565426
CFG|2019-06-04|33.650002|34.59|33.580002|34.540001|3276700|32.938667
CFG|2019-06-05|34.57|34.57|33.785|34.310001|3846900|32.71933
CFG|2019-06-06|34.209999|34.560001|33.715|34.41|3257200|32.814693
CFG|2019-06-07|34.259998|34.279999|33.805|33.860001|2455500|32.290192
CFG|2019-06-10|34.32|34.759998|34.18|34.459999|7128100|32.862377
CFG|2019-06-11|34.650002|35.23|34.630001|34.84|2841200|33.224758
CFG|2019-06-12|34.82|35.02|34.59|34.75|4130600|33.138927
CFG|2019-06-13|34.98|35.169998|34.700001|34.880001|3314600|33.262905
CFG|2019-06-14|34.900002|35.130001|34.305|34.970001|2701200|33.348732
CFG|2019-06-17|35.02|35.240002|34.299999|34.380001|1625600|32.786079
CFG|2019-06-18|34.27|35.34|34.099998|35.290001|3578300|33.653896
CFG|2019-06-19|35.529999|35.93|34.59|34.669998|3834200|33.062637
CFG|2019-06-20|34.77|35.009998|33.880001|34.959999|3969600|33.339191
CFG|2019-06-21|34.91|35.235001|34.75|34.790001|5422900|33.177078
CFG|2019-06-24|34.720001|35.125|34.380001|34.459999|3906000|32.862377
CFG|2019-06-25|34.380001|34.52|33.759998|34.34|3060600|32.74794
CFG|2019-06-26|34.48|34.889999|34.369999|34.389999|3707100|32.79562
CFG|2019-06-27|34.57|35.02|34.535|34.77|3405700|33.158001
CFG|2019-06-28|35.360001|35.75|34.669998|35.360001|5347600|33.72065
CFG|2019-07-01|35.790001|36.294998|35.27|35.599998|4676800|33.949516
CFG|2019-07-02|35.43|35.564999|34.775002|35.02|4293400|33.396412
CFG|2019-07-03|35.139999|35.580002|34.939999|35.509998|1999000|33.863689
CFG|2019-07-05|35.950001|36.419998|35.790001|35.889999|2759000|34.226078
CFG|2019-07-08|35.580002|36.07|35.5|35.599998|3583600|33.949516
CFG|2019-07-09|35.5|36.064999|35.259998|35.990002|4464500|34.321442
CFG|2019-07-10|35.5|35.82|34.98|34.990002|5848800|33.367805
CFG|2019-07-11|35|35.735001|34.990002|35.560001|4703100|33.911377
CFG|2019-07-12|35.52|35.880001|35.220001|35.75|4562000|34.092567
CFG|2019-07-15|35.669998|35.669998|34.955002|35.080002|4817900|33.453632
CFG|2019-07-16|35.169998|35.240002|34.700001|34.939999|5662400|33.320118
CFG|2019-07-17|34.77|34.855|34.330002|34.349998|3716300|32.757473
CFG|2019-07-18|34.580002|34.919998|34.310001|34.619999|6626000|33.014954
CFG|2019-07-19|35.740002|36.950001|35.25|36.830002|11779500|35.122498
CFG|2019-07-22|36.529999|36.759998|36.240002|36.580002|5761800|34.88409
CFG|2019-07-23|36.740002|37.32|36.639999|37.16|4325400|35.437195
CFG|2019-07-24|37.150002|37.970001|37.099998|37.619999|3464400|35.875874
CFG|2019-07-25|37.75|38.055|36.939999|37.02|4724000|35.303688
CFG|2019-07-26|37.349998|37.810001|37.25|37.68|4073900|35.933086
CFG|2019-07-29|37.93|37.990002|37.389999|37.529999|3642200|35.790043
CFG|2019-07-30|36.91|37.700001|36.740002|37.639999|3316100|36.242599
CFG|2019-07-31|37.540001|37.849998|37.185001|37.259998|4179600|35.876701
CFG|2019-08-01|37.07|37.360001|35.560001|35.68|8110400|34.355362
CFG|2019-08-02|35.540001|35.700001|35.049999|35.509998|4264200|34.191669
CFG|2019-08-05|34.849998|34.91|34.189999|34.619999|9130100|33.334713
CFG|2019-08-06|34.860001|34.990002|34.134998|34.779999|5100400|33.488777
CFG|2019-08-07|33.799999|33.869999|32.845001|33.23|7405800|31.996317
CFG|2019-08-08|33.560001|34.080002|33.450001|33.5|7174300|32.256294
CFG|2019-08-09|33.330002|33.549999|32.834999|33.310001|3720900|32.073349
CFG|2019-08-12|32.82|32.950001|32.529999|32.68|2327100|31.46674
CFG|2019-08-13|32.66|33.66|32.419998|33.130001|4595600|31.900034
CFG|2019-08-14|32.16|32.27|31.365|31.719999|6806800|30.542377
CFG|2019-08-15|31.91|32.099998|31.344999|31.42|5329600|30.253517
CFG|2019-08-16|31.790001|32.625|31.700001|32.400002|3488400|31.197134
CFG|2019-08-19|33.09|33.259998|32.834999|32.950001|3192200|31.726711
CFG|2019-08-20|32.73|32.77|32.27|32.299999|3400600|31.100845
CFG|2019-08-21|32.669998|32.77|32.334999|32.599998|3191400|31.389708
CFG|2019-08-22|32.889999|33.09|32.400002|32.77|3007300|31.553398
CFG|2019-08-23|32.82|33.080002|31.610001|31.77|3569600|30.590521
CFG|2019-08-26|32.099998|32.294998|31.870001|32.209999|2638100|31.014185
CFG|2019-08-27|32.380001|32.459999|31.66|31.889999|4478100|30.706066
CFG|2019-08-28|31.790001|33.084999|31.709999|32.860001|4588100|31.640053
CFG|2019-08-29|33.139999|33.720001|33.110001|33.490002|5173900|32.246666
CFG|2019-08-30|33.830002|34.400002|33.68|33.740002|5538100|32.487389
CFG|2019-09-03|33.34|33.41|32.529999|32.889999|3175600|31.668941
CFG|2019-09-04|33.16|33.380001|32.970001|33.25|2947300|32.015575
CFG|2019-09-05|34.009998|34.715|33.799999|34.200001|3905900|32.930309
CFG|2019-09-06|34.23|34.52|33.990002|34.139999|2867200|32.872532
CFG|2019-09-09|34.52|35.82|34.310001|35.720001|3813900|34.393875
CFG|2019-09-10|36|36.645|35.830002|36.279999|3675500|34.933086
CFG|2019-09-11|36.5|36.639999|35.68|36.209999|4345200|34.865688
CFG|2019-09-12|35.59|36.665001|35.349998|36.369999|5281200|35.019745
CFG|2019-09-13|36.959999|37.34|36.709999|36.830002|4076800|35.462669
CFG|2019-09-16|36.279999|37|36.200001|36.959999|2605600|35.587841
CFG|2019-09-17|36.68|36.68|36.075001|36.400002|3134800|35.048634
CFG|2019-09-18|36.09|36.849998|35.970001|36.610001|4076600|35.250835
CFG|2019-09-19|36.27|36.77|36.09|36.169998|3667400|34.827168
CFG|2019-09-20|36.240002|36.369999|35.759998|35.880001|7279800|34.547939
CFG|2019-09-23|35.419998|36.080002|35.23|35.869999|3156200|34.538307
CFG|2019-09-24|35.84|35.990002|35.080002|35.27|5729700|33.960583
CFG|2019-09-25|35.290001|35.834999|35.23|35.599998|3807200|34.278328
CFG|2019-09-26|35.459999|35.59|35.130001|35.16|4099100|33.854664
CFG|2019-09-27|35.5|35.959999|35.169998|35.380001|5140200|34.066502
CFG|2019-09-30|35.639999|35.700001|35.259998|35.369999|2762600|34.056866
CFG|2019-10-01|35.669998|35.830002|34.18|34.200001|4439400|32.930309
CFG|2019-10-02|33.900002|33.990002|33.355|33.5|3933600|32.256294
CFG|2019-10-03|33.18|33.439999|32.470001|33.43|5072600|32.188892
CFG|2019-10-04|33.400002|33.799999|33.07|33.759998|3140200|32.506638
CFG|2019-10-07|33.619999|34.279999|33.555|33.939999|5741500|32.679955
CFG|2019-10-08|33.02|33.285|32.580002|32.580002|8388600|31.370455
CFG|2019-10-09|32.880001|33.189999|32.669998|32.990002|4343500|31.76523
CFG|2019-10-10|33.299999|33.959999|33.25|33.77|5358800|32.516273
CFG|2019-10-11|34.580002|34.924999|34.27|34.48|4508800|33.199913
CFG|2019-10-14|34.25|34.700001|34.064999|34.560001|2302900|33.276943
CFG|2019-10-15|34.740002|35.34|34.52|35.119999|3281700|33.816151
CFG|2019-10-16|35.119999|35.540001|34.880001|35.130001|5819300|33.825779
CFG|2019-10-17|35.41|35.41|34.654999|35.009998|4952600|33.710236
CFG|2019-10-18|35.09|35.509998|34.709999|35.32|5639900|34.008728
CFG|2019-10-21|35.779999|36.110001|35.470001|35.580002|4022300|34.259071
CFG|2019-10-22|35.57|36.195|35.18|35.939999|4012500|34.605709
CFG|2019-10-23|35.759998|36.029999|35.57|35.98|4053000|34.644226
CFG|2019-10-24|36|36.099998|35.400002|35.580002|4503700|34.259071
CFG|2019-10-25|35.419998|36.07|35.419998|35.849998|3011400|34.519051
CFG|2019-10-28|36.07|36.549999|36.009998|36.169998|4089100|34.827168
CFG|2019-10-29|35.5|36.07|35.5|35.73|3173200|34.749367
CFG|2019-10-30|35.650002|35.709999|35.09|35.5|3665100|34.525681
CFG|2019-10-31|35.220001|35.5|34.555|35.16|4221200|34.195011
CFG|2019-11-01|35.599998|36.049999|35.450001|36.049999|4214300|35.060585
CFG|2019-11-04|36.5|37.16|36.360001|37.150002|4688200|36.130394
CFG|2019-11-05|37.34|37.990002|37.290001|37.900002|5502400|36.85981
CFG|2019-11-06|37.75|37.845001|37.380001|37.68|4004600|36.645847
CFG|2019-11-07|38.150002|38.540001|38.07|38.189999|5517500|37.14185
CFG|2019-11-08|38.16|38.619999|37.869999|38.52|4518000|37.462791
CFG|2019-11-11|38.07|38.610001|38.064999|38.380001|2493800|37.326637
CFG|2019-11-12|38.310001|38.630001|38.09|38.389999|3244500|37.336361
CFG|2019-11-13|37.880001|38.120998|37.639999|37.900002|2663200|36.85981
CFG|2019-11-14|37.68|37.77|37.380001|37.57|3335400|36.538864
CFG|2019-11-15|37.82|38.025002|37.654999|38|2607800|36.957062
CFG|2019-11-18|37.91|38.110001|37.744999|38|2613900|36.957062
CFG|2019-11-19|38.130001|38.25|37.869999|38.029999|2165100|36.98624
CFG|2019-11-20|37.75|38.154999|37.439999|38|4196900|36.957062
CFG|2019-11-21|38.310001|38.360001|37.744999|38.110001|2528300|37.064045
CFG|2019-11-22|38.209999|38.66|38.110001|38.59|2435900|37.530872
CFG|2019-11-25|38.599998|38.889999|38.43|38.740002|3652100|37.676758
CFG|2019-11-26|38.560001|38.700001|38.349998|38.490002|3028000|37.433617
CFG|2019-11-27|38.700001|38.84|38.445|38.650002|2646000|37.589226
CFG|2019-11-29|38.5|38.650002|38.389999|38.459999|1550500|37.404438
CFG|2019-12-02|38.650002|38.919998|38.25|38.310001|3575300|37.258556
CFG|2019-12-03|37.689999|37.865002|37.240002|37.759998|3644600|36.723648
CFG|2019-12-04|37.939999|38.544998|37.849998|38.360001|3211400|37.307182
CFG|2019-12-05|38.599998|38.700001|38.389999|38.560001|3348300|37.501698
CFG|2019-12-06|39.27|39.529999|39.009998|39.029999|2992400|37.958794
CFG|2019-12-09|38.860001|39.16|38.860001|38.950001|2226200|37.880993
CFG|2019-12-10|38.93|39.474998|38.810001|39.330002|3643700|38.250561
CFG|2019-12-11|39.369999|39.439999|39.029999|39.139999|2750800|38.065773
CFG|2019-12-12|39.299999|40.650002|39.23|40.560001|3769000|39.446804
CFG|2019-12-13|40.459999|40.919998|39.91|40.119999|3424700|39.018879
CFG|2019-12-16|40.75|40.869999|40.290001|40.290001|3793500|39.184212
CFG|2019-12-17|40.360001|40.790001|40.18|40.529999|4545000|39.417625
CFG|2019-12-18|40.639999|40.869999|40.400002|40.400002|3257100|39.291195
CFG|2019-12-19|40.439999|40.619999|40.279999|40.310001|4159200|39.203667
CFG|2019-12-20|40.57|40.880001|40.310001|40.540001|6282700|39.427357
CFG|2019-12-23|40.619999|40.689999|40.259998|40.439999|1815100|39.330097
CFG|2019-12-24|40.540001|40.560001|40.299999|40.509998|1177800|39.398174
CFG|2019-12-26|40.599998|40.82|40.459999|40.75|1674800|39.631588
CFG|2019-12-27|40.790001|40.790001|40.404999|40.48|1400700|39.368999
CFG|2019-12-30|40.790001|40.790001|40.349998|40.43|1674400|39.320374
CFG|2019-12-31|40.439999|40.716|40.360001|40.610001|1924500|39.495434
CFG|2020-01-02|40.720001|40.779999|40.189999|40.75|2903800|39.631588
CFG|2020-01-03|40|40.16|39.540001|39.91|2768100|38.814644
CFG|2020-01-06|39.799999|39.799999|39.220001|39.700001|2743500|38.610409
CFG|2020-01-07|39.529999|39.799999|39.285|39.450001|3266700|38.367268
CFG|2020-01-08|39.490002|40.014999|39.459999|39.759998|5653800|38.668758
CFG|2020-01-09|40.060001|40.165001|39.799999|40.02|2667400|38.921623
CFG|2020-01-10|40.049999|40.080002|39.455002|39.52|2004000|38.435349
CFG|2020-01-13|39.580002|39.970001|39.349998|39.860001|3404300|38.766014
CFG|2020-01-14|39.849998|40.150002|39.630001|40.009998|2887400|38.9119
CFG|2020-01-15|39.529999|39.549999|38.790001|38.98|4466200|37.910168
CFG|2020-01-16|39.299999|39.73|39.099998|39.59|5869100|38.503426
CFG|2020-01-17|40.790001|41.290001|40.23|40.869999|7556300|39.748295
CFG|2020-01-21|40.619999|40.669998|40.040001|40.09|4493300|38.989704
CFG|2020-01-22|40.240002|40.439999|40.049|40.150002|5494800|39.048058
CFG|2020-01-23|39.950001|40.099998|39.32|39.860001|4050100|38.766014
CFG|2020-01-24|39.75|39.860001|38.75|39.130001|4790100|38.056053
CFG|2020-01-27|38.139999|38.639999|38.02|38.099998|4654900|37.054317
CFG|2020-01-28|37.950001|38.404999|37.669998|38.009998|3714600|37.349102
CFG|2020-01-29|38.080002|38.299999|37.564999|37.619999|2555400|36.965881
CFG|2020-01-30|37.150002|37.990002|37.110001|37.91|9265000|37.250843
CFG|2020-01-31|37.389999|37.724998|37.035|37.279999|5991000|36.631794
CFG|2020-02-03|37.610001|38.044998|37.595001|37.68|4277200|37.024841
CFG|2020-02-04|38.52|38.919998|38.235001|38.290001|2855700|37.624237
CFG|2020-02-05|38.959999|39.549999|38.84|39.509998|2963200|38.823021
CFG|2020-02-06|39.82|39.869999|38.689999|38.720001|3180700|38.046761
CFG|2020-02-07|38.400002|38.66|38.186001|38.419998|2354900|37.751972
CFG|2020-02-10|38.200001|38.540001|38.130001|38.490002|2980100|37.820759
CFG|2020-02-11|38.700001|39.27|38.59|39|2716800|38.321888
CFG|2020-02-12|39.290001|39.459999|38.73|38.880001|2068300|38.203976
CFG|2020-02-13|38.68|38.950001|38.540001|38.950001|3005600|38.272758
CFG|2020-02-14|38.869999|39.035|38.43|38.669998|2089100|37.997627
CFG|2020-02-18|38.290001|38.549999|37.619999|37.959999|4455700|37.299973
CFG|2020-02-19|38.16|38.549999|37.900002|38.349998|4542100|37.683189
CFG|2020-02-20|38.130001|38.939999|38.119999|38.779999|3906700|38.105713
CFG|2020-02-21|38.43|38.490002|37.43|37.610001|3261200|36.956059
CFG|2020-02-24|36.290001|36.439999|35.845001|36.060001|4538500|35.43301
CFG|2020-02-25|35.990002|36.075001|34.294998|34.439999|6157300|33.841175
CFG|2020-02-26|34.700001|34.799999|33.619999|33.689999|6767200|33.104214
CFG|2020-02-27|32.700001|33.785999|32.200001|32.439999|7733600|31.87595
CFG|2020-02-28|31.51|32.32|30.905001|31.690001|12008100|31.138992
CFG|2020-03-02|31.68|33.34|31.16|33.32|8307800|32.74065
CFG|2020-03-03|33.040001|33.580002|31.01|31.15|10007400|30.608381
CFG|2020-03-04|31.66|31.855|30.459999|31.709999|8414500|31.158644
CFG|2020-03-05|30.559999|30.73|29.370001|29.77|8732500|29.252377
CFG|2020-03-06|28.280001|29.16|27.475|27.98|8335700|27.493498
CFG|2020-03-09|24.969999|24.969999|22.24|22.76|9957600|22.364262
CFG|2020-03-10|24.120001|25.530001|23.370001|25.41|11835300|24.968185
CFG|2020-03-11|24.450001|24.83|22.860001|23.34|12081800|22.934177
CFG|2020-03-12|21.610001|23.370001|20.139999|21.25|9385400|20.880516
CFG|2020-03-13|23.450001|23.85|21.530001|23.66|9329400|23.248613
CFG|2020-03-16|19.620001|20.496|18.51|18.51|8466400|18.188158
CFG|2020-03-17|19.01|19.66|16.879999|19.110001|9620000|18.777727
CFG|2020-03-18|17.67|18.09|14.12|15.32|8283300|15.053624
CFG|2020-03-19|14.7|18.18|14.565|17.370001|8480200|17.067982
CFG|2020-03-20|17.76|18.48|16.495001|17.52|18780100|17.215372
CFG|2020-03-23|17.68|17.68|15.39|15.87|7120900|15.594061
CFG|2020-03-24|17.450001|17.809999|16.466999|17.799999|7612400|17.490503
CFG|2020-03-25|18.209999|18.700001|17.120001|17.709999|11161500|17.402067
CFG|2020-03-26|17.93|20.955|17.57|20.719999|10039100|20.359732
CFG|2020-03-27|19.379999|20.74|19.040001|19.959999|7036600|19.612946
CFG|2020-03-30|19.620001|19.85|18.74|19.65|6643100|19.308336
CFG|2020-03-31|19.42|19.965|18.405001|18.809999|6219700|18.482941
CFG|2020-04-01|17.48|17.790001|16.959999|17.299999|5805600|16.999197
CFG|2020-04-02|17.200001|18.344999|16.91|17.42|7065500|17.117111
CFG|2020-04-03|17.290001|17.790001|16.58|16.940001|4616900|16.645456
CFG|2020-04-06|18.24|19.129999|17.969999|18.790001|7725100|18.463291
CFG|2020-04-07|20.629999|21.110001|19.34|19.530001|7126900|19.190424
CFG|2020-04-08|19.92|20.66|19.719999|20.530001|5693400|20.173037
CFG|2020-04-09|21.620001|22.856001|21.48|22.110001|6536000|21.725565
CFG|2020-04-13|22.200001|22.24|20.74|21.190001|4721800|20.82156
CFG|2020-04-14|21.67|21.85|19.860001|20.33|6596100|19.976513
CFG|2020-04-15|19.1|19.27|18.5|18.58|6313600|18.256941
CFG|2020-04-16|18.43|18.52|17.15|17.190001|7355600|16.891109
CFG|2020-04-17|17.77|20.299999|17.77|19.870001|12662600|19.524511
CFG|2020-04-20|19.07|20.889999|18.540001|20.299999|10178500|19.947035
CFG|2020-04-21|19.32|19.940001|18.950001|19.290001|6203800|18.954597
CFG|2020-04-22|20.049999|20.26|19.43|19.58|5812200|19.239553
CFG|2020-04-23|19.92|20.93|19.85|20.25|5601400|19.897903
CFG|2020-04-24|20.57|20.995001|20.16|20.6|6454200|20.241819
CFG|2020-04-27|20.84|22.655001|20.780001|22.43|7674900|22.039999
CFG|2020-04-28|23.139999|23.690001|22.200001|22.290001|7819400|22.290001
CFG|2020-04-29|23.4|23.950001|22.860001|23.33|6215800|23.33
CFG|2020-04-30|22.49|23|21.780001|22.389999|5289500|22.389999
CFG|2020-05-01|21.629999|21.73|21.09|21.42|4264500|21.42
CFG|2020-05-04|21|21.379999|20.610001|21.200001|5864900|21.200001
CFG|2020-05-05|21.74|22.4|21.1|21.18|5820200|21.18
CFG|2020-05-06|21.459999|21.67|20.32|20.540001|4197400|20.540001
CFG|2020-05-07|20.889999|22.055|20.889999|21.25|4983600|21.25
CFG|2020-05-08|21.93|22.415001|21.695|22.200001|4670400|22.200001
CFG|2020-05-11|21.77|21.790001|20.540001|21.08|6957800|21.08
CFG|2020-05-12|21.209999|21.545|20.120001|20.129999|5207600|20.129999
CFG|2020-05-13|20|20.030001|18.674999|19.33|6905800|19.33
CFG|2020-05-14|18.74|20.245001|18.200001|20.15|7658800|20.15
CFG|2020-05-15|19.799999|20.125|19.450001|19.92|4215900|19.92
CFG|2020-05-18|21.16|21.785|20.68|21.58|7479100|21.58
CFG|2020-05-19|21.299999|21.5|20.59|20.67|6491900|20.67
CFG|2020-05-20|21.190001|21.795|21.15|21.67|5465000|21.67
CFG|2020-05-21|21.5|21.924999|21.280001|21.35|4320000|21.35
CFG|2020-05-22|21.5|21.870001|20.969999|21.280001|2651400|21.280001
CFG|2020-05-26|22.719999|24.41|22.67|23.91|7724300|23.91
CFG|2020-05-27|25.889999|26.16|24.290001|25.629999|7129700|25.629999
CFG|2020-05-28|26.110001|26.18|24.57|24.66|4995100|24.66
CFG|2020-05-29|23.98|24.584999|23.74|24.1|6825600|24.1
CFG|2020-06-01|24.42|25.049999|24.129999|24.73|3228200|24.73
CFG|2020-06-02|25.24|25.690001|24.825001|25.120001|5090200|25.120001
CFG|2020-06-03|26.120001|27.17|25.950001|26.82|6353900|26.82
CFG|2020-06-04|26.66|28.469999|26.4|28.459999|6025800|28.459999
CFG|2020-06-05|31.360001|32.98|29.030001|29.25|10055600|29.25
CFG|2020-06-08|30.629999|31.07|29.475|30.41|10600500|30.41
CFG|2020-06-09|28.870001|30.1|28.5|29.51|5588900|29.51
CFG|2020-06-10|29.110001|29.24|27.17|27.25|8988200|27.25
CFG|2020-06-11|25|26.065001|24.34|24.48|7522700|24.48
CFG|2020-06-12|26.200001|26.290001|24.584999|25.82|4722700|25.82
CFG|2020-06-15|24.32|26.889999|24.27|26.65|5615000|26.65
CFG|2020-06-16|28.280001|28.450001|26.41|27.24|6394100|27.24
CFG|2020-06-17|27.25|27.415001|26.280001|26.370001|4287300|26.370001
CFG|2020-06-18|25.969999|26.885|25.780001|26.15|4455900|26.15
CFG|2020-06-19|26.76|26.76|25.025|25.35|16909100|25.35
CFG|2020-06-22|25.02|25.785|24.879999|25.43|4647700|25.43
CFG|2020-06-23|25.99|26.469999|25.629999|25.799999|4733800|25.799999
CFG|2020-06-24|25.33|25.4|23.959999|24.08|5363900|24.08
CFG|2020-06-25|23.860001|25.385|23.610001|25.26|5413100|25.26
CFG|2020-06-26|24.57|24.6|22.82|23.16|13151700|23.16
CFG|2020-06-29|23.5|23.790001|23.040001|23.530001|7956700|23.530001
CFG|2020-06-30|23.379999|25.41|23.309999|25.24|8059200|25.24
CFG|2020-07-01|25.23|25.23|24.01|24.23|4898200|24.23
CFG|2020-07-02|25.01|25.139999|23.639999|23.76|6692300|23.76
CFG|2020-07-06|24.4|24.93|23.92|24.27|3902600|24.27
CFG|2020-07-07|23.879999|23.93|23.389999|23.5|3938900|23.5
CFG|2020-07-08|23.41|23.77|23.030001|23.66|4074800|23.66
CFG|2020-07-09|23.379999|23.65|22.530001|22.73|4102700|22.73
CFG|2020-07-10|22.73|24.18|22.709999|24.18|4605200|24.18
CFG|2020-07-13|24.67|24.889999|23.754999|24.370001|4819300|24.370001
CFG|2020-07-14|24.17|24.35|23.540001|23.889999|3860900|23.889999
CFG|2020-07-15|24.75|25.52|24.360001|25.450001|3893600|25.450001
CFG|2020-07-16|25.1|26.030001|24.85|25.450001|5141900|25.450001
CFG|2020-07-17|26.67|27.424|25.120001|25.15|6493100|25.15
