symbol|date|open|high|low|close|volume|adj
DOW|2019-03-20|52.75|53.5|49.5|49.799999|2350800|46.066597
DOW|2019-03-21|49.990002|50|48.200001|48.98|1764700|45.308067
DOW|2019-03-22|48.799999|49.950001|48.16|48.599998|844700|44.956558
DOW|2019-03-25|48.599998|49.400002|48|49.150002|440900|45.465328
DOW|2019-03-26|49|49.75|48.18|48.849998|504700|45.187813
DOW|2019-03-27|49|50.779999|49|50.099998|1788600|46.344105
DOW|2019-03-28|50.900002|51|49.915001|50.849998|585400|47.037876
DOW|2019-03-29|49.52|52.48|49.18|51.630001|1769000|47.759407
DOW|2019-04-01|52.299999|54.389999|51.25|53.5|19663400|49.489216
DOW|2019-04-02|55.119999|57.389999|54.299999|56.25|17414200|52.033054
DOW|2019-04-03|57.080002|57.200001|55.509998|56.880001|15066200|52.615822
DOW|2019-04-04|57.200001|60.52|57.099998|59.709999|13309200|55.233662
DOW|2019-04-05|58.389999|58.98|56.27|57.240002|17000800|52.948833
DOW|2019-04-08|56.5|58.389999|56.27|57.150002|10764600|52.865582
DOW|2019-04-09|56.799999|57.200001|56.080002|56.27|9179900|52.051552
DOW|2019-04-10|55.990002|56.41|55.099998|55.709999|9081900|51.533539
DOW|2019-04-11|55.700001|56.209999|54.830002|54.889999|7346100|50.775005
DOW|2019-04-12|55.93|58.330002|55.93|58.299999|9281700|53.929367
DOW|2019-04-15|58.57|58.849998|57.290001|57.779999|5727300|53.448357
DOW|2019-04-16|58.709999|58.990002|57.84|58.5|6681600|54.114376
DOW|2019-04-17|58.950001|59.049999|58.200001|58.32|6420700|53.947868
DOW|2019-04-18|58.360001|58.610001|57.549999|57.77|5178800|53.439102
DOW|2019-04-22|57.48|58.41|57.259998|57.889999|4401700|53.550106
DOW|2019-04-23|57.290001|57.84|57|57.639999|5687200|53.318848
DOW|2019-04-24|57.490002|57.889999|55.865002|55.98|5431300|51.783295
DOW|2019-04-25|55.759998|55.98|54.82|55.330002|6260500|51.182026
DOW|2019-04-26|55.299999|55.599998|54.950001|55.25|4009800|51.108021
DOW|2019-04-29|55.049999|55.685001|54.799999|55.5|5935200|51.339275
DOW|2019-04-30|55.759998|57.205002|55.599998|56.73|6454100|52.477062
DOW|2019-05-01|56.82|57.48|55.880001|56.130001|7644400|51.92205
DOW|2019-05-02|55.540001|56.490002|52.029999|52.700001|13932700|48.749187
DOW|2019-05-03|53.200001|53.349998|51.720001|53.299999|7401700|49.304211
DOW|2019-05-06|52.150002|54.029999|51.700001|53.459999|6089500|49.452209
DOW|2019-05-07|52.860001|53.325001|52.650002|52.950001|7330800|48.980446
DOW|2019-05-08|53.330002|53.395|52.310001|52.48|5390700|48.545685
DOW|2019-05-09|52.259998|53.139999|51.549999|52.93|4579700|48.961948
DOW|2019-05-10|52.939999|53.714001|52.490002|53.07|4758100|49.09145
DOW|2019-05-13|52.279999|52.549999|50.759998|50.950001|4213100|47.130383
DOW|2019-05-14|51.330002|53|50.84|52.48|4204500|48.545685
DOW|2019-05-15|51.98|53.325001|51.669998|52.950001|2928700|48.980446
DOW|2019-05-16|53.290001|53.549999|52.73|52.98|3689700|49.008202
DOW|2019-05-17|52.34|52.52|50.66|50.799999|4440800|46.991623
DOW|2019-05-20|50.400002|50.540001|49.919998|50.080002|5168400|46.325607
DOW|2019-05-21|50.279999|51.189999|50.02|50.630001|4968400|46.834373
DOW|2019-05-22|50.459999|50.610001|49.965|50.209999|3019100|46.445858
DOW|2019-05-23|49.5|49.860001|48.209999|48.709999|4919200|45.058308
DOW|2019-05-24|49.389999|49.575001|48.439999|49.200001|2918400|45.511574
DOW|2019-05-28|49.369999|49.43|48.099998|48.560001|6613000|44.919559
DOW|2019-05-29|48.200001|49.43|48.009998|48.709999|3525900|45.058308
DOW|2019-05-30|48.119999|48.59|48.02|48.470001|3777600|45.490032
DOW|2019-05-31|47.959999|48|46.75|46.759998|3396900|43.885159
DOW|2019-06-03|46.849998|47.959999|46.849998|47.959999|5905200|45.011383
DOW|2019-06-04|48.68|49.93|48.639999|49.93|7043000|46.860268
DOW|2019-06-05|50.490002|50.57|49.049999|50.34|6413300|47.245056
DOW|2019-06-06|50.279999|51.310001|50.150002|51.060001|6228100|47.920792
DOW|2019-06-07|51.130001|51.689999|50.869999|51.299999|5391100|48.146034
DOW|2019-06-10|51.720001|52.099998|51.580002|51.619999|5434400|48.446362
DOW|2019-06-11|52|52.169998|51.560001|52.040001|5144300|48.840538
DOW|2019-06-12|52.060001|52.639999|51.68|52.490002|3103900|49.262878
DOW|2019-06-13|52.68|52.950001|52.040001|52.880001|4179800|49.628899
DOW|2019-06-14|52.630001|52.689999|51|51.150002|3919300|48.00526
DOW|2019-06-17|50.060001|50.330002|49.049999|49.349998|5787300|46.315922
DOW|2019-06-18|49.75|50.57|49.400002|49.610001|5014200|46.559944
DOW|2019-06-19|49.950001|50.240002|48.330002|48.5|5404000|45.518181
DOW|2019-06-20|49.095001|49.59|48.619999|48.93|4228300|45.921745
DOW|2019-06-21|48.82|49.27|48.310001|48.360001|9478500|45.386791
DOW|2019-06-24|48.509998|49.700001|48.32|49.580002|4602300|46.531784
DOW|2019-06-25|49.490002|50.223|49.049999|49.689999|4005200|46.635021
DOW|2019-06-26|49.849998|51.220001|49.810001|50.450001|5244400|47.348297
DOW|2019-06-27|50.610001|51.139999|50.530998|50.91|4097200|47.780014
DOW|2019-06-28|51.040001|51.200001|49.080002|49.310001|6507400|46.278389
DOW|2019-07-01|50|50.200001|49.52|50.16|4659600|47.076122
DOW|2019-07-02|50|50.060001|48.759998|49.400002|4725800|46.362854
DOW|2019-07-03|49.459999|49.650002|49.200001|49.330002|2479400|46.297161
DOW|2019-07-05|49.009998|49.369999|48.959999|49.310001|2529800|46.278389
DOW|2019-07-08|49.34|49.5|48.384998|48.52|5936000|45.536953
DOW|2019-07-09|48.299999|48.43|47.5|47.869999|4967400|44.926918
DOW|2019-07-10|48.34|48.419998|47.52|47.549999|3507400|44.626591
DOW|2019-07-11|47.73|48.060001|47.18|47.779999|4202000|44.842449
DOW|2019-07-12|48.459999|50.040001|48.080002|49.709999|4328400|46.65379
DOW|2019-07-15|49.77|50.950001|49.66|50.93|4923800|47.798786
DOW|2019-07-16|50.950001|52.645|50.950001|52.32|6011200|49.103325
DOW|2019-07-17|52.16|52.299999|51.23|51.599998|4417500|48.427589
DOW|2019-07-18|51.549999|52.049999|51.279999|51.75|3662600|48.568367
DOW|2019-07-19|51.77|51.830002|51.5|51.52|3221500|48.352512
DOW|2019-07-22|51.504002|51.57|50.599998|50.880001|2814900|47.751858
DOW|2019-07-23|51|52.900002|50.950001|52.619999|4387700|49.38488
DOW|2019-07-24|52.5|52.990002|52.040001|52.790001|3516400|49.544434
DOW|2019-07-25|51.639999|51.990002|50.299999|50.77|4254600|47.648624
DOW|2019-07-26|50.27|50.299999|48.919998|49.110001|5066000|46.090683
DOW|2019-07-29|48.52|48.880001|47.98|48.049999|4219800|45.095852
DOW|2019-07-30|47.779999|48.439999|47.779999|48.400002|4194300|45.424332
DOW|2019-07-31|48.490002|49.43|47.950001|48.439999|5188500|45.461872
DOW|2019-08-01|48.150002|48.599998|46.779999|46.849998|5803200|43.969627
DOW|2019-08-02|46.689999|47.5|45.369999|45.599998|5346400|42.796474
DOW|2019-08-05|45.060001|45.130001|44.07|44.77|5147300|42.017509
DOW|2019-08-06|45.110001|45.450001|43.735001|44.43|4702800|41.698414
DOW|2019-08-07|44.099998|45|43.91|44.889999|4490100|42.130131
DOW|2019-08-08|45.196999|46.82|45.189999|46.790001|4573400|43.913319
DOW|2019-08-09|46.419998|46.990002|46.099998|46.639999|4468000|43.772537
DOW|2019-08-12|46.389999|46.799999|45.52|45.689999|4491600|42.880947
DOW|2019-08-13|45.779999|47.759998|45.580002|46.849998|5407300|43.969627
DOW|2019-08-14|45.799999|46.150002|44|44.080002|6178300|41.369926
DOW|2019-08-15|44.34|44.369999|42.959999|43.380001|3494600|40.712967
DOW|2019-08-16|43.290001|44.810001|42.77|44.509998|4586000|41.773487
DOW|2019-08-19|45.360001|45.862999|45.150002|45.599998|3615500|42.796474
DOW|2019-08-20|45.25|45.25|43.07|43.16|5972800|40.506489
DOW|2019-08-21|43.849998|44.240002|43.240002|43.279999|4397800|40.61911
DOW|2019-08-22|43.32|43.900002|42.02|42.049999|6072100|39.464733
DOW|2019-08-23|42|42.02|40.439999|40.709999|6696800|38.207119
DOW|2019-08-26|41.27|41.349998|40.610001|40.82|3402400|38.310352
DOW|2019-08-27|41.189999|41.73|40.918999|41.169998|4152200|38.638836
DOW|2019-08-28|41.150002|42.639999|40.759998|42.52|4539300|39.905838
DOW|2019-08-29|42.330002|43|42.209999|42.369999|3292500|40.430668
DOW|2019-08-30|42.830002|43|42.27|42.630001|4099200|40.678768
DOW|2019-09-03|42.139999|42.23|41.150002|41.799999|3343300|39.886757
DOW|2019-09-04|42.59|42.790001|41.849998|42.540001|2651400|40.592884
DOW|2019-09-05|43.150002|43.970001|43.09|43.360001|4041400|41.375351
DOW|2019-09-06|43.540001|43.66|42.66|43.240002|3217900|41.260845
DOW|2019-09-09|43.529999|44.626999|43.259998|44.450001|3848000|42.415462
DOW|2019-09-10|45.099998|46.369999|44.779999|46.32|4704000|44.199867
DOW|2019-09-11|46.52|47.049999|45.580002|46.880001|4445000|44.734238
DOW|2019-09-12|47.07|47.189999|45.57|46.970001|3649700|44.820118
DOW|2019-09-13|47.639999|48.439999|47.25|48.200001|4027600|45.993816
DOW|2019-09-16|48.689999|49.98|48.279999|49.009998|5040600|46.766743
DOW|2019-09-17|48.669998|49.09|47.610001|48|3741900|45.802971
DOW|2019-09-18|47.900002|47.900002|47.02|47.509998|2588200|45.3354
DOW|2019-09-19|48.119999|48.41|47.490002|47.639999|2418300|45.459446
DOW|2019-09-20|47.470001|48.849998|47.07|48.209999|10570400|46.003361
DOW|2019-09-23|47.389999|48.215|47.119999|47.91|3599400|45.717094
DOW|2019-09-24|47.779999|48|45.950001|46.599998|4515300|44.467049
DOW|2019-09-25|46.549999|47.970001|46.130001|47.68|4396200|45.49762
DOW|2019-09-26|47.509998|47.689999|46.933998|47.23|2994200|45.068214
DOW|2019-09-27|47.400002|47.880001|47.009998|47.07|3722300|44.915539
DOW|2019-09-30|47.259998|47.790001|47.110001|47.650002|2512200|45.468994
DOW|2019-10-01|47.939999|48.57|45.900002|45.970001|3838400|43.865891
DOW|2019-10-02|44.669998|45.169998|44.360001|44.93|4759500|42.873489
DOW|2019-10-03|44.849998|45.389999|44.369999|45.310001|3422400|43.236099
DOW|2019-10-04|45.18|45.779999|45.009998|45.34|3512300|43.264725
DOW|2019-10-07|45.080002|45.77|44.764999|45.169998|2977900|43.102505
DOW|2019-10-08|44.75|45.049999|43.830002|43.849998|2985900|41.842926
DOW|2019-10-09|44.389999|44.540001|44|44.009998|2844600|41.995598
DOW|2019-10-10|44.330002|45.290001|44.02|44.919998|4325000|42.863945
DOW|2019-10-11|45.75|47.720001|45.502998|47.130001|3675700|44.972794
DOW|2019-10-14|46.720001|47.27|46.240002|46.82|3196500|44.676983
DOW|2019-10-15|46.82|48.099998|46.529999|47.200001|3216800|45.039593
DOW|2019-10-16|47.490002|47.919998|47.009998|47.119999|3626900|44.963249
DOW|2019-10-17|47.439999|48.540001|47.139999|47.810001|2724400|45.62167
DOW|2019-10-18|47.91|48.191002|47.360001|47.959999|2757600|45.764801
DOW|2019-10-21|48.59|48.970001|47.09|47.119999|3967000|44.963249
DOW|2019-10-22|47.080002|47.383999|46.02|46.82|4645400|44.676983
DOW|2019-10-23|46.779999|47.509998|46.549999|47.23|4152000|45.068214
DOW|2019-10-24|48.650002|49.990002|47.84|49.470001|6098900|47.205692
DOW|2019-10-25|49.779999|50.759998|48.900002|50.48|5361100|48.169456
DOW|2019-10-28|50.75|51.439999|50.43|51.209999|4504100|48.866047
DOW|2019-10-29|50.959999|51.630001|50.369999|51.490002|3462100|49.133232
DOW|2019-10-30|51.200001|51.470001|50.330002|51.029999|3602100|48.694286
DOW|2019-10-31|50.880001|51.029999|49.709999|50.490002|3744000|48.179005
DOW|2019-11-01|50.98|52.490002|50.900002|52.310001|3207100|49.915703
DOW|2019-11-04|52.650002|54.41|52.459999|54.169998|5430200|51.690559
DOW|2019-11-05|54.009998|55|53.650002|54.200001|6044500|51.719189
DOW|2019-11-06|54.16|54.740002|53.810001|54.279999|3847000|51.795525
DOW|2019-11-07|54.939999|55.939999|54.419998|55.799999|5974300|53.245953
DOW|2019-11-08|55.5|55.990002|55.02|55.990002|4812000|53.427261
DOW|2019-11-11|55.549999|56.25|55.220001|55.810001|3184900|53.255497
DOW|2019-11-12|56|56.110001|54.529999|55.16|2742700|52.635246
DOW|2019-11-13|54.189999|54.48|53.459999|53.66|3426000|51.203907
DOW|2019-11-14|53.299999|54.139999|53.150002|53.950001|2595500|51.480633
DOW|2019-11-15|54.27|55.290001|54.139999|54.860001|3865000|52.34898
DOW|2019-11-18|54.75|54.91|54.119999|54.32|3439900|51.833694
DOW|2019-11-19|54.810001|54.810001|52.790001|53.389999|5208300|50.946262
DOW|2019-11-20|53.139999|53.450001|52.099998|52.669998|5394100|50.25922
DOW|2019-11-21|52.709999|53.919998|52.349998|53.880001|4618400|51.413834
DOW|2019-11-22|53.98|54.66|53.599998|54.200001|3115600|51.719189
DOW|2019-11-25|54.82|55.23|54.360001|55.200001|5073700|52.673416
DOW|2019-11-26|55.25|55.75|54.82|55.369999|4643800|52.835636
DOW|2019-11-27|54.68|54.900002|53.900002|54.279999|3926000|52.458721
DOW|2019-11-29|54.009998|54.279999|53.119999|53.369999|1887600|51.579254
DOW|2019-12-02|53|53.75|52.889999|53.16|3349500|51.376301
DOW|2019-12-03|51.959999|52.009998|51.049999|51.82|3950100|50.081261
DOW|2019-12-04|53.490002|53.490002|52.209999|52.279999|3791400|50.525829
DOW|2019-12-05|52.529999|52.650002|51.68|52|2692600|50.255222
DOW|2019-12-06|52.59|53.75|52.59|53.220001|2818800|51.434292
DOW|2019-12-09|53.959999|53.98|52.990002|53.27|2377200|51.482613
DOW|2019-12-10|53.360001|53.389999|52.689999|53.130001|2609700|51.347309
DOW|2019-12-11|53.5|54.07|53.049999|53.099998|3253300|51.318314
DOW|2019-12-12|53.25|54.580002|52.82|54.450001|2882300|52.62302
DOW|2019-12-13|54.639999|54.82|53.25|53.279999|3198600|51.492271
DOW|2019-12-16|53.610001|54.540001|53.509998|54.169998|4040000|52.352409
DOW|2019-12-17|54.099998|54.740002|53.93|54.66|2665300|52.82597
DOW|2019-12-18|54.360001|54.689999|53.540001|54.25|3659100|52.429726
DOW|2019-12-19|54.43|54.869999|54.060001|54.52|3356000|52.69067
DOW|2019-12-20|55.049999|55.25|54.02|54.610001|10476700|52.777649
DOW|2019-12-23|54.490002|55.049999|54.220001|54.93|2678600|53.086914
DOW|2019-12-24|55|55.25|54.650002|54.900002|926200|53.057919
DOW|2019-12-26|54.98|55.23|54.52|55.220001|1909600|53.36718
DOW|2019-12-27|55.290001|55.549999|54.720001|54.830002|1688500|52.990273
DOW|2019-12-30|54.860001|55.049999|54.240002|54.34|1943300|52.516708
DOW|2019-12-31|54.02|54.779999|53.93|54.73|2145700|52.89362
DOW|2020-01-02|55.23|55.540001|53.639999|53.75|5145200|51.946507
DOW|2020-01-03|53.110001|53.599998|52.41|52.419998|5004300|50.661133
DOW|2020-01-06|52.32|52.880001|52|52.209999|4293100|50.458176
DOW|2020-01-07|52.290001|53.064999|51.990002|52.189999|5122800|50.438847
DOW|2020-01-08|52.41|53.169998|51.919998|52.73|3629700|50.960728
DOW|2020-01-09|52.75|53.07|51.810001|52.189999|2667800|50.438847
DOW|2020-01-10|52.860001|52.869999|51.400002|51.5|3277300|49.771999
DOW|2020-01-13|51.5|52.400002|51.470001|52.349998|2665500|50.593479
DOW|2020-01-14|52.189999|52.970001|51.950001|52.240002|3689800|50.487171
DOW|2020-01-15|52.189999|52.650002|51.700001|52.27|2235400|50.516167
DOW|2020-01-16|52.580002|52.869999|52.169998|52.48|3765600|50.719116
DOW|2020-01-17|52.529999|53.360001|52.424999|53.34|3897500|51.550262
DOW|2020-01-21|52.98|53.150002|52.200001|52.599998|4156000|50.835091
DOW|2020-01-22|52.73|52.799999|50.681999|50.869999|5149600|49.163136
DOW|2020-01-23|50.220001|50.75|49.150002|50.25|5797600|48.563942
DOW|2020-01-24|49.880001|50.27|48.040001|48.490002|5919300|46.862999
DOW|2020-01-27|47.310001|47.580002|46.639999|47.18|4827000|45.596951
DOW|2020-01-28|47.400002|47.720001|47.02|47.16|5813800|45.577621
DOW|2020-01-29|48.98|49.950001|48.599998|49.669998|6828000|48.003399
DOW|2020-01-30|48.310001|48.98|47.66|48.470001|5644800|46.84367
DOW|2020-01-31|47.700001|47.865002|45.919998|46.07|7532200|44.524197
DOW|2020-02-03|46.310001|46.970001|45.73|46.740002|6366300|45.171715
DOW|2020-02-04|47.650002|48.380001|47.439999|48.049999|5287000|46.437759
DOW|2020-02-05|48.880001|49.740002|48.52|49.610001|5403200|47.945419
DOW|2020-02-06|49.610001|49.66|48.560001|49.200001|5985200|47.549175
DOW|2020-02-07|48.540001|48.540001|47.450001|48.029999|3802100|46.41843
DOW|2020-02-10|47.799999|48.720001|47.799999|48.189999|2488300|46.573059
DOW|2020-02-11|48.540001|50.009998|48.5|48.790001|3705400|47.152931
DOW|2020-02-12|49.689999|50.369999|48.990002|49.380001|2964200|47.723137
DOW|2020-02-13|48.900002|48.990002|48.02|48.299999|3302600|46.679371
DOW|2020-02-14|48.509998|48.939999|48.380001|48.630001|3207000|46.998302
DOW|2020-02-18|48.189999|48.52|47.229|47.740002|3594300|46.138161
DOW|2020-02-19|47.82|48.290001|47.41|47.560001|5644900|45.964203
DOW|2020-02-20|47.52|48.810001|47.439999|48.759998|4154200|47.123936
DOW|2020-02-21|48.580002|48.77|48.080002|48.299999|3972800|46.679371
DOW|2020-02-24|46.610001|47.040001|45.799999|46.240002|5075900|44.688496
DOW|2020-02-25|46.5|46.535|43.580002|43.950001|5529300|42.475327
DOW|2020-02-26|44.450001|44.880001|43.02|43.049999|6470700|41.605526
DOW|2020-02-27|41.330002|41.459999|39.5|39.549999|10007700|38.854748
DOW|2020-02-28|38.119999|40.490002|38.049999|40.41|10281600|39.699631
DOW|2020-03-02|41.049999|41.419998|39.779999|41.419998|7706700|40.691872
DOW|2020-03-03|41.349998|42.743999|39.740002|40.560001|6765300|39.846992
DOW|2020-03-04|41.450001|41.970001|40.209999|41.91|4967000|41.17326
DOW|2020-03-05|40.029999|40.630001|39.66|40.099998|5447400|39.395077
DOW|2020-03-06|38.720001|39.689999|38.310001|38.970001|6928400|38.284943
DOW|2020-03-09|34.75|34.939999|30.43|30.530001|15081500|29.993311
DOW|2020-03-10|32.509998|33.330002|29.315001|31.4|12975400|30.848017
DOW|2020-03-11|30.190001|30.33|27.85|27.99|12444100|27.497961
DOW|2020-03-12|25.450001|26.389999|22.389999|23.67|18163300|23.253902
DOW|2020-03-13|27.93|28.01|22.58|25.690001|17350800|25.238394
DOW|2020-03-16|23.1|25.43|21.950001|22|12345400|21.61326
DOW|2020-03-17|25.67|27.6|22.74|26.6|19873300|26.132397
DOW|2020-03-18|24.84|28.290001|24.51|26.440001|16955900|25.97521
DOW|2020-03-19|26.280001|31.35|25.93|28.120001|13893400|27.625677
DOW|2020-03-20|28.59|29.690001|26.59|27.440001|12649100|26.95763
DOW|2020-03-23|27.139999|28.43|26.01|26.58|11703100|26.112747
DOW|2020-03-24|28.66|29.959999|26.9|28.469999|12333600|27.969522
DOW|2020-03-25|29.18|32.424999|28.6|30.379999|10539200|29.845947
DOW|2020-03-26|30.280001|31.299999|28.950001|29.68|14298600|29.158253
DOW|2020-03-27|28|29.261999|26.92|28.559999|9101400|28.057941
DOW|2020-03-30|28.309999|29.389999|27.809999|28.65|6817000|28.146358
DOW|2020-03-31|28.549999|30.08|28.450001|29.24|7599900|28.725988
DOW|2020-04-01|27.84|28.27|26.940001|27.040001|10339900|26.564663
DOW|2020-04-02|27.110001|29.84|26.924999|28.030001|10680300|27.537258
DOW|2020-04-03|27.780001|28.57|27.42|27.969999|8005100|27.478313
DOW|2020-04-06|29.530001|30.98|29.5|30.540001|8021100|30.003136
DOW|2020-04-07|32.759998|35.07|31.809999|32.330002|15028000|31.761671
DOW|2020-04-08|32.970001|34.939999|32.360001|34.790001|7220700|34.178425
DOW|2020-04-09|35.75|37.740002|35.540001|36.560001|9892300|35.917309
DOW|2020-04-13|36.470001|36.900002|34.57|35.23|7170600|34.610687
DOW|2020-04-14|36.369999|37.139999|35.09|35.369999|7348800|34.748226
DOW|2020-04-15|33.849998|33.849998|31.870001|32.23|7586700|31.663425
DOW|2020-04-16|32.689999|32.689999|30.65|31.629999|6918500|31.073973
DOW|2020-04-17|33.040001|34.060001|32.599998|33.419998|6544100|32.832504
DOW|2020-04-20|32.18|32.830002|31.5|31.530001|7140700|30.975733
DOW|2020-04-21|30.4|31.16|29.620001|30.879999|7315100|30.337156
DOW|2020-04-22|31.799999|32.025002|30.879999|31.84|5338100|31.280283
DOW|2020-04-23|32.099998|33.330002|32.009998|32.560001|7724700|31.987627
DOW|2020-04-24|33.040001|33.349998|32.240002|33.119999|4979100|32.537781
DOW|2020-04-27|33.310001|34.744999|32.810001|34.439999|4885900|33.834576
DOW|2020-04-28|35.48|36.189999|34.709999|35.869999|5868600|35.239437
DOW|2020-04-29|37|38.09|36.900002|37.470001|6887300|36.811314
DOW|2020-04-30|37.27|37.349998|36.049999|36.689999|10956500|36.045021
DOW|2020-05-01|34.73|35.09|33.540001|33.93|8709300|33.333542
DOW|2020-05-04|32.099998|33.139999|31.76|33.060001|6248300|32.478836
DOW|2020-05-05|33.630001|34.549999|33.23|33.369999|5041600|32.783386
DOW|2020-05-06|32.709999|33.375|31.879999|31.959999|4601500|31.398172
DOW|2020-05-07|32.529999|33.799999|32.509998|32.849998|5056200|32.272526
DOW|2020-05-08|33.779999|34.369999|33.369999|34.330002|4324500|33.726513
DOW|2020-05-11|34.200001|34.240002|33.080002|33.900002|4320200|33.30407
DOW|2020-05-12|34.25|35.41|33.75|33.790001|5675400|33.196003
DOW|2020-05-13|33.5|33.563|31.790001|32.349998|5865200|31.781315
DOW|2020-05-14|31.190001|33.549999|30.9|33.509998|6187900|32.920925
DOW|2020-05-15|33.209999|33.98|32.830002|33.560001|4829200|32.970047
DOW|2020-05-18|35.880001|38.009998|35.709999|36.740002|8546600|36.094147
DOW|2020-05-19|36.630001|36.68|35.580002|35.639999|4415500|35.013481
DOW|2020-05-20|36.34|37|35.759998|36.18|5656200|35.543991
DOW|2020-05-21|36|36.759998|35.66|35.82|3941800|35.190315
DOW|2020-05-22|35.68|36.18|35.369999|36.119999|3040600|35.485043
DOW|2020-05-26|38.360001|38.950001|37.919998|38.790001|6188600|38.108109
DOW|2020-05-27|39.950001|40.665001|39.029999|39.82|6895200|39.119999
DOW|2020-05-28|39.57|39.689999|38.349998|38.709999|5266800|38.709999
DOW|2020-05-29|38.139999|38.990002|37.720001|38.599998|5254700|38.599998
DOW|2020-06-01|38.610001|39.009998|38.18|38.610001|3014400|38.610001
DOW|2020-06-02|39.200001|41.23|39.09|40.599998|6083400|40.599998
DOW|2020-06-03|41.490002|42.299999|41.459999|41.630001|5160600|41.630001
DOW|2020-06-04|41.5|42.759998|41.32|42.709999|3901500|42.709999
DOW|2020-06-05|44.709999|45.73|43.837002|43.970001|7656600|43.970001
DOW|2020-06-08|44.080002|45.93|44.080002|45.900002|5727300|45.900002
DOW|2020-06-09|44.470001|44.82|43.918999|44.41|5535400|44.41
DOW|2020-06-10|44.389999|44.5|43.400002|43.580002|4267700|43.580002
DOW|2020-06-11|41.224998|42.040001|38.950001|39.259998|9225100|39.259998
DOW|2020-06-12|41.82|41.915001|39.985001|41.23|5033800|41.23
DOW|2020-06-15|39.48|42.450001|39.290001|41.98|5665300|41.98
DOW|2020-06-16|44.16|44.5|41.439999|42.25|5592400|42.25
DOW|2020-06-17|42.700001|42.796001|41.029999|41.169998|3523600|41.169998
DOW|2020-06-18|40.650002|41.990002|40.380001|41.580002|4106800|41.580002
DOW|2020-06-19|42.630001|43|41.470001|41.650002|7494400|41.650002
DOW|2020-06-22|41.459999|42.130001|40.669998|41.740002|3316000|41.740002
DOW|2020-06-23|42.48|42.48|41.330002|41.349998|3603900|41.349998
DOW|2020-06-24|40.599998|40.720001|38.32|38.450001|7707200|38.450001
DOW|2020-06-25|38|40.029999|37.68|39.98|5986900|39.98
DOW|2020-06-26|39.560001|40|38.73|39.799999|8333800|39.799999
DOW|2020-06-29|40.360001|41.195|40.189999|40.98|7756700|40.98
DOW|2020-06-30|40.59|40.950001|39.759998|40.759998|4835300|40.759998
DOW|2020-07-01|40.75|41.299999|40.330002|40.75|4023600|40.75
DOW|2020-07-02|41.66|42.25|40.91|41.59|4017500|41.59
DOW|2020-07-06|42.630001|42.779999|41.560001|42.450001|4679000|42.450001
DOW|2020-07-07|41.740002|42.07|41.169998|41.689999|4535900|41.689999
DOW|2020-07-08|41.490002|41.779999|39.634998|40.349998|4824200|40.349998
DOW|2020-07-09|40.389999|40.52|39.169998|39.439999|3671900|39.439999
DOW|2020-07-10|39.439999|40.82|39.423|40.759998|3007800|40.759998
DOW|2020-07-13|41.099998|41.84|40.5|41.240002|3089000|41.240002
DOW|2020-07-14|41.32|42.68|41.240002|42.439999|4350800|42.439999
DOW|2020-07-15|43.650002|44.099998|42.555|43.330002|3788300|43.330002
DOW|2020-07-16|43.189999|44.264999|42.84|43.830002|4259800|43.830002
DOW|2020-07-17|44.07|44.150002|42.959999|43.669998|4610600|43.669998
