symbol|date|open|high|low|close|volume|adj
FNILX|2018-09-28|10.04|10.04|10.04|10.04|0|9.871338
FNILX|2018-10-01|10.08|10.08|10.08|10.08|0|9.910666
FNILX|2018-10-02|10.08|10.08|10.08|10.08|0|9.910666
FNILX|2018-10-03|10.09|10.09|10.09|10.09|0|9.920498
FNILX|2018-10-04|10|10|10|10|0|9.83201
FNILX|2018-10-05|9.95|9.95|9.95|9.95|0|9.78285
FNILX|2018-10-08|9.94|9.94|9.94|9.94|0|9.773018
FNILX|2018-10-09|9.93|9.93|9.93|9.93|0|9.763186
FNILX|2018-10-10|9.6|9.6|9.6|9.6|0|9.43873
FNILX|2018-10-11|9.4|9.4|9.4|9.4|0|9.242088
FNILX|2018-10-12|9.54|9.54|9.54|9.54|0|9.379737
FNILX|2018-10-15|9.48|9.48|9.48|9.48|0|9.320745
FNILX|2018-10-16|9.69|9.69|9.69|9.69|0|9.527217
FNILX|2018-10-17|9.69|9.69|9.69|9.69|0|9.527217
FNILX|2018-10-18|9.54|9.54|9.54|9.54|0|9.379737
FNILX|2018-10-19|9.54|9.54|9.54|9.54|0|9.379737
FNILX|2018-10-22|9.5|9.5|9.5|9.5|0|9.340409
FNILX|2018-10-23|9.45|9.45|9.45|9.45|0|9.291249
FNILX|2018-10-24|9.15|9.15|9.15|9.15|0|8.996288
FNILX|2018-10-25|9.32|9.32|9.32|9.32|0|9.163433
FNILX|2018-10-26|9.16|9.16|9.16|9.16|0|9.006121
FNILX|2018-10-29|9.1|9.1|9.1|9.1|0|8.947129
FNILX|2018-10-30|9.24|9.24|9.24|9.24|0|9.084777
FNILX|2018-10-31|9.35|9.35|9.35|9.35|0|9.19293
FNILX|2018-11-01|9.46|9.46|9.46|9.46|0|9.301082
FNILX|2018-11-02|9.39|9.39|9.39|9.39|0|9.232258
FNILX|2018-11-05|9.44|9.44|9.44|9.44|0|9.281417
FNILX|2018-11-06|9.5|9.5|9.5|9.5|0|9.340409
FNILX|2018-11-07|9.7|9.7|9.7|9.7|0|9.537049
FNILX|2018-11-08|9.68|9.68|9.68|9.68|0|9.517385
FNILX|2018-11-09|9.59|9.59|9.59|9.59|0|9.428897
FNILX|2018-11-12|9.4|9.4|9.4|9.4|0|9.242088
FNILX|2018-11-13|9.39|9.39|9.39|9.39|0|9.232258
FNILX|2018-11-14|9.32|9.32|9.32|9.32|0|9.163433
FNILX|2018-11-15|9.42|9.42|9.42|9.42|0|9.261753
FNILX|2018-11-16|9.44|9.44|9.44|9.44|0|9.281417
FNILX|2018-11-19|9.28|9.28|9.28|9.28|0|9.124104
FNILX|2018-11-20|9.11|9.11|9.11|9.11|0|8.956961
FNILX|2018-11-21|9.14|9.14|9.14|9.14|0|8.986458
FNILX|2018-11-23|9.08|9.08|9.08|9.08|0|8.927464
FNILX|2018-11-26|9.23|9.23|9.23|9.23|0|9.074944
FNILX|2018-11-27|9.26|9.26|9.26|9.26|0|9.104442
FNILX|2018-11-28|9.47|9.47|9.47|9.47|0|9.310913
FNILX|2018-11-29|9.45|9.45|9.45|9.45|0|9.291249
FNILX|2018-11-30|9.53|9.53|9.53|9.53|0|9.369905
FNILX|2018-12-03|9.64|9.64|9.64|9.64|0|9.478058
FNILX|2018-12-04|9.33|9.33|9.33|9.33|0|9.173265
FNILX|2018-12-06|9.32|9.32|9.32|9.32|0|9.163433
FNILX|2018-12-07|9.1|9.1|9.1|9.1|0|8.947129
FNILX|2018-12-10|9.11|9.11|9.11|9.11|0|8.956961
FNILX|2018-12-11|9.11|9.11|9.11|9.11|0|8.956961
FNILX|2018-12-12|9.16|9.16|9.16|9.16|0|9.006121
FNILX|2018-12-13|9.16|9.16|9.16|9.16|0|9.006121
FNILX|2018-12-14|8.95|8.95|8.95|8.95|0|8.833401
FNILX|2018-12-17|8.77|8.77|8.77|8.77|0|8.655746
FNILX|2018-12-18|8.77|8.77|8.77|8.77|0|8.655746
FNILX|2018-12-19|8.63|8.63|8.63|8.63|0|8.51757
FNILX|2018-12-20|8.5|8.5|8.5|8.5|0|8.389263
FNILX|2018-12-21|8.32|8.32|8.32|8.32|0|8.211608
FNILX|2018-12-24|8.09|8.09|8.09|8.09|0|7.984605
FNILX|2018-12-26|8.5|8.5|8.5|8.5|0|8.389263
FNILX|2018-12-27|8.57|8.57|8.57|8.57|0|8.458351
FNILX|2018-12-28|8.56|8.56|8.56|8.56|0|8.45934
FNILX|2018-12-31|8.63|8.63|8.63|8.63|0|8.528517
FNILX|2019-01-02|8.63|8.63|8.63|8.63|0|8.528517
FNILX|2019-01-03|8.43|8.43|8.43|8.43|0|8.330869
FNILX|2019-01-04|8.72|8.72|8.72|8.72|0|8.617458
FNILX|2019-01-07|8.78|8.78|8.78|8.78|0|8.676752
FNILX|2019-01-08|8.86|8.86|8.86|8.86|0|8.755812
FNILX|2019-01-09|8.91|8.91|8.91|8.91|0|8.805223
FNILX|2019-01-10|8.95|8.95|8.95|8.95|0|8.844753
FNILX|2019-01-11|8.94|8.94|8.94|8.94|0|8.83487
FNILX|2019-01-14|8.9|8.9|8.9|8.9|0|8.795341
FNILX|2019-01-15|8.99|8.99|8.99|8.99|0|8.884283
FNILX|2019-01-16|9.01|9.01|9.01|9.01|0|8.904048
FNILX|2019-01-17|9.08|9.08|9.08|9.08|0|8.973225
FNILX|2019-01-18|9.2|9.2|9.2|9.2|0|9.091813
FNILX|2019-01-22|9.07|9.07|9.07|9.07|0|8.963342
FNILX|2019-01-23|9.09|9.09|9.09|9.09|0|8.983108
FNILX|2019-01-24|9.1|9.1|9.1|9.1|0|8.99299
FNILX|2019-01-25|9.19|9.19|9.19|9.19|0|9.081931
FNILX|2019-01-28|9.11|9.11|9.11|9.11|0|9.002872
FNILX|2019-01-29|9.1|9.1|9.1|9.1|0|8.99299
FNILX|2019-01-30|9.24|9.24|9.24|9.24|0|9.131343
FNILX|2019-01-31|9.33|9.33|9.33|9.33|0|9.220284
FNILX|2019-02-01|9.34|9.34|9.34|9.34|0|9.230167
FNILX|2019-02-04|9.4|9.4|9.4|9.4|0|9.289461
FNILX|2019-02-05|9.45|9.45|9.45|9.45|0|9.338874
FNILX|2019-02-06|9.43|9.43|9.43|9.43|0|9.319109
FNILX|2019-02-07|9.34|9.34|9.34|9.34|0|9.230167
FNILX|2019-02-08|9.35|9.35|9.35|9.35|0|9.24005
FNILX|2019-02-11|9.36|9.36|9.36|9.36|0|9.249931
FNILX|2019-02-12|9.48|9.48|9.48|9.48|0|9.368521
FNILX|2019-02-13|9.51|9.51|9.51|9.51|0|9.398169
FNILX|2019-02-14|9.48|9.48|9.48|9.48|0|9.368521
FNILX|2019-02-15|9.59|9.59|9.59|9.59|0|9.477227
FNILX|2019-02-19|9.6|9.6|9.6|9.6|0|9.48711
FNILX|2019-02-20|9.62|9.62|9.62|9.62|0|9.506874
FNILX|2019-02-21|9.59|9.59|9.59|9.59|0|9.477227
FNILX|2019-02-22|9.65|9.65|9.65|9.65|0|9.536521
FNILX|2019-02-25|9.66|9.66|9.66|9.66|0|9.546404
FNILX|2019-02-26|9.66|9.66|9.66|9.66|0|9.546404
FNILX|2019-02-27|9.66|9.66|9.66|9.66|0|9.546404
FNILX|2019-02-28|9.63|9.63|9.63|9.63|0|9.516757
FNILX|2019-03-01|9.7|9.7|9.7|9.7|0|9.585934
FNILX|2019-03-04|9.65|9.65|9.65|9.65|0|9.536521
FNILX|2019-03-05|9.64|9.64|9.64|9.64|0|9.52664
FNILX|2019-03-06|9.58|9.58|9.58|9.58|0|9.467345
FNILX|2019-03-07|9.51|9.51|9.51|9.51|0|9.398169
FNILX|2019-03-08|9.49|9.49|9.49|9.49|0|9.378403
FNILX|2019-03-11|9.63|9.63|9.63|9.63|0|9.516757
FNILX|2019-03-12|9.66|9.66|9.66|9.66|0|9.546404
FNILX|2019-03-13|9.73|9.73|9.73|9.73|0|9.615581
FNILX|2019-03-14|9.72|9.72|9.72|9.72|0|9.605699
FNILX|2019-03-15|9.77|9.77|9.77|9.77|0|9.655111
FNILX|2019-03-18|9.81|9.81|9.81|9.81|0|9.694641
FNILX|2019-03-19|9.8|9.8|9.8|9.8|0|9.684758
FNILX|2019-03-20|9.78|9.78|9.78|9.78|0|9.664992
FNILX|2019-03-21|9.89|9.89|9.89|9.89|0|9.7737
FNILX|2019-03-22|9.7|9.7|9.7|9.7|0|9.585934
FNILX|2019-03-25|9.69|9.69|9.69|9.69|0|9.576051
FNILX|2019-03-26|9.76|9.76|9.76|9.76|0|9.645228
FNILX|2019-03-27|9.71|9.71|9.71|9.71|0|9.595817
FNILX|2019-03-28|9.75|9.75|9.75|9.75|0|9.635345
FNILX|2019-03-29|9.81|9.81|9.81|9.81|0|9.694641
FNILX|2019-04-01|9.93|9.93|9.93|9.93|0|9.81323
FNILX|2019-04-02|9.93|9.93|9.93|9.93|0|9.81323
FNILX|2019-04-03|9.95|9.95|9.95|9.95|0|9.832994
FNILX|2019-04-04|9.97|9.97|9.97|9.97|0|9.852759
FNILX|2019-04-05|10.01|10.01|10.01|10.01|0|9.892288
FNILX|2019-04-08|10.03|10.03|10.03|10.03|0|9.912053
FNILX|2019-04-09|9.97|9.97|9.97|9.97|0|9.852759
FNILX|2019-04-10|10.01|10.01|10.01|10.01|0|9.892288
FNILX|2019-04-11|10.01|10.01|10.01|10.01|0|9.892288
FNILX|2019-04-12|10.07|10.07|10.07|10.07|0|9.951583
FNILX|2019-04-15|10.07|10.07|10.07|10.07|0|9.951583
FNILX|2019-04-16|10.07|10.07|10.07|10.07|0|9.951583
FNILX|2019-04-17|10.05|10.05|10.05|10.05|0|9.931818
FNILX|2019-04-18|10.06|10.06|10.06|10.06|0|9.941701
FNILX|2019-04-22|10.08|10.08|10.08|10.08|0|9.961465
FNILX|2019-04-23|10.17|10.17|10.17|10.17|0|10.050407
FNILX|2019-04-24|10.14|10.14|10.14|10.14|0|10.02076
FNILX|2019-04-25|10.14|10.14|10.14|10.14|0|10.02076
FNILX|2019-04-26|10.19|10.19|10.19|10.19|0|10.070171
FNILX|2019-04-29|10.2|10.2|10.2|10.2|0|10.080054
FNILX|2019-04-30|10.21|10.21|10.21|10.21|0|10.089936
FNILX|2019-05-01|10.14|10.14|10.14|10.14|0|10.02076
FNILX|2019-05-02|10.12|10.12|10.12|10.12|0|10.000995
FNILX|2019-05-03|10.22|10.22|10.22|10.22|0|10.099819
FNILX|2019-05-06|10.17|10.17|10.17|10.17|0|10.050407
FNILX|2019-05-07|10|10|10|10|0|9.882406
FNILX|2019-05-08|9.99|9.99|9.99|9.99|0|9.872523
FNILX|2019-05-09|9.96|9.96|9.96|9.96|0|9.842876
FNILX|2019-05-10|10|10|10|10|0|9.882406
FNILX|2019-05-13|9.76|9.76|9.76|9.76|0|9.645228
FNILX|2019-05-14|9.84|9.84|9.84|9.84|0|9.724288
FNILX|2019-05-15|9.9|9.9|9.9|9.9|0|9.783582
FNILX|2019-05-16|10|10|10|10|0|9.882406
FNILX|2019-05-17|9.94|9.94|9.94|9.94|0|9.823112
FNILX|2019-05-20|9.87|9.87|9.87|9.87|0|9.753935
FNILX|2019-05-21|9.95|9.95|9.95|9.95|0|9.832994
FNILX|2019-05-22|9.93|9.93|9.93|9.93|0|9.81323
FNILX|2019-05-23|9.81|9.81|9.81|9.81|0|9.694641
FNILX|2019-05-24|9.82|9.82|9.82|9.82|0|9.704522
FNILX|2019-05-28|9.74|9.74|9.74|9.74|0|9.625463
FNILX|2019-05-29|9.67|9.67|9.67|9.67|0|9.556287
FNILX|2019-05-30|9.7|9.7|9.7|9.7|0|9.585934
FNILX|2019-05-31|9.57|9.57|9.57|9.57|0|9.457462
FNILX|2019-06-03|9.54|9.54|9.54|9.54|0|9.427815
FNILX|2019-06-04|9.75|9.75|9.75|9.75|0|9.635345
FNILX|2019-06-05|9.83|9.83|9.83|9.83|0|9.714405
FNILX|2019-06-06|9.89|9.89|9.89|9.89|0|9.7737
FNILX|2019-06-07|10|10|10|10|0|9.882406
FNILX|2019-06-10|10.05|10.05|10.05|10.05|0|9.931818
FNILX|2019-06-11|10.04|10.04|10.04|10.04|0|9.921936
FNILX|2019-06-12|10.02|10.02|10.02|10.02|0|9.902171
FNILX|2019-06-13|10.07|10.07|10.07|10.07|0|9.951583
FNILX|2019-06-14|10.05|10.05|10.05|10.05|0|9.931818
FNILX|2019-06-17|10.06|10.06|10.06|10.06|0|9.941701
FNILX|2019-06-18|10.16|10.16|10.16|10.16|0|10.040524
FNILX|2019-06-19|10.19|10.19|10.19|10.19|0|10.070171
FNILX|2019-06-20|10.29|10.29|10.29|10.29|0|10.168996
FNILX|2019-06-21|10.27|10.27|10.27|10.27|0|10.149231
FNILX|2019-06-24|10.26|10.26|10.26|10.26|0|10.139349
FNILX|2019-06-25|10.16|10.16|10.16|10.16|0|10.040524
FNILX|2019-06-26|10.14|10.14|10.14|10.14|0|10.02076
FNILX|2019-06-27|10.18|10.18|10.18|10.18|0|10.060289
FNILX|2019-06-28|10.24|10.24|10.24|10.24|0|10.119583
FNILX|2019-07-01|10.33|10.33|10.33|10.33|0|10.208526
FNILX|2019-07-02|10.36|10.36|10.36|10.36|0|10.238173
FNILX|2019-07-03|10.44|10.44|10.44|10.44|0|10.317231
FNILX|2019-07-05|10.42|10.42|10.42|10.42|0|10.297467
FNILX|2019-07-08|10.37|10.37|10.37|10.37|0|10.248055
FNILX|2019-07-09|10.39|10.39|10.39|10.39|0|10.26782
FNILX|2019-07-10|10.44|10.44|10.44|10.44|0|10.317231
FNILX|2019-07-11|10.46|10.46|10.46|10.46|0|10.336997
FNILX|2019-07-12|10.46|10.46|10.46|10.46|0|10.336997
FNILX|2019-07-15|10.51|10.51|10.51|10.51|0|10.386409
FNILX|2019-07-16|10.48|10.48|10.48|10.48|0|10.356761
FNILX|2019-07-17|10.41|10.41|10.41|10.41|0|10.287584
FNILX|2019-07-18|10.45|10.45|10.45|10.45|0|10.327114
FNILX|2019-07-19|10.39|10.39|10.39|10.39|0|10.26782
FNILX|2019-07-22|10.42|10.42|10.42|10.42|0|10.297467
FNILX|2019-07-23|10.49|10.49|10.49|10.49|0|10.366644
FNILX|2019-07-24|10.54|10.54|10.54|10.54|0|10.416056
FNILX|2019-07-25|10.48|10.48|10.48|10.48|0|10.356761
FNILX|2019-07-26|10.56|10.56|10.56|10.56|0|10.435822
FNILX|2019-07-29|10.54|10.54|10.54|10.54|0|10.416056
FNILX|2019-07-30|10.52|10.52|10.52|10.52|0|10.396292
FNILX|2019-07-31|10.4|10.4|10.4|10.4|0|10.277702
FNILX|2019-08-01|10.31|10.31|10.31|10.31|0|10.188761
FNILX|2019-08-02|10.23|10.23|10.23|10.23|0|10.109701
FNILX|2019-08-05|9.93|9.93|9.93|9.93|0|9.81323
FNILX|2019-08-06|10.06|10.06|10.06|10.06|0|9.941701
FNILX|2019-08-07|10.06|10.06|10.06|10.06|0|9.941701
FNILX|2019-08-08|10.26|10.26|10.26|10.26|0|10.139349
FNILX|2019-08-09|10.19|10.19|10.19|10.19|0|10.070171
FNILX|2019-08-12|10.07|10.07|10.07|10.07|0|9.951583
FNILX|2019-08-13|10.22|10.22|10.22|10.22|0|10.099819
FNILX|2019-08-14|9.93|9.93|9.93|9.93|0|9.81323
FNILX|2019-08-15|9.95|9.95|9.95|9.95|0|9.832994
FNILX|2019-08-16|10.1|10.1|10.1|10.1|0|9.981231
FNILX|2019-08-19|10.22|10.22|10.22|10.22|0|10.099819
FNILX|2019-08-20|10.14|10.14|10.14|10.14|0|10.02076
FNILX|2019-08-21|10.22|10.22|10.22|10.22|0|10.099819
FNILX|2019-08-22|10.22|10.22|10.22|10.22|0|10.099819
FNILX|2019-08-23|9.95|9.95|9.95|9.95|0|9.832994
FNILX|2019-08-26|10.06|10.06|10.06|10.06|0|9.941701
FNILX|2019-08-27|10.03|10.03|10.03|10.03|0|9.912053
FNILX|2019-08-28|10.09|10.09|10.09|10.09|0|9.971348
FNILX|2019-08-29|10.23|10.23|10.23|10.23|0|10.109701
FNILX|2019-08-30|10.23|10.23|10.23|10.23|0|10.109701
FNILX|2019-09-03|10.16|10.16|10.16|10.16|0|10.040524
FNILX|2019-09-04|10.27|10.27|10.27|10.27|0|10.149231
FNILX|2019-09-05|10.41|10.41|10.41|10.41|0|10.287584
FNILX|2019-09-06|10.42|10.42|10.42|10.42|0|10.297467
FNILX|2019-09-09|10.41|10.41|10.41|10.41|0|10.287584
FNILX|2019-09-10|10.42|10.42|10.42|10.42|0|10.297467
FNILX|2019-09-11|10.49|10.49|10.49|10.49|0|10.366644
FNILX|2019-09-12|10.52|10.52|10.52|10.52|0|10.396292
FNILX|2019-09-13|10.52|10.52|10.52|10.52|0|10.396292
FNILX|2019-09-16|10.49|10.49|10.49|10.49|0|10.366644
FNILX|2019-09-17|10.52|10.52|10.52|10.52|0|10.396292
FNILX|2019-09-18|10.52|10.52|10.52|10.52|0|10.396292
FNILX|2019-09-19|10.52|10.52|10.52|10.52|0|10.396292
FNILX|2019-09-20|10.47|10.47|10.47|10.47|0|10.346879
FNILX|2019-09-23|10.47|10.47|10.47|10.47|0|10.346879
FNILX|2019-09-24|10.38|10.38|10.38|10.38|0|10.257937
FNILX|2019-09-25|10.44|10.44|10.44|10.44|0|10.317231
FNILX|2019-09-26|10.42|10.42|10.42|10.42|0|10.297467
FNILX|2019-09-27|10.36|10.36|10.36|10.36|0|10.238173
FNILX|2019-09-30|10.42|10.42|10.42|10.42|0|10.297467
FNILX|2019-10-01|10.29|10.29|10.29|10.29|0|10.168996
FNILX|2019-10-02|10.11|10.11|10.11|10.11|0|9.991112
FNILX|2019-10-03|10.19|10.19|10.19|10.19|0|10.070171
FNILX|2019-10-04|10.34|10.34|10.34|10.34|0|10.218408
FNILX|2019-10-07|10.29|10.29|10.29|10.29|0|10.168996
FNILX|2019-10-08|10.13|10.13|10.13|10.13|0|10.010878
FNILX|2019-10-09|10.23|10.23|10.23|10.23|0|10.109701
FNILX|2019-10-10|10.29|10.29|10.29|10.29|0|10.168996
FNILX|2019-10-11|10.41|10.41|10.41|10.41|0|10.287584
FNILX|2019-10-14|10.39|10.39|10.39|10.39|0|10.26782
FNILX|2019-10-15|10.5|10.5|10.5|10.5|0|10.376526
FNILX|2019-10-16|10.47|10.47|10.47|10.47|0|10.346879
FNILX|2019-10-17|10.5|10.5|10.5|10.5|0|10.376526
FNILX|2019-10-18|10.46|10.46|10.46|10.46|0|10.336997
FNILX|2019-10-21|10.53|10.53|10.53|10.53|0|10.406174
FNILX|2019-10-22|10.49|10.49|10.49|10.49|0|10.366644
FNILX|2019-10-23|10.52|10.52|10.52|10.52|0|10.396292
FNILX|2019-10-24|10.55|10.55|10.55|10.55|0|10.425939
FNILX|2019-10-25|10.59|10.59|10.59|10.59|0|10.465468
FNILX|2019-10-28|10.65|10.65|10.65|10.65|0|10.524762
FNILX|2019-10-29|10.65|10.65|10.65|10.65|0|10.524762
FNILX|2019-10-30|10.68|10.68|10.68|10.68|0|10.55441
FNILX|2019-10-31|10.65|10.65|10.65|10.65|0|10.524762
FNILX|2019-11-01|10.75|10.75|10.75|10.75|0|10.623587
FNILX|2019-11-04|10.79|10.79|10.79|10.79|0|10.663116
FNILX|2019-11-05|10.78|10.78|10.78|10.78|0|10.653234
FNILX|2019-11-06|10.78|10.78|10.78|10.78|0|10.653234
FNILX|2019-11-07|10.82|10.82|10.82|10.82|0|10.692763
FNILX|2019-11-08|10.85|10.85|10.85|10.85|0|10.722411
FNILX|2019-11-11|10.83|10.83|10.83|10.83|0|10.702645
FNILX|2019-11-12|10.85|10.85|10.85|10.85|0|10.722411
FNILX|2019-11-13|10.86|10.86|10.86|10.86|0|10.732292
FNILX|2019-11-14|10.87|10.87|10.87|10.87|0|10.742175
FNILX|2019-11-15|10.95|10.95|10.95|10.95|0|10.821235
FNILX|2019-11-18|10.96|10.96|10.96|10.96|0|10.831117
FNILX|2019-11-19|10.96|10.96|10.96|10.96|0|10.831117
FNILX|2019-11-20|10.92|10.92|10.92|10.92|0|10.791588
FNILX|2019-11-21|10.9|10.9|10.9|10.9|0|10.771822
FNILX|2019-11-22|10.93|10.93|10.93|10.93|0|10.80147
FNILX|2019-11-25|11.01|11.01|11.01|11.01|0|10.880529
FNILX|2019-11-26|11.03|11.03|11.03|11.03|0|10.900293
FNILX|2019-11-27|11.08|11.08|11.08|11.08|0|10.949706
FNILX|2019-11-29|11.04|11.04|11.04|11.04|0|10.910176
FNILX|2019-12-02|10.95|10.95|10.95|10.95|0|10.821235
FNILX|2019-12-03|10.87|10.87|10.87|10.87|0|10.742175
FNILX|2019-12-04|10.94|10.94|10.94|10.94|0|10.811352
FNILX|2019-12-05|10.96|10.96|10.96|10.96|0|10.831117
FNILX|2019-12-06|11.06|11.06|11.06|11.06|0|10.929941
FNILX|2019-12-09|11.03|11.03|11.03|11.03|0|10.900293
FNILX|2019-12-10|11.02|11.02|11.02|11.02|0|10.890412
FNILX|2019-12-11|11.05|11.05|11.05|11.05|0|10.920059
FNILX|2019-12-12|11.14|11.14|11.14|11.14|0|11.009001
FNILX|2019-12-13|11.01|11.01|11.01|11.01|0|11.01
FNILX|2019-12-16|11.09|11.09|11.09|11.09|0|11.09
FNILX|2019-12-17|11.1|11.1|11.1|11.1|0|11.1
FNILX|2019-12-18|11.09|11.09|11.09|11.09|0|11.09
FNILX|2019-12-19|11.15|11.15|11.15|11.15|0|11.15
FNILX|2019-12-20|11.2|11.2|11.2|11.2|0|11.2
FNILX|2019-12-23|11.21|11.21|11.21|11.21|0|11.21
FNILX|2019-12-24|11.21|11.21|11.21|11.21|0|11.21
FNILX|2019-12-26|11.27|11.27|11.27|11.27|0|11.27
FNILX|2019-12-27|11.27|11.27|11.27|11.27|0|11.27
FNILX|2019-12-30|11.21|11.21|11.21|11.21|0|11.21
FNILX|2019-12-31|11.24|11.24|11.24|11.24|0|11.24
FNILX|2020-01-02|11.34|11.34|11.34|11.34|0|11.34
FNILX|2020-01-03|11.26|11.26|11.26|11.26|0|11.26
FNILX|2020-01-06|11.3|11.3|11.3|11.3|0|11.3
FNILX|2020-01-07|11.27|11.27|11.27|11.27|0|11.27
FNILX|2020-01-08|11.33|11.33|11.33|11.33|0|11.33
FNILX|2020-01-09|11.41|11.41|11.41|11.41|0|11.41
FNILX|2020-01-10|11.38|11.38|11.38|11.38|0|11.38
FNILX|2020-01-13|11.46|11.46|11.46|11.46|0|11.46
FNILX|2020-01-14|11.44|11.44|11.44|11.44|0|11.44
FNILX|2020-01-15|11.46|11.46|11.46|11.46|0|11.46
FNILX|2020-01-16|11.56|11.56|11.56|11.56|0|11.56
FNILX|2020-01-17|11.6|11.6|11.6|11.6|0|11.6
FNILX|2020-01-21|11.57|11.57|11.57|11.57|0|11.57
FNILX|2020-01-22|11.58|11.58|11.58|11.58|0|11.58
FNILX|2020-01-23|11.59|11.59|11.59|11.59|0|11.59
FNILX|2020-01-24|11.49|11.49|11.49|11.49|0|11.49
FNILX|2020-01-27|11.31|11.31|11.31|11.31|0|11.31
FNILX|2020-01-28|11.42|11.42|11.42|11.42|0|11.42
FNILX|2020-01-29|11.41|11.41|11.41|11.41|0|11.41
FNILX|2020-01-30|11.45|11.45|11.45|11.45|0|11.45
FNILX|2020-01-31|11.25|11.25|11.25|11.25|0|11.25
FNILX|2020-02-03|11.34|11.34|11.34|11.34|0|11.34
FNILX|2020-02-04|11.52|11.52|11.52|11.52|0|11.52
FNILX|2020-02-05|11.64|11.64|11.64|11.64|0|11.64
FNILX|2020-02-06|11.68|11.68|11.68|11.68|0|11.68
FNILX|2020-02-07|11.62|11.62|11.62|11.62|0|11.62
FNILX|2020-02-10|11.71|11.71|11.71|11.71|0|11.71
FNILX|2020-02-11|11.73|11.73|11.73|11.73|0|11.73
FNILX|2020-02-12|11.81|11.81|11.81|11.81|0|11.81
FNILX|2020-02-13|11.79|11.79|11.79|11.79|0|11.79
FNILX|2020-02-14|11.82|11.82|11.82|11.82|0|11.82
FNILX|2020-02-18|11.79|11.79|11.79|11.79|0|11.79
FNILX|2020-02-19|11.85|11.85|11.85|11.85|0|11.85
FNILX|2020-02-20|11.81|11.81|11.81|11.81|0|11.81
FNILX|2020-02-21|11.68|11.68|11.68|11.68|0|11.68
FNILX|2020-02-24|11.29|11.29|11.29|11.29|0|11.29
FNILX|2020-02-25|10.95|10.95|10.95|10.95|0|10.95
FNILX|2020-02-26|10.91|10.91|10.91|10.91|0|10.91
FNILX|2020-02-27|10.43|10.43|10.43|10.43|0|10.43
FNILX|2020-02-28|10.34|10.34|10.34|10.34|0|10.34
FNILX|2020-03-02|10.82|10.82|10.82|10.82|0|10.82
FNILX|2020-03-03|10.52|10.52|10.52|10.52|0|10.52
FNILX|2020-03-04|10.96|10.96|10.96|10.96|0|10.96
FNILX|2020-03-05|10.6|10.6|10.6|10.6|0|10.6
FNILX|2020-03-06|10.42|10.42|10.42|10.42|0|10.42
FNILX|2020-03-09|9.63|9.63|9.63|9.63|0|9.63
FNILX|2020-03-10|10.1|10.1|10.1|10.1|0|10.1
FNILX|2020-03-11|9.6|9.6|9.6|9.6|0|9.6
FNILX|2020-03-12|8.69|8.69|8.69|8.69|0|8.69
FNILX|2020-03-13|9.49|9.49|9.49|9.49|0|9.49
FNILX|2020-03-16|8.34|8.34|8.34|8.34|0|8.34
FNILX|2020-03-17|8.84|8.84|8.84|8.84|0|8.84
FNILX|2020-03-18|8.37|8.37|8.37|8.37|0|8.37
FNILX|2020-03-19|8.43|8.43|8.43|8.43|0|8.43
FNILX|2020-03-20|8.07|8.07|8.07|8.07|0|8.07
FNILX|2020-03-23|7.85|7.85|7.85|7.85|0|7.85
FNILX|2020-03-24|8.58|8.58|8.58|8.58|0|8.58
FNILX|2020-03-25|8.68|8.68|8.68|8.68|0|8.68
FNILX|2020-03-26|9.23|9.23|9.23|9.23|0|9.23
FNILX|2020-03-27|8.92|8.92|8.92|8.92|0|8.92
FNILX|2020-03-30|9.22|9.22|9.22|9.22|0|9.22
FNILX|2020-03-31|9.07|9.07|9.07|9.07|0|9.07
FNILX|2020-04-01|8.67|8.67|8.67|8.67|0|8.67
FNILX|2020-04-02|8.87|8.87|8.87|8.87|0|8.87
FNILX|2020-04-03|8.73|8.73|8.73|8.73|0|8.73
FNILX|2020-04-06|9.35|9.35|9.35|9.35|0|9.35
FNILX|2020-04-07|9.33|9.33|9.33|9.33|0|9.33
FNILX|2020-04-08|9.65|9.65|9.65|9.65|0|9.65
FNILX|2020-04-09|9.79|9.79|9.79|9.79|0|9.79
FNILX|2020-04-13|9.7|9.7|9.7|9.7|0|9.7
FNILX|2020-04-14|10|10|10|10|0|10
FNILX|2020-04-15|9.79|9.79|9.79|9.79|0|9.79
FNILX|2020-04-16|9.85|9.85|9.85|9.85|0|9.85
FNILX|2020-04-17|10.12|10.12|10.12|10.12|0|10.12
FNILX|2020-04-20|9.94|9.94|9.94|9.94|0|9.94
FNILX|2020-04-21|9.63|9.63|9.63|9.63|0|9.63
FNILX|2020-04-22|9.86|9.86|9.86|9.86|0|9.86
FNILX|2020-04-23|9.85|9.85|9.85|9.85|0|9.85
FNILX|2020-04-24|9.99|9.99|9.99|9.99|0|9.99
FNILX|2020-04-27|10.14|10.14|10.14|10.14|0|10.14
FNILX|2020-04-28|10.08|10.08|10.08|10.08|0|10.08
FNILX|2020-04-29|10.35|10.35|10.35|10.35|0|10.35
FNILX|2020-04-30|10.25|10.25|10.25|10.25|0|10.25
FNILX|2020-05-01|9.96|9.96|9.96|9.96|0|9.96
FNILX|2020-05-04|10.01|10.01|10.01|10.01|0|10.01
FNILX|2020-05-05|10.11|10.11|10.11|10.11|0|10.11
FNILX|2020-05-06|10.04|10.04|10.04|10.04|0|10.04
FNILX|2020-05-07|10.17|10.17|10.17|10.17|0|10.17
FNILX|2020-05-08|10.34|10.34|10.34|10.34|0|10.34
FNILX|2020-05-11|10.35|10.35|10.35|10.35|0|10.35
FNILX|2020-05-12|10.14|10.14|10.14|10.14|0|10.14
FNILX|2020-05-13|9.96|9.96|9.96|9.96|0|9.96
FNILX|2020-05-14|10.08|10.08|10.08|10.08|0|10.08
FNILX|2020-05-15|10.12|10.12|10.12|10.12|0|10.12
FNILX|2020-05-18|10.43|10.43|10.43|10.43|0|10.43
FNILX|2020-05-19|10.33|10.33|10.33|10.33|0|10.33
FNILX|2020-05-20|10.5|10.5|10.5|10.5|0|10.5
FNILX|2020-05-21|10.43|10.43|10.43|10.43|0|10.43
FNILX|2020-05-22|10.46|10.46|10.46|10.46|0|10.46
FNILX|2020-05-26|10.58|10.58|10.58|10.58|0|10.58
FNILX|2020-05-27|10.73|10.73|10.73|10.73|0|10.73
FNILX|2020-05-28|10.71|10.71|10.71|10.71|0|10.71
FNILX|2020-05-29|10.78|10.78|10.78|10.78|0|10.78
FNILX|2020-06-01|10.82|10.82|10.82|10.82|0|10.82
FNILX|2020-06-02|10.91|10.91|10.91|10.91|0|10.91
FNILX|2020-06-03|11.05|11.05|11.05|11.05|0|11.05
FNILX|2020-06-04|11.01|11.01|11.01|11.01|0|11.01
FNILX|2020-06-05|11.29|11.29|11.29|11.29|0|11.29
FNILX|2020-06-08|11.43|11.43|11.43|11.43|0|11.43
FNILX|2020-06-09|11.34|11.34|11.34|11.34|0|11.34
FNILX|2020-06-10|11.3|11.3|11.3|11.3|0|11.3
FNILX|2020-06-11|10.64|10.64|10.64|10.64|0|10.64
FNILX|2020-06-12|10.78|10.78|10.78|10.78|0|10.78
FNILX|2020-06-15|10.87|10.87|10.87|10.87|0|10.87
FNILX|2020-06-16|11.08|11.08|11.08|11.08|0|11.08
FNILX|2020-06-17|11.04|11.04|11.04|11.04|0|11.04
FNILX|2020-06-18|11.05|11.05|11.05|11.05|0|11.05
FNILX|2020-06-19|11|11|11|11|0|11
FNILX|2020-06-22|11.07|11.07|11.07|11.07|0|11.07
FNILX|2020-06-23|11.11|11.11|11.11|11.11|0|11.11
FNILX|2020-06-24|10.83|10.83|10.83|10.83|0|10.83
FNILX|2020-06-25|10.95|10.95|10.95|10.95|0|10.95
FNILX|2020-06-26|10.69|10.69|10.69|10.69|0|10.69
FNILX|2020-06-29|10.84|10.84|10.84|10.84|0|10.84
FNILX|2020-06-30|11.02|11.02|11.02|11.02|0|11.02
FNILX|2020-07-01|11.08|11.08|11.08|11.08|0|11.08
FNILX|2020-07-02|11.13|11.13|11.13|11.13|0|11.13
FNILX|2020-07-06|11.32|11.32|11.32|11.32|0|11.32
FNILX|2020-07-07|11.2|11.2|11.2|11.2|0|11.2
FNILX|2020-07-08|11.29|11.29|11.29|11.29|0|11.29
FNILX|2020-07-09|11.24|11.24|11.24|11.24|0|11.24
FNILX|2020-07-10|11.36|11.36|11.36|11.36|0|11.36
FNILX|2020-07-13|11.24|11.24|11.24|11.24|0|11.24
FNILX|2020-07-14|11.39|11.39|11.39|11.39|0|11.39
FNILX|2020-07-15|11.49|11.49|11.49|11.49|0|11.49
FNILX|2020-07-16|11.45|11.45|11.45|11.45|0|11.45
FNILX|2020-07-17|11.49|11.49|11.49|11.49|0|11.49
