symbol|date|open|high|low|close|volume|adj
FOX|2019-03-13|38.599998|39.299999|38|39.200001|306000|38.398788
FOX|2019-03-14|39.5|40.650002|39.32|39.959999|279700|39.143253
FOX|2019-03-15|40.549999|41.049999|40.5|41.02|164200|40.181587
FOX|2019-03-18|41.73|41.73|40.470001|40.860001|581700|40.024857
FOX|2019-03-19|41.400002|41.400002|39.049999|39.549999|2540200|38.741631
FOX|2019-03-20|39.849998|39.851002|37.459999|37.599998|5147900|36.831486
FOX|2019-03-21|38|38.91|37.84|38.880001|8865500|38.085327
FOX|2019-03-22|38.759998|38.84|36.549999|37.459999|4902500|36.694351
FOX|2019-03-25|37.57|37.810001|36.349998|36.450001|4035100|35.704994
FOX|2019-03-26|36.459999|37.349998|36.459999|36.709999|3350900|35.959679
FOX|2019-03-27|36.75|37.169998|36.060001|36.200001|2871300|35.460102
FOX|2019-03-28|36.139999|36.470001|35.549999|35.669998|2220600|34.940937
FOX|2019-03-29|35.880001|36.169998|35.389999|35.880001|2679200|35.146648
FOX|2019-04-01|36.169998|36.34|35.939999|36.150002|4338400|35.411125
FOX|2019-04-02|36.209999|36.459999|35.209999|35.700001|1491200|34.970325
FOX|2019-04-03|35.779999|35.889999|35.299999|35.5|2831600|34.77441
FOX|2019-04-04|35.560001|36.07|35.389999|36.029999|2223200|35.293579
FOX|2019-04-05|35.990002|37.09|35.939999|36.98|2116200|36.224159
FOX|2019-04-08|36.939999|36.939999|36.650002|36.849998|1929000|36.096817
FOX|2019-04-09|36.810001|37.07|36.59|36.889999|1793900|36.136002
FOX|2019-04-10|36.91|37.049999|35.860001|35.93|843600|35.195625
FOX|2019-04-11|35.98|36.5|35.529999|36.41|978200|35.665813
FOX|2019-04-12|36.470001|37.080002|35.919998|36.950001|3175200|36.194775
FOX|2019-04-15|36.91|36.990002|36.470001|36.98|891200|36.224159
FOX|2019-04-16|37.110001|37.279999|36.93|37.209999|1869000|36.449463
FOX|2019-04-17|37.18|38.25|37.18|38.209999|2122100|37.42902
FOX|2019-04-18|38.34|38.369999|37.919998|37.919998|2315200|37.144947
FOX|2019-04-22|37.84|37.880001|37.110001|37.240002|1665000|36.478851
FOX|2019-04-23|37.220001|37.82|37.07|37.599998|5455100|36.831486
FOX|2019-04-24|37.509998|37.759998|37.330002|37.450001|1230800|36.684555
FOX|2019-04-25|37.48|37.68|37.040001|37.639999|1422800|36.87067
FOX|2019-04-26|37.799999|37.939999|37.400002|37.91|2505700|37.135155
FOX|2019-04-29|37.740002|38.91|37.689999|38.73|1716800|37.938389
FOX|2019-04-30|38.59|38.779999|37.889999|38.5|1810000|37.713093
FOX|2019-05-01|38.66|38.799999|38.09|38.740002|1475000|37.948193
FOX|2019-05-02|38.75|38.799999|36.5|36.84|2627700|36.087021
FOX|2019-05-03|36.860001|37.259998|36.639999|37.02|1229700|36.263344
FOX|2019-05-06|36.720001|37.400002|36.470001|37.310001|1533900|36.547421
FOX|2019-05-07|36.970001|37.220001|36.575001|36.700001|1412300|35.949883
FOX|2019-05-08|36.560001|37.080002|36.27|36.82|2108700|36.067432
FOX|2019-05-09|38.080002|38.630001|36.950001|37.970001|3458200|37.193928
FOX|2019-05-10|37.900002|38.25|36.98|38.049999|1633500|37.272289
FOX|2019-05-13|37.48|38.150002|37.220001|37.5|1598400|36.733532
FOX|2019-05-14|37.540001|38.025002|37.404999|37.48|1663100|36.71394
FOX|2019-05-15|37.240002|37.48|37.130001|37.23|873900|36.469048
FOX|2019-05-16|37.279999|37.599998|36.279999|36.32|2680000|35.577648
FOX|2019-05-17|36.080002|37.07|36.080002|36.830002|1084400|36.307148
FOX|2019-05-20|36.540001|37.139999|36.540001|36.68|996400|36.159275
FOX|2019-05-21|36.82|37.525002|36.639999|37.18|1272400|36.65218
FOX|2019-05-22|37.099998|37.290001|36.619999|36.669998|830200|36.149414
FOX|2019-05-23|36.389999|36.630001|36.18|36.509998|1860100|35.991684
FOX|2019-05-24|36.509998|36.759998|36.400002|36.450001|828100|35.932537
FOX|2019-05-28|36.59|36.950001|36.110001|36.16|2384600|35.64666
FOX|2019-05-29|36|36.16|35.279999|35.299999|1437600|34.798862
FOX|2019-05-30|35.360001|35.695|34.689999|34.810001|1079700|34.315823
FOX|2019-05-31|34.549999|34.810001|34.25|34.709999|1736500|34.217239
FOX|2019-06-03|34.610001|34.810001|33.32|33.779999|2219500|33.300446
FOX|2019-06-04|34.029999|34.810001|33.75|34.09|2276200|33.606045
FOX|2019-06-05|34.240002|34.57|33.900002|34.02|1346900|33.537037
FOX|2019-06-06|34.009998|34.23|33.599998|33.740002|1209100|33.261013
FOX|2019-06-07|33.84|34.049999|33.66|33.68|925100|33.201862
FOX|2019-06-10|33.860001|34.037998|33.560001|33.740002|1142800|33.261013
FOX|2019-06-11|33.77|34.040001|33.650002|33.830002|1201800|33.349739
FOX|2019-06-12|33.810001|34.735001|33.799999|34.700001|2240300|34.207382
FOX|2019-06-13|34.959999|35.119999|34.599998|34.939999|1315400|34.443974
FOX|2019-06-14|34.990002|35.16|34.560001|34.959999|2414700|34.463688
FOX|2019-06-17|35.18|35.965|35.040001|35.799999|2288000|35.291767
FOX|2019-06-18|36.09|36.720001|35.709999|35.830002|2680900|35.321342
FOX|2019-06-19|35.880001|36.080002|35.349998|35.740002|2011500|35.23262
FOX|2019-06-20|36.150002|36.150002|35.310001|35.349998|1879700|34.848156
FOX|2019-06-21|35.360001|37|35.040001|35.880001|4338300|35.370632
FOX|2019-06-24|35.720001|35.790001|35.389999|35.540001|1621000|35.035458
FOX|2019-06-25|35.450001|35.52|34.900002|35.189999|1853700|34.690426
FOX|2019-06-26|35.459999|35.889999|35.16|35.310001|2271900|34.808723
FOX|2019-06-27|35.360001|36.119999|35.060001|35.75|2880900|35.242477
FOX|2019-06-28|35.889999|36.639999|35.669998|36.529999|4921100|36.011402
FOX|2019-07-01|36.82|36.869999|35.715|35.959999|2691300|35.449493
FOX|2019-07-02|35.959999|36.57|35.959999|36.529999|1431200|36.011402
FOX|2019-07-03|36.700001|36.77|36.310001|36.349998|918900|35.833958
FOX|2019-07-05|36.279999|36.77|36.07|36.560001|1190600|36.040977
FOX|2019-07-08|36.360001|36.935001|36.049999|36.130001|910700|35.617085
FOX|2019-07-09|35.98|36.290001|35.790001|36.009998|1661300|35.498783
FOX|2019-07-10|36.110001|36.41|36.029999|36.139999|1177600|35.626938
FOX|2019-07-11|36.130001|36.369999|35.849998|36.310001|1206500|35.794529
FOX|2019-07-12|36.32|37.009998|36.32|36.959999|1582900|36.435299
FOX|2019-07-15|37.119999|37.209999|36.610001|37.040001|1344900|36.514164
FOX|2019-07-16|37.080002|37.110001|36.610001|36.689999|1613100|36.169128
FOX|2019-07-17|36.619999|36.720001|36.092999|36.169998|1892200|35.656513
FOX|2019-07-18|36.099998|36.759998|36|36.610001|3015700|36.090267
FOX|2019-07-19|36.709999|36.759998|36.200001|36.450001|1934300|35.932537
FOX|2019-07-22|36.470001|36.639999|36.279999|36.32|1557800|35.804382
FOX|2019-07-23|36.349998|36.75|35.990002|36.509998|2003200|35.991684
FOX|2019-07-24|36.459999|37.080002|36.439999|36.889999|1233500|36.366295
FOX|2019-07-25|36.91|37.540001|36.900002|37.43|1411800|36.898628
FOX|2019-07-26|37.369999|38.029999|37.330002|37.490002|915600|36.957779
FOX|2019-07-29|37.439999|37.84|37.34|37.689999|885800|37.154934
FOX|2019-07-30|37.5|38.060001|37.5|37.849998|1825500|37.312664
FOX|2019-07-31|37.700001|37.700001|36.771999|37.200001|1831300|36.671894
FOX|2019-08-01|37.16|37.450001|36.689999|36.84|1757900|36.317005
FOX|2019-08-02|36.84|36.849998|36.290001|36.560001|1113400|36.040977
FOX|2019-08-05|36.279999|36.48|35.75|36|2043700|35.48893
FOX|2019-08-06|35.93|36.509998|35.849998|36.400002|1536300|35.883251
FOX|2019-08-07|36.049999|36.93|35.759998|36.790001|1784900|36.267715
FOX|2019-08-08|37.34|37.34|34.889999|35|3361100|34.503124
FOX|2019-08-09|34.950001|35.560001|34.880001|35.369999|1337100|34.86787
FOX|2019-08-12|35.279999|35.279999|34.669998|34.810001|1335100|34.315823
FOX|2019-08-13|34.669998|35.529999|34.669998|35|1708100|34.503124
FOX|2019-08-14|34.779999|34.779999|33.369999|33.66|1372300|33.182148
FOX|2019-08-15|33.650002|34.029999|32.709999|32.810001|2007500|32.344219
FOX|2019-08-16|33.09|33.290001|32.709999|33.009998|1399300|32.541374
FOX|2019-08-19|33.310001|33.900002|33.299999|33.599998|1622600|33.122997
FOX|2019-08-20|33.5|33.82|33.25|33.360001|1711200|32.88641
FOX|2019-08-21|33.470001|33.509998|32.869999|33.150002|1408700|32.67939
FOX|2019-08-22|33.189999|33.34|32.73|32.82|1438800|32.354073
FOX|2019-08-23|32.66|32.720001|31.33|31.440001|1459900|30.993664
FOX|2019-08-26|31.67|31.82|31.280001|31.709999|1508600|31.259829
FOX|2019-08-27|31.9|32.049999|31.610001|31.620001|1763500|31.171108
FOX|2019-08-28|31.67|31.940001|31.33|31.559999|1002000|31.111959
FOX|2019-08-29|31.780001|32.799999|31.665001|32.450001|1727100|31.989325
FOX|2019-08-30|33.27|33.310001|32.470001|32.799999|1295500|32.334354
FOX|2019-09-03|32.400002|32.735001|32.16|32.43|904800|32.19537
FOX|2019-09-04|32.650002|33.259998|32.535|33.209999|970400|32.969727
FOX|2019-09-05|33.52|34.029999|33.23|33.91|965300|33.664661
FOX|2019-09-06|33.950001|34.349998|33.73|33.869999|875100|33.62495
FOX|2019-09-09|33.68|34.02|33.310001|33.990002|792500|33.744083
FOX|2019-09-10|33.759998|34.419998|33.759998|34.220001|1421800|33.97242
FOX|2019-09-11|34.099998|34.23|33.619999|33.970001|1073800|33.724228
FOX|2019-09-12|34.119999|34.119999|33.59|33.700001|1159600|33.456181
FOX|2019-09-13|33.68|34.080002|33.450001|33.709999|938800|33.466106
FOX|2019-09-16|33.52|33.66|33.349998|33.490002|653100|33.247704
FOX|2019-09-17|33.459999|33.459999|32.720001|32.82|890000|32.582546
FOX|2019-09-18|32.68|32.84|32.029999|32.5|1207900|32.264862
FOX|2019-09-19|32.57|32.66|31.9|31.969999|629400|31.738697
FOX|2019-09-20|31.889999|32.299999|31.629999|32.080002|1538800|31.847904
FOX|2019-09-23|32.16|32.334999|31.879999|32.18|841400|31.947178
FOX|2019-09-24|32.32|32.349998|31.4|31.530001|1201700|31.301882
FOX|2019-09-25|31.48|32.169998|31.48|32|1456400|31.76848
FOX|2019-09-26|32.060001|32.060001|31.35|31.469999|1314000|31.242313
FOX|2019-09-27|31.51|31.709999|31.129999|31.48|860400|31.252241
FOX|2019-09-30|31.68|31.85|31.34|31.540001|700200|31.31181
FOX|2019-10-01|31.700001|32.009998|31.129999|31.18|880700|30.954412
FOX|2019-10-02|30.99|31.200001|30.26|30.309999|1123900|30.090708
FOX|2019-10-03|30.25|30.43|29.67|30.389999|1061100|30.170128
FOX|2019-10-04|30.5|30.780001|30.34|30.485001|996300|30.264442
FOX|2019-10-07|30.51|31.040001|30.48|30.49|951500|30.269405
FOX|2019-10-08|30.209999|30.209999|29.610001|30.035|1232500|29.817698
FOX|2019-10-09|30.209999|30.41|29.940001|30.26|1147600|30.041069
FOX|2019-10-10|30.219999|30.530001|30.049999|30.424999|1161300|30.204874
FOX|2019-10-11|30.65|31.48|30.629999|31.16|1571700|30.934557
FOX|2019-10-14|31.059999|31.129999|30.745001|31.01|1178700|30.785643
FOX|2019-10-15|31.02|31.51|30.799999|31.440001|1148900|31.212532
FOX|2019-10-16|31.35|31.59|31.26|31.584999|1159900|31.356482
FOX|2019-10-17|31.5|31.719999|31.15|31.49|2047600|31.262171
FOX|2019-10-18|31.629999|32.07|31.48|31.525|2453800|31.296917
FOX|2019-10-21|31.709999|32.154999|31.57|32.09|1581800|31.85783
FOX|2019-10-22|32.16|32.860001|31.927999|32.77|1518800|32.532909
FOX|2019-10-23|32.869999|33.009998|32.5|32.610001|905100|32.374069
FOX|2019-10-24|32.560001|32.73|31.200001|31.6|1454000|31.371374
FOX|2019-10-25|31.620001|32.060001|31.620001|31.700001|1280500|31.470652
FOX|2019-10-28|31.719999|32.66|31.719999|32.209999|2133600|31.976959
FOX|2019-10-29|32.16|32.209999|31.84|32.049999|1105600|31.818117
FOX|2019-10-30|31.98|32.060001|31.299999|31.360001|1198100|31.133112
FOX|2019-10-31|31.17|31.26|30.943001|31.24|1528000|31.013979
FOX|2019-11-01|31.360001|31.959999|31.18|31.860001|2991700|31.629494
FOX|2019-11-04|32.040001|32.040001|31.73|31.9|1461400|31.669203
FOX|2019-11-05|31.9|32.450001|31.9|32.150002|2289200|31.917397
FOX|2019-11-06|32.18|32.459999|31.67|32.330002|1425800|32.096096
FOX|2019-11-07|33.150002|34.264999|32.740002|34.25|2728600|34.002201
FOX|2019-11-08|34.139999|34.52|33.91|34.43|1551500|34.180901
FOX|2019-11-11|34.240002|34.330002|33.939999|34.220001|768800|33.97242
FOX|2019-11-12|34.209999|34.369999|33.755001|33.810001|995800|33.565388
FOX|2019-11-13|33.630001|33.959999|33.470001|33.57|994800|33.327122
FOX|2019-11-14|33.459999|33.779999|33.279999|33.450001|1251300|33.207989
FOX|2019-11-15|33.75|33.970001|33.389999|33.595001|1682400|33.35194
FOX|2019-11-18|33.580002|34.48|33.549999|34.459999|1344300|34.210682
FOX|2019-11-19|34.669998|35.48|34.470001|35.43|1301600|35.173664
FOX|2019-11-20|35.189999|35.549999|34.900002|34.994999|1548900|34.74181
FOX|2019-11-21|35|35.43|34.689999|34.779999|979500|34.528366
FOX|2019-11-22|34.77|35.169998|34.75|34.875|1139800|34.622681
FOX|2019-11-25|34.880001|35|34.580002|34.849998|1108800|34.597858
FOX|2019-11-26|34.880001|35.290001|34.779999|35.189999|1473000|34.935398
FOX|2019-11-27|35.299999|35.389999|34.895|35.029999|757300|34.776558
FOX|2019-11-29|34.900002|35.209999|34.619999|34.98|528700|34.726921
FOX|2019-12-02|34.959999|35.23|34.744999|34.814999|1014400|34.563114
FOX|2019-12-03|34.540001|34.630001|33.990002|34.349998|1072000|34.101475
FOX|2019-12-04|34.290001|34.84|34.189999|34.639999|1198100|34.389378
FOX|2019-12-05|34.790001|35|34.450001|34.634998|1203100|34.384415
FOX|2019-12-06|34.880001|35.049999|34.535|34.599998|892900|34.349667
FOX|2019-12-09|34.669998|35.18|34.509998|34.790001|1049300|34.538296
FOX|2019-12-10|34.77|35.16|34.48|34.919998|1210700|34.667351
FOX|2019-12-11|35.02|35.709999|35.02|35.290001|1647300|35.034679
FOX|2019-12-12|35.380001|36.060001|35.240002|35.959999|1350800|35.699829
FOX|2019-12-13|35.919998|36.110001|35.639999|35.860001|1363600|35.600555
FOX|2019-12-16|36.029999|36.18|35.810001|35.889999|1097800|35.630337
FOX|2019-12-17|35.869999|36.330002|35.560001|36.240002|1019300|35.977806
FOX|2019-12-18|36.279999|36.400002|35.959999|36|1880800|35.73954
FOX|2019-12-19|35.900002|36.220001|35.84|36.049999|1098600|35.789177
FOX|2019-12-20|36.139999|36.393002|35.849998|36.220001|2579000|35.957951
FOX|2019-12-23|36.16|36.790001|36.16|36.630001|1149200|36.364983
FOX|2019-12-24|36.610001|36.799999|36.490002|36.5|347100|36.235924
FOX|2019-12-26|36.639999|36.860001|36.5|36.799999|696700|36.533752
FOX|2019-12-27|36.950001|36.950001|36.549999|36.724998|832800|36.459293
FOX|2019-12-30|36.790001|36.860001|36.389999|36.439999|894000|36.176357
FOX|2019-12-31|36.32|36.525002|36.145|36.400002|988400|36.136646
FOX|2020-01-02|36.5|36.75|35.965|36.459999|1153800|36.196213
FOX|2020-01-03|36.009998|36.349998|36.009998|36.099998|940300|35.838814
FOX|2020-01-06|35.939999|36.139999|35.73|36.014999|792600|35.754433
FOX|2020-01-07|35.889999|36.580002|35.830002|36.470001|955700|36.206142
FOX|2020-01-08|36.580002|36.919998|36.360001|36.419998|1799500|36.156498
FOX|2020-01-09|36.5|36.669998|36.200001|36.5|851000|36.235924
FOX|2020-01-10|36.549999|36.59|35.990002|36.084999|1067100|35.823925
FOX|2020-01-13|36.09|36.470001|35.82|36.299999|1207000|36.037369
FOX|2020-01-14|36.130001|36.77|35.911999|36.540001|1441500|36.275635
FOX|2020-01-15|36.57|36.860001|36.48|36.790001|889600|36.523827
FOX|2020-01-16|36.91|38.259998|36.869999|38.23|1835100|37.953407
FOX|2020-01-17|38.310001|38.84|38.310001|38.575001|1662700|38.29591
FOX|2020-01-21|38.400002|38.540001|38.09|38.41|1416700|38.132103
FOX|2020-01-22|38.41|38.599998|38.130001|38.400002|1321200|38.122177
FOX|2020-01-23|38.110001|38.130001|36.700001|36.900002|2407400|36.63303
FOX|2020-01-24|36.939999|36.939999|35.639999|36.040001|2762300|35.779251
FOX|2020-01-27|35.810001|36.419998|35.66|36.369999|1838800|36.106861
FOX|2020-01-28|36.5|36.82|36.169998|36.619999|1353100|36.355053
FOX|2020-01-29|36.380001|36.630001|35.875|35.990002|876100|35.729614
FOX|2020-01-30|35.599998|36.48|35.529999|36.459999|978500|36.196213
FOX|2020-01-31|36.349998|36.57|35.848999|36.330002|1604300|36.067154
FOX|2020-02-03|36.5|37.25|36.41|36.830002|1084600|36.563538
FOX|2020-02-04|37.27|37.57|36.990002|37.400002|1072200|37.129414
FOX|2020-02-05|37.810001|38.209999|37.450001|37.93|1984500|37.655579
FOX|2020-02-06|38.259998|38.439999|36.18|36.5|2530200|36.235924
FOX|2020-02-07|36.450001|36.459999|35.889999|36.369999|1047900|36.106861
FOX|2020-02-10|36.220001|36.845001|36.099998|36.779999|1442000|36.513897
FOX|2020-02-11|36.849998|36.849998|36.18|36.610001|926900|36.345127
FOX|2020-02-12|36.77|37.220001|36.720001|37.16|907700|36.891148
FOX|2020-02-13|36.950001|37.740002|36.950001|37.52|1059400|37.248543
FOX|2020-02-14|37.529999|37.59|37|37.310001|750500|37.040066
FOX|2020-02-18|37.259998|37.404999|36.939999|37.220001|965600|36.950714
FOX|2020-02-19|37.240002|37.720001|37.099998|37.529999|674100|37.258469
FOX|2020-02-20|37.18|37.34|35.900002|36.540001|1605200|36.275635
FOX|2020-02-21|36.290001|36.84|35.48|35.5|1593500|35.243156
FOX|2020-02-24|35.27|35.439999|34.09|34.27|1503900|34.022057
FOX|2020-02-25|34.41|34.549999|32.645|32.830002|1922800|32.592476
FOX|2020-02-26|33.360001|33.41|32.080002|32.400002|2761100|32.165588
FOX|2020-02-27|31.99|32.560001|30.99|30.99|2763400|30.765787
FOX|2020-02-28|30.200001|31.32|29.860001|30.450001|3917400|30.229694
FOX|2020-03-02|30.48|31.790001|30.07|31.790001|2871300|31.560001
FOX|2020-03-03|31.190001|32.279999|30.34|30.709999|4065400|30.709999
FOX|2020-03-04|31.040001|31.27|30.129999|30.67|2778700|30.67
FOX|2020-03-05|29.83|30.040001|28.91|29.120001|2206300|29.120001
FOX|2020-03-06|27.709999|28.790001|27.549999|28.52|2821300|28.52
FOX|2020-03-09|26.75|27.629999|26.379999|27.129999|4129700|27.129999
FOX|2020-03-10|27.959999|28.98|26.77|28.76|3554900|28.76
FOX|2020-03-11|27.82|28.280001|27.299999|27.52|3077300|27.52
FOX|2020-03-12|26.549999|26.66|24.290001|25.559999|3106700|25.559999
FOX|2020-03-13|26.4|27.780001|24.243|25.379999|2710400|25.379999
FOX|2020-03-16|23.299999|24.379999|22.68|23.190001|3320300|23.190001
FOX|2020-03-17|23.5|24.440001|22.17|23.790001|3157000|23.790001
FOX|2020-03-18|22.540001|23.26|20.639999|21.41|3549300|21.41
FOX|2020-03-19|21.43|22.73|20.1|21.940001|2025500|21.940001
FOX|2020-03-20|22.299999|22.77|19.92|20.049999|3236800|20.049999
FOX|2020-03-23|20.129999|20.549999|19.129999|19.809999|2577600|19.809999
FOX|2020-03-24|20.82|21.73|20.17|21.65|2434900|21.65
FOX|2020-03-25|21.65|24.540001|21.26|23.34|3077500|23.34
FOX|2020-03-26|23.459999|24.780001|23.459999|24.6|2435300|24.6
FOX|2020-03-27|23.709999|23.950001|21.950001|22.040001|1979800|22.040001
FOX|2020-03-30|22.110001|23.969999|21.52|23.77|1575000|23.77
FOX|2020-03-31|23.950001|24.32|22.76|22.879999|2087600|22.879999
FOX|2020-04-01|21.85|22.183001|21.26|21.565001|1584700|21.565001
FOX|2020-04-02|21.559999|22.709999|21.219999|21.84|2515500|21.84
FOX|2020-04-03|21.73|21.969999|21.200001|21.59|1208700|21.59
FOX|2020-04-06|22.780001|24.620001|22.690001|24.450001|1489800|24.450001
FOX|2020-04-07|25.690001|26.440001|24.9|24.969999|1670400|24.969999
FOX|2020-04-08|25.040001|26.030001|25|25.82|1529100|25.82
FOX|2020-04-09|25.92|26.559999|25.17|25.639999|1596300|25.639999
FOX|2020-04-13|25.459999|25.51|24.32|25.4|1554400|25.4
FOX|2020-04-14|25.799999|26.18|25.389999|26.01|967100|26.01
FOX|2020-04-15|25.15|25.25|24.549999|25.17|1167800|25.17
FOX|2020-04-16|25.16|25.290001|24.42|25.129999|1872800|25.129999
FOX|2020-04-17|25.75|26.33|25.52|26.23|1085600|26.23
FOX|2020-04-20|25.459999|26.440001|25.459999|25.690001|1896900|25.690001
FOX|2020-04-21|24.91|25.379999|24.780001|25.049999|1442400|25.049999
FOX|2020-04-22|25.68|25.879999|24.530001|24.59|1501900|24.59
FOX|2020-04-23|24.629999|25.1|23.91|24.450001|1512000|24.450001
FOX|2020-04-24|24.48|24.674999|24.129999|24.52|1423000|24.52
FOX|2020-04-27|24.83|26.24|24.780001|26.01|1128200|26.01
FOX|2020-04-28|26.65|27.709999|26.5|26.969999|1157500|26.969999
FOX|2020-04-29|27.73|28.24|27.690001|27.950001|1215400|27.950001
FOX|2020-04-30|27.4|27.4|25.174999|25.559999|1787100|25.559999
FOX|2020-05-01|25|25.379999|24.67|25.02|803100|25.02
FOX|2020-05-04|24.85|24.959999|24.209999|24.629999|1180100|24.629999
FOX|2020-05-05|24.82|25.01|23.629999|23.85|1413200|23.85
FOX|2020-05-06|23.889999|24.719999|23.389999|24.610001|1949600|24.610001
FOX|2020-05-07|26.25|26.73|24.860001|25.01|1810900|25.01
FOX|2020-05-08|25.620001|25.950001|25.32|25.73|949500|25.73
FOX|2020-05-11|25.809999|25.809999|24.780001|25.450001|845300|25.450001
FOX|2020-05-12|25.59|25.76|24.889999|24.889999|995000|24.889999
FOX|2020-05-13|24.719999|24.754999|23.379999|24.059999|1172600|24.059999
FOX|2020-05-14|23.67|25.200001|23.360001|25.120001|1753200|25.120001
FOX|2020-05-15|24.969999|25.57|24.690001|25.5|1056400|25.5
FOX|2020-05-18|26.66|27.040001|26.215|26.855|1144500|26.855
FOX|2020-05-19|26.719999|27.48|26.459999|26.940001|741900|26.940001
FOX|2020-05-20|27.040001|27.76|27.030001|27.370001|941700|27.370001
FOX|2020-05-21|27.07|27.629999|27.07|27.23|666400|27.23
FOX|2020-05-22|27.16|27.48|27.040001|27.370001|739000|27.370001
FOX|2020-05-26|28.4|28.77|28.08|28.59|856000|28.59
FOX|2020-05-27|28.99|29.73|28.68|29.299999|923800|29.299999
FOX|2020-05-28|29.42|29.620001|28.530001|28.66|937100|28.66
FOX|2020-05-29|28.559999|28.93|28.07|28.780001|1740100|28.780001
FOX|2020-06-01|28.889999|29.41|28.799999|29.139999|740700|29.139999
FOX|2020-06-02|29.18|29.360001|28.58|28.870001|827600|28.870001
FOX|2020-06-03|29.209999|30.59|29.209999|30.219999|1326900|30.219999
FOX|2020-06-04|30.030001|30.43|29.58|29.945|1132000|29.945
FOX|2020-06-05|30.959999|31.51|30.120001|30.25|1659300|30.25
FOX|2020-06-08|30.389999|32.049999|30.389999|31.68|2308800|31.68
FOX|2020-06-09|31.27|31.360001|30.26|30.33|1187400|30.33
FOX|2020-06-10|30.129999|30.25|29.120001|29.73|1454400|29.73
FOX|2020-06-11|28.709999|28.780001|27.51|27.620001|1697400|27.620001
FOX|2020-06-12|28.379999|28.620001|27.280001|27.950001|1495500|27.950001
FOX|2020-06-15|26.969999|29.360001|26.861|28.860001|1310500|28.860001
FOX|2020-06-16|29.700001|30.02|27.715|28.02|1559300|28.02
FOX|2020-06-17|28|28.1|27.540001|27.76|1860900|27.76
FOX|2020-06-18|27.57|28.690001|27.48|28.66|1398900|28.66
FOX|2020-06-19|29.15|29.49|27.799999|27.82|2379700|27.82
FOX|2020-06-22|27.549999|27.77|27.17|27.6|1488100|27.6
FOX|2020-06-23|27.860001|28.360001|27.780001|27.809999|1278600|27.809999
FOX|2020-06-24|27.389999|27.59|26.459999|27.01|1220800|27.01
FOX|2020-06-25|26.75|26.82|26.125|26.75|1739700|26.75
FOX|2020-06-26|26.620001|26.620001|25.4|25.75|2615700|25.75
FOX|2020-06-29|25.99|26.84|25.6|26.790001|1446000|26.790001
FOX|2020-06-30|26.76|26.9|26.440001|26.84|1325600|26.84
FOX|2020-07-01|26.799999|27.360001|26.52|26.915001|1851900|26.915001
FOX|2020-07-02|27.459999|27.65|26.459999|26.549999|1231500|26.549999
FOX|2020-07-06|26.940001|27.073|26.200001|26.530001|905300|26.530001
FOX|2020-07-07|26.26|26.299999|25.709999|25.77|1007600|25.77
FOX|2020-07-08|25.76|25.76|25.1|25.389999|840900|25.389999
FOX|2020-07-09|25.280001|25.360001|24.030001|24.451|1099000|24.451
FOX|2020-07-10|24.33|25.41|24.33|25.389999|809600|25.389999
FOX|2020-07-13|25.379999|25.620001|24.41|25.049999|1655500|25.049999
FOX|2020-07-14|24.67|25.48|24.540001|25.129999|1522600|25.129999
FOX|2020-07-15|25.33|26.379999|25.33|26.25|1449400|26.25
FOX|2020-07-16|25.950001|26.540001|25.889999|26.395|977500|26.395
FOX|2020-07-17|26.51|26.51|25.139999|25.26|2050200|25.26
