symbol|date|open|high|low|close|volume|adj
FOXA|2019-03-12|38|38|38|38|10000|37.231663
FOXA|2019-03-13|39|39.900002|38.700001|39.75|20477400|38.946278
FOXA|2019-03-14|39.75|41.400002|39.75|40.650002|6248600|39.828079
FOXA|2019-03-15|41.380001|41.869999|41.240002|41.700001|7107300|40.856846
FOXA|2019-03-18|41.950001|41.950001|41.049999|41.700001|4020900|40.856846
FOXA|2019-03-19|41.549999|41.700001|39.84|40.34|10118500|39.524349
FOXA|2019-03-20|40.490002|40.810001|38.240002|38.619999|15683200|37.839127
FOXA|2019-03-21|39|40.07|38.75|40.02|12751700|39.210819
FOXA|2019-03-22|39.93|39.990002|37.689999|38.720001|10898000|37.937099
FOXA|2019-03-25|38.889999|38.959999|37.389999|37.439999|9338900|36.68298
FOXA|2019-03-26|37.650002|38.279999|37.509998|37.540001|6287100|36.780964
FOXA|2019-03-27|37.52|37.91|36.759998|36.919998|5578100|36.173496
FOXA|2019-03-28|36.849998|37.150002|36.34|36.400002|5326200|35.664013
FOXA|2019-03-29|36.549999|36.91|36.150002|36.709999|5895300|35.967743
FOXA|2019-04-01|36.91|37.150002|36.709999|36.849998|5311200|36.104912
FOXA|2019-04-02|36.959999|37.18|35.900002|36.279999|6704600|35.54644
FOXA|2019-04-03|36.369999|36.560001|35.900002|36.080002|8393500|35.350483
FOXA|2019-04-04|36.200001|36.799999|36.009998|36.759998|4908400|36.016731
FOXA|2019-04-05|36.790001|37.849998|36.689999|37.68|7344900|36.918133
FOXA|2019-04-08|37.599998|37.68|37.264999|37.470001|3393300|36.712379
FOXA|2019-04-09|37.419998|37.650002|37.169998|37.310001|5725900|36.555611
FOXA|2019-04-10|37.330002|37.529999|36.360001|36.48|4828400|35.74239
FOXA|2019-04-11|36.57|37.16|35.990002|37.09|4791400|36.340057
FOXA|2019-04-12|37.150002|37.619999|36.470001|37.529999|6368500|36.771164
FOXA|2019-04-15|37.459999|37.57|36.990002|37.529999|3927100|36.771164
FOXA|2019-04-16|37.669998|37.849998|37.470001|37.75|5722000|36.986713
FOXA|2019-04-17|37.869999|38.849998|37.759998|38.84|7603800|38.054676
FOXA|2019-04-18|38.91|39|38.43|38.439999|4737400|37.662762
FOXA|2019-04-22|38.360001|38.439999|37.619999|37.700001|7675300|36.937729
FOXA|2019-04-23|37.790001|38.389999|37.630001|38.080002|6328800|37.310043
FOXA|2019-04-24|37.950001|38.310001|37.805|37.959999|5323500|37.192471
FOXA|2019-04-25|37.98|38.200001|37.540001|38.150002|5309700|37.378632
FOXA|2019-04-26|38.080002|38.529999|37.900002|38.48|5297400|37.701954
FOXA|2019-04-29|38.540001|39.525002|38.310001|39.200001|6885200|38.407398
FOXA|2019-04-30|39.189999|39.330002|38.470001|38.990002|5044400|38.201641
FOXA|2019-05-01|39.119999|39.490002|38.66|39.400002|5149800|38.603355
FOXA|2019-05-02|39.23|39.470001|37.080002|37.279999|11495900|36.526218
FOXA|2019-05-03|37.41|37.75|37.119999|37.470001|4809800|36.712379
FOXA|2019-05-06|37.169998|37.990002|36.959999|37.919998|4801300|37.153275
FOXA|2019-05-07|37.580002|37.810001|37.119999|37.259998|6053300|36.506618
FOXA|2019-05-08|37.34|37.700001|36.855|37.419998|8635300|36.663383
FOXA|2019-05-09|38.5|39.25|37.509998|38.5|15210200|37.72155
FOXA|2019-05-10|38.639999|38.75|37.439999|38.529999|6742500|37.750942
FOXA|2019-05-13|37.77|38.68|37.73|37.970001|5604000|37.202267
FOXA|2019-05-14|38.049999|38.52|37.872002|37.889999|6198600|37.123882
FOXA|2019-05-15|37.700001|37.970001|37.57|37.709999|2975400|36.947525
FOXA|2019-05-16|37.91|38.080002|36.700001|36.740002|8704900|35.997139
FOXA|2019-05-17|36.560001|37.59|36.549999|37.32|5508000|36.795757
FOXA|2019-05-20|37.18|37.639999|37|37.139999|3670000|36.61829
FOXA|2019-05-21|37.259998|38|37.099998|37.689999|4668600|37.160561
FOXA|2019-05-22|37.66|37.759998|37.055|37.119999|3431200|36.598568
FOXA|2019-05-23|36.82|37.080002|36.630001|36.91|4431900|36.391521
FOXA|2019-05-24|37.049999|37.205002|36.849998|36.919998|2879000|36.401375
FOXA|2019-05-28|36.970001|37.34|36.505001|36.639999|4380400|36.125309
FOXA|2019-05-29|36.5|36.650002|35.790001|35.790001|3691300|35.287251
FOXA|2019-05-30|35.880001|36.154999|35.150002|35.220001|4730400|34.725258
FOXA|2019-05-31|34.970001|35.27|34.700001|35.23|6706100|34.735115
FOXA|2019-06-03|35.049999|35.299999|33.779999|34.240002|7665000|33.759026
FOXA|2019-06-04|34.52|35.25|34.150002|34.48|8058900|33.995655
FOXA|2019-06-05|34.619999|34.98|34.279999|34.360001|6240600|33.877338
FOXA|2019-06-06|34.66|34.66|33.98|34.119999|5288300|33.640709
FOXA|2019-06-07|34.18|34.439999|34|34.009998|4226800|33.532253
FOXA|2019-06-10|34.049999|34.400002|33.900002|34.029999|5620500|33.551975
FOXA|2019-06-11|34.23|34.41|34.009998|34.18|3166900|33.699867
FOXA|2019-06-12|34.200001|35.099998|34.16|35.049999|4426800|34.557648
FOXA|2019-06-13|35.169998|35.5|34.963001|35.290001|4384800|34.794273
FOXA|2019-06-14|35.240002|35.5|34.93|35.240002|4362200|34.74498
FOXA|2019-06-17|35.419998|36.325001|35.34|36.130001|7195400|35.622475
FOXA|2019-06-18|36.450001|37.049999|36.080002|36.189999|4938900|35.681629
FOXA|2019-06-19|36.259998|36.419998|35.678001|35.990002|4790000|35.484444
FOXA|2019-06-20|36.380001|36.474998|35.560001|35.580002|5916500|35.080204
FOXA|2019-06-21|35.610001|37.294998|35.310001|36.18|11402200|35.671776
FOXA|2019-06-24|36.009998|36.07|35.605|35.799999|5280100|35.297108
FOXA|2019-06-25|35.779999|35.860001|35.139999|35.34|7204300|34.843571
FOXA|2019-06-26|35.790001|36.099998|35.330002|35.470001|4297300|34.971748
FOXA|2019-06-27|35.529999|36.330002|35.200001|35.990002|5083900|35.484444
FOXA|2019-06-28|35.98|36.759998|35.810001|36.639999|10930000|36.125309
FOXA|2019-07-01|36.459999|36.990002|35.740002|35.919998|6407200|35.415424
FOXA|2019-07-02|36.009998|36.619999|35.919998|36.59|3599500|36.076012
FOXA|2019-07-03|36.599998|36.82|36.27|36.349998|3160300|35.839382
FOXA|2019-07-05|36.240002|36.799999|36.075001|36.599998|1982000|36.085873
FOXA|2019-07-08|36.529999|36.674999|36.080002|36.130001|1644600|35.622475
FOXA|2019-07-09|36.029999|36.27|35.82|36.02|2379600|35.514019
FOXA|2019-07-10|36.189999|36.43|36.075001|36.139999|2400700|35.632332
FOXA|2019-07-11|36.169998|36.349998|35.849998|36.290001|2987000|35.780231
FOXA|2019-07-12|36.459999|37.040001|36.099998|36.959999|2755700|36.440815
FOXA|2019-07-15|37.029999|37.16|36.639999|37.009998|2861600|36.490112
FOXA|2019-07-16|36.93|37.110001|36.630001|36.689999|2721500|36.174606
FOXA|2019-07-17|36.73|36.759998|36.110001|36.169998|5740500|35.661911
FOXA|2019-07-18|36.169998|36.720001|35.959999|36.549999|5313800|36.036575
FOXA|2019-07-19|36.700001|36.740002|36.139999|36.43|4402000|35.918262
FOXA|2019-07-22|36.509998|36.610001|36.060001|36.099998|7865700|35.592896
FOXA|2019-07-23|36.189999|36.389999|35.84|36.220001|5573600|35.711212
FOXA|2019-07-24|36.130001|36.860001|36.130001|36.599998|5980600|36.085873
FOXA|2019-07-25|36.630001|37.34|36.630001|37.169998|3251600|36.647865
FOXA|2019-07-26|37.290001|37.799999|37.080002|37.209999|2669100|36.687302
FOXA|2019-07-29|37.16|37.57|37.07|37.509998|2130600|36.983089
FOXA|2019-07-30|37.349998|37.98|37.32|37.82|2971800|37.288734
FOXA|2019-07-31|37.669998|37.692001|36.810001|37.32|5280600|36.795757
FOXA|2019-08-01|37.25|37.490002|36.724998|36.889999|3280700|36.371799
FOXA|2019-08-02|36.73|36.959999|36.330002|36.630001|2419000|36.115456
FOXA|2019-08-05|36.470001|36.560001|35.77|36.049999|4517200|35.543598
FOXA|2019-08-06|36.16|36.599998|35.93|36.450001|3366700|35.937981
FOXA|2019-08-07|35.889999|37.150002|35.799999|37.040001|4657400|36.519691
FOXA|2019-08-08|37.220001|37.25|35|35.130001|9539900|34.636524
FOXA|2019-08-09|35.110001|35.650002|34.98|35.400002|4234400|34.902729
FOXA|2019-08-12|35.040001|35.32|34.700001|34.950001|4172900|34.459049
FOXA|2019-08-13|34.84|35.59|34.799999|35.060001|2940800|34.567505
FOXA|2019-08-14|34.700001|34.75|33.380001|33.689999|7489800|33.216751
FOXA|2019-08-15|33.880001|34.09|32.724998|32.75|7037700|32.289955
FOXA|2019-08-16|33|33.299999|32.669998|32.990002|3230900|32.526585
FOXA|2019-08-19|33.32|34.025002|33.290001|33.869999|3915100|33.394218
FOXA|2019-08-20|33.830002|34.049999|33.52|33.59|2810700|33.118153
FOXA|2019-08-21|33.639999|33.724998|33.009998|33.41|3050400|32.940685
FOXA|2019-08-22|33.380001|33.540001|32.950001|33.049999|3725400|32.585739
FOXA|2019-08-23|32.93|33.084999|31.629999|31.75|3866200|31.304003
FOXA|2019-08-26|31.84|32.139999|31.58|32.080002|3235600|31.629368
FOXA|2019-08-27|32.220001|32.380001|31.92|31.93|3449400|31.481472
FOXA|2019-08-28|32.049999|32.279999|31.620001|31.790001|3567200|31.343439
FOXA|2019-08-29|32|33.125|31.879999|32.740002|3687100|32.280094
FOXA|2019-08-30|33.720001|33.720001|32.790001|33.169998|2924600|32.704052
FOXA|2019-09-03|32.66|33.110001|32.540001|32.77|2090800|32.535275
FOXA|2019-09-04|32.990002|33.610001|32.900002|33.560001|2280900|33.319614
FOXA|2019-09-05|33.639999|34.404999|33.560001|34.25|3946900|34.004673
FOXA|2019-09-06|34.32|34.740002|34.060001|34.23|2514600|33.984814
FOXA|2019-09-09|33.389999|34.34|33.389999|34.299999|2659800|34.054314
FOXA|2019-09-10|33.849998|34.720001|33.849998|34.299999|3198100|34.054314
FOXA|2019-09-11|34.279999|34.43|33.799999|34|3287100|33.756462
FOXA|2019-09-12|34.189999|34.189999|33.669998|33.790001|4290500|33.547966
FOXA|2019-09-13|33.959999|34.209999|33.509998|33.830002|4606100|33.587681
FOXA|2019-09-16|33.68|33.830002|33.470001|33.599998|2175600|33.359325
FOXA|2019-09-17|33.59|33.59|32.790001|32.860001|6701300|32.62463
FOXA|2019-09-18|32.880001|32.959999|32.130001|32.639999|5590600|32.406204
FOXA|2019-09-19|32.48|32.779999|31.959999|32.040001|4889000|31.810503
FOXA|2019-09-20|31.99|32.424999|31.719999|32.27|8111700|32.038857
FOXA|2019-09-23|32.369999|32.490002|31.995001|32.27|3485400|32.038857
FOXA|2019-09-24|32.279999|32.445|31.475|31.59|5844900|31.363726
FOXA|2019-09-25|31.610001|32.18|31.559999|32.009998|4376500|31.780714
FOXA|2019-09-26|32.18|32.189999|31.389999|31.450001|5960000|31.224728
FOXA|2019-09-27|31.65|31.719999|31.15|31.440001|4252800|31.2148
FOXA|2019-09-30|31.629999|31.870001|31.35|31.535|3152800|31.309118
FOXA|2019-10-01|31.73|32.07|31.200001|31.24|2703400|31.016232
FOXA|2019-10-02|31.17|31.290001|30.365|30.42|4879800|30.202106
FOXA|2019-10-03|30.34|30.549999|29.705|30.459999|7168800|30.241817
FOXA|2019-10-04|30.6|30.809999|30.370001|30.57|2858300|30.35103
FOXA|2019-10-07|30.75|31.139999|30.58|30.6|4854600|30.380817
FOXA|2019-10-08|30.27|30.280001|29.695|30.055|3829600|29.83972
FOXA|2019-10-09|30.360001|30.450001|29.959999|30.23|3537100|30.013466
FOXA|2019-10-10|30.24|30.549999|30.049999|30.52|3493600|30.30139
FOXA|2019-10-11|30.99|31.754999|30.76|31.459999|4444200|31.234655
FOXA|2019-10-14|31.27|31.43|31.040001|31.389999|2998500|31.165157
FOXA|2019-10-15|31.33|31.805|31.15|31.700001|3758800|31.472939
FOXA|2019-10-16|31.610001|32.009998|31.545|31.99|4383300|31.76086
FOXA|2019-10-17|32.099998|32.139999|31.540001|31.98|9068100|31.750931
FOXA|2019-10-18|32.040001|32.57|31.959999|32.209999|8890300|31.979282
FOXA|2019-10-21|32.360001|32.810001|32.200001|32.740002|5158700|32.505489
FOXA|2019-10-22|32.73|33.564999|32.549999|33.450001|5518000|33.210403
FOXA|2019-10-23|33.330002|33.669998|33.150002|33.240002|7061400|33.001907
FOXA|2019-10-24|33.18|33.389999|31.790001|32.299999|9056900|32.068638
FOXA|2019-10-25|32.389999|32.775002|32.32|32.41|5446800|32.177853
FOXA|2019-10-28|32.540001|33.41|32.41|32.990002|8672300|32.7537
FOXA|2019-10-29|32.82|33.040001|32.549999|32.84|3507400|32.604771
FOXA|2019-10-30|32.66|32.849998|32|32.080002|4342900|31.850218
FOXA|2019-10-31|32|32.080002|31.67|32.040001|5058400|31.810503
FOXA|2019-11-01|32.169998|32.540001|31.959999|32.389999|3809000|32.157993
FOXA|2019-11-04|32.5|32.599998|32.290001|32.549999|2593900|32.316849
FOXA|2019-11-05|32.580002|33.080002|32.525002|32.834999|3198300|32.599808
FOXA|2019-11-06|32.84|33.18|32.299999|33.099998|5636000|32.862907
FOXA|2019-11-07|33.950001|34.970001|33.369999|34.939999|7987600|34.689728
FOXA|2019-11-08|35|35.23|34.59|35.139999|4979800|34.888298
FOXA|2019-11-11|34.950001|35.07|34.59|34.990002|3279900|34.739372
FOXA|2019-11-12|35.07|35.105|34.450001|34.485001|3906100|34.237988
FOXA|2019-11-13|34.369999|34.720001|34.189999|34.259998|4313900|34.014599
FOXA|2019-11-14|34.139999|34.509998|33.990002|34.220001|4022400|33.974888
FOXA|2019-11-15|34.389999|34.68|33.93|34.27|4475200|34.024529
FOXA|2019-11-18|34.310001|35.25|34.209999|35.189999|5690300|34.937939
FOXA|2019-11-19|35.220001|36.325001|35.220001|36.259998|5873500|36.000271
FOXA|2019-11-20|35.66|36.41|35.66|35.889999|4320300|35.632923
FOXA|2019-11-21|35.93|36.349998|35.560001|35.700001|2861500|35.444286
FOXA|2019-11-22|35.77|36.040001|35.505001|35.66|4408100|35.404572
FOXA|2019-11-25|35.700001|35.860001|35.349998|35.68|4900400|35.424431
FOXA|2019-11-26|35.669998|36.095001|35.549999|35.93|3086300|35.672638
FOXA|2019-11-27|36.060001|36.189999|35.674999|35.779999|2455900|35.523712
FOXA|2019-11-29|35.810001|36|35.369999|35.759998|1704900|35.503853
FOXA|2019-12-02|35.75|36.02|35.549999|35.599998|2564800|35.345001
FOXA|2019-12-03|35.41|35.525002|34.709999|35.189999|4190500|34.937939
FOXA|2019-12-04|35.529999|35.689999|34.990002|35.5|3768400|35.24572
FOXA|2019-12-05|35.650002|35.77|35.23|35.5|2921800|35.24572
FOXA|2019-12-06|35.709999|35.91|35.349998|35.419998|1733500|35.16629
FOXA|2019-12-09|35.5|36.014999|35.349998|35.619999|2849100|35.364857
FOXA|2019-12-10|35.509998|36.009998|35.240002|35.810001|5996800|35.553497
FOXA|2019-12-11|35.75|36.595001|35.75|36.16|5668700|35.90099
FOXA|2019-12-12|36.32|36.939999|36.109001|36.849998|5796400|36.586048
FOXA|2019-12-13|36.73|36.990002|36.505001|36.77|5970900|36.506622
FOXA|2019-12-16|36.950001|37.16|36.702|36.810001|4273000|36.546337
FOXA|2019-12-17|36.709999|37.259998|36.435001|37.16|4143100|36.893829
FOXA|2019-12-18|37.189999|37.330002|36.889999|36.93|3392500|36.665474
FOXA|2019-12-19|36.759998|37.169998|36.759998|37|2629300|36.734974
FOXA|2019-12-20|37.290001|37.290001|36.720001|37.169998|6211700|36.903755
FOXA|2019-12-23|37.169998|37.625|37.040001|37.455002|3712100|37.186718
FOXA|2019-12-24|37.439999|37.599998|37.25|37.299999|1940700|37.032825
FOXA|2019-12-26|37.259998|37.669998|37.259998|37.57|3699200|37.300892
FOXA|2019-12-27|37.650002|37.720001|37.215|37.41|1969000|37.142036
FOXA|2019-12-30|37.419998|37.560001|36.990002|37.080002|3039600|36.814404
FOXA|2019-12-31|36.939999|37.174999|36.759998|37.07|2315400|36.804474
FOXA|2020-01-02|37.41|37.470001|36.575001|37.07|4500700|36.804474
FOXA|2020-01-03|36.689999|36.98|36.619999|36.665001|4035800|36.402374
FOXA|2020-01-06|36.66|36.764999|36.360001|36.57|2433100|36.308052
FOXA|2020-01-07|36.560001|37.224998|36.400002|37.07|3254000|36.804474
FOXA|2020-01-08|37.130001|37.509998|37.040001|37.110001|3709700|36.844185
FOXA|2020-01-09|37.18|37.365002|36.814999|37.18|3621900|36.913685
FOXA|2020-01-10|37.119999|37.240002|36.639999|36.720001|2664000|36.456982
FOXA|2020-01-13|36.720001|37.150002|36.470001|36.990002|2674400|36.725048
FOXA|2020-01-14|36.790001|37.509998|36.759998|37.259998|4530900|36.993111
FOXA|2020-01-15|37.360001|37.599998|37.169998|37.48|6165200|37.211536
FOXA|2020-01-16|37.709999|39.139999|37.619999|39.110001|7362800|38.829861
FOXA|2020-01-17|39.279999|39.735001|39.16|39.34|4785900|39.058212
FOXA|2020-01-21|39|39.380001|38.84|39.099998|4104800|38.819931
FOXA|2020-01-22|39.150002|39.310001|38.855|39.09|3920900|38.810005
FOXA|2020-01-23|38.77|39.02|37.34|37.490002|5845500|37.221466
FOXA|2020-01-24|37.299999|37.459999|36.18|36.610001|9289700|36.347767
FOXA|2020-01-27|36.439999|37.014999|36.189999|36.880001|9909300|36.615833
FOXA|2020-01-28|37.349998|37.43|36.75|37.139999|3268100|36.87397
FOXA|2020-01-29|36.950001|37.220001|36.424999|36.580002|2596000|36.317986
FOXA|2020-01-30|36.169998|37.07|36.049999|37.029999|2956800|36.764759
FOXA|2020-01-31|37|37.200001|36.470001|37.080002|5283900|36.814404
FOXA|2020-02-03|37.299999|37.990002|37.110001|37.59|3371400|37.320747
FOXA|2020-02-04|37.959999|38.310001|37.75|38.029999|3331000|37.757595
FOXA|2020-02-05|38.540001|38.98|38.119999|38.669998|6335000|38.393009
FOXA|2020-02-06|39.099998|39.419998|36.73|37.110001|9336400|36.844185
FOXA|2020-02-07|36.98|37.07|36.48|37|3634300|36.734974
FOXA|2020-02-10|36.869999|37.41|36.720001|37.299999|3212900|37.032825
FOXA|2020-02-11|37.23|37.438999|36.66|37.130001|2550300|36.864044
FOXA|2020-02-12|37.330002|37.700001|37.23|37.669998|3303300|37.400173
FOXA|2020-02-13|37.529999|38.275002|37.459999|38|2034800|37.72781
FOXA|2020-02-14|38.080002|38.110001|37.48|37.799999|2349600|37.529243
FOXA|2020-02-18|37.759998|37.990002|37.450001|37.779999|2065400|37.509384
FOXA|2020-02-19|37.93|38.279999|37.599998|38.029999|1839300|37.757595
FOXA|2020-02-20|37.700001|37.900002|36.330002|37.029999|5305700|36.764759
FOXA|2020-02-21|36.709999|37.599998|35.75|35.990002|5024200|35.732208
FOXA|2020-02-24|35.650002|35.650002|34.48|34.689999|5577600|34.441517
FOXA|2020-02-25|34.810001|35|33.025002|33.209999|5241300|32.972118
FOXA|2020-02-26|33.560001|33.77|32.400002|32.790001|5632300|32.55513
FOXA|2020-02-27|32.23|32.889999|31.33|31.34|7439900|31.115517
FOXA|2020-02-28|30.25|31.68|30.16|30.74|7567100|30.519814
FOXA|2020-03-02|30.73|32.139999|30.35|32.110001|7503700|31.880001
FOXA|2020-03-03|31.42|32.630001|30.66|30.99|4869200|30.99
FOXA|2020-03-04|31.32|31.57|30.42|30.93|4338400|30.93
FOXA|2020-03-05|30.16|30.389999|29.18|29.440001|5392200|29.440001
FOXA|2020-03-06|28.25|29.09|28.16|28.84|8403600|28.84
FOXA|2020-03-09|26.93|27.99|25.040001|27.48|6988900|27.48
FOXA|2020-03-10|28.27|29.26|27|29.110001|4608400|29.110001
FOXA|2020-03-11|28.209999|28.66|27.52|27.780001|5364500|27.780001
FOXA|2020-03-12|26.76|27.1|24.870001|26.219999|7766100|26.219999
FOXA|2020-03-13|27.559999|28.639999|24.6|26.15|6759900|26.15
FOXA|2020-03-16|23.809999|24.969999|23.122999|24.01|9605600|24.01
FOXA|2020-03-17|24.370001|25.58|22.92|25.139999|7751200|25.139999
FOXA|2020-03-18|23.719999|24.700001|21.84|22.34|7119000|22.34
FOXA|2020-03-19|22.290001|23.9|20.780001|22.82|6085400|22.82
FOXA|2020-03-20|23.17|23.6|20.85|20.99|8498700|20.99
FOXA|2020-03-23|21.129999|21.34|19.809999|20.200001|8091700|20.200001
FOXA|2020-03-24|21.120001|22.35|20.549999|22.290001|6343500|22.290001
FOXA|2020-03-25|22.360001|25.42|21.98|24.139999|7525500|24.139999
FOXA|2020-03-26|24.200001|25.549999|24.15|24.969999|5185800|24.969999
FOXA|2020-03-27|24.16|24.26|22.33|22.51|6134500|22.51
FOXA|2020-03-30|22.299999|24.469999|22|24.309999|5909900|24.309999
FOXA|2020-03-31|24.690001|24.82|23.450001|23.629999|5594100|23.629999
FOXA|2020-04-01|22.67|22.780001|21.950001|22.34|4556100|22.34
FOXA|2020-04-02|22.49|23.5|22.004999|22.67|4944600|22.67
FOXA|2020-04-03|22.51|22.73|21.809999|22.299999|4296100|22.299999
FOXA|2020-04-06|23.42|25.259001|23.32|25.059999|4453800|25.059999
FOXA|2020-04-07|26.209999|27.110001|25.389999|25.49|4559900|25.49
FOXA|2020-04-08|25.940001|26.57|25.51|26.299999|4832200|26.299999
FOXA|2020-04-09|26.540001|27.08|25.6|25.99|5180200|25.99
FOXA|2020-04-13|25.83|26.110001|24.940001|25.99|3468400|25.99
FOXA|2020-04-14|26.34|26.66|25.91|26.51|2735400|26.51
FOXA|2020-04-15|25.77|25.870001|24.959999|25.700001|2454600|25.700001
FOXA|2020-04-16|25.639999|25.945999|24.85|25.540001|2594500|25.540001
FOXA|2020-04-17|26.195|26.955|25.969999|26.875|4006900|26.875
FOXA|2020-04-20|26.17|26.780001|25.98|26.059999|2551500|26.059999
FOXA|2020-04-21|25.379999|25.9|25.15|25.540001|3155400|25.540001
FOXA|2020-04-22|26.049999|26.389999|24.709999|24.77|3965300|24.77
FOXA|2020-04-23|24.879999|25.434999|23.92|24.860001|4201900|24.860001
FOXA|2020-04-24|24.9|25.01|24.360001|24.834999|4955100|24.834999
FOXA|2020-04-27|25.209999|26.68|25.01|26.389999|3912900|26.389999
FOXA|2020-04-28|26.99|28.059999|26.709999|27.139999|5663000|27.139999
FOXA|2020-04-29|28.02|28.620001|27.955|28.370001|5137900|28.370001
FOXA|2020-04-30|27.559999|27.879999|25.4|25.870001|6059000|25.870001
FOXA|2020-05-01|25.43|25.82|24.975|25.43|2782600|25.43
FOXA|2020-05-04|25.32|25.42|24.556|24.995001|4232500|24.995001
FOXA|2020-05-05|25.040001|25.360001|23.889999|24.1|4870400|24.1
FOXA|2020-05-06|24.299999|25.004999|23.57|24.809999|5374500|24.809999
FOXA|2020-05-07|26.459999|27.08|25.209999|25.25|8125000|25.25
FOXA|2020-05-08|25.969999|26.299999|25.629999|26|6613700|26
FOXA|2020-05-11|25.540001|26.059999|25.040001|25.67|4509100|25.67
FOXA|2020-05-12|25.809999|26.08|25.174999|25.355|3936100|25.355
FOXA|2020-05-13|25.219999|25.219999|23.735001|24.52|4540500|24.52
FOXA|2020-05-14|24.120001|25.83|23.77|25.77|4823700|25.77
FOXA|2020-05-15|25.52|26.190001|25.235001|26.059999|3136000|26.059999
FOXA|2020-05-18|26.99|27.635|26.625|27.469999|4533300|27.469999
FOXA|2020-05-19|27.49|28.129999|27|27.57|4340300|27.57
FOXA|2020-05-20|27.879999|28.43|27.629999|27.809999|3226800|27.809999
FOXA|2020-05-21|27.610001|28.065001|27.559999|27.620001|2945500|27.620001
FOXA|2020-05-22|27.530001|27.965|27.469999|27.799999|2656900|27.799999
FOXA|2020-05-26|28.74|29.25|28.48|29.030001|4499700|29.030001
FOXA|2020-05-27|29.68|30.16|29.040001|29.65|5280600|29.65
FOXA|2020-05-28|29.610001|29.940001|28.860001|28.93|3400400|28.93
FOXA|2020-05-29|28.77|29.209999|28.360001|29.17|4180800|29.17
FOXA|2020-06-01|29.129999|29.754999|29.07|29.540001|2467000|29.540001
FOXA|2020-06-02|29.629999|29.757|29.07|29.299999|3560200|29.299999
FOXA|2020-06-03|29.809999|31.184999|29.450001|30.77|5762700|30.77
FOXA|2020-06-04|30.57|31.049999|30.08|30.530001|3668300|30.530001
FOXA|2020-06-05|31.92|32.349998|30.535|30.85|5592600|30.85
FOXA|2020-06-08|31.030001|32.785|31.030001|32.48|5503500|32.48
FOXA|2020-06-09|31.719999|32.119999|30.75|30.809999|4999100|30.809999
FOXA|2020-06-10|30.700001|30.82|29.530001|30.139999|4328100|30.139999
FOXA|2020-06-11|29.360001|29.450001|27.91|28.059999|5890600|28.059999
FOXA|2020-06-12|28.9|29.030001|27.66|28.290001|4221100|28.290001
FOXA|2020-06-15|27.360001|29.745001|27.110001|29.290001|4892900|29.290001
FOXA|2020-06-16|30.15|30.469999|27.969999|28.309999|4684400|28.309999
FOXA|2020-06-17|28.280001|28.52|27.809999|28.07|5167600|28.07
FOXA|2020-06-18|28.030001|29.040001|27.719999|29|5025900|29
FOXA|2020-06-19|30.15|30.15|28.209999|28.32|7580100|28.32
FOXA|2020-06-22|28.040001|28.209999|27.58|28.110001|5569000|28.110001
FOXA|2020-06-23|28.469999|28.855|28.18|28.26|5512500|28.26
FOXA|2020-06-24|27.950001|28.079|26.9|27.379999|5106400|27.379999
FOXA|2020-06-25|26.99|27.105|26.42|26.93|5782100|26.93
FOXA|2020-06-26|26.68|26.74|25.469999|25.700001|7361000|25.700001
FOXA|2020-06-29|25.870001|26.93|25.73|26.9|4638000|26.9
FOXA|2020-06-30|26.799999|27|26.475|26.82|3837900|26.82
FOXA|2020-07-01|26.92|27.35|26.48|26.93|3724500|26.93
FOXA|2020-07-02|27.629999|27.73|26.469999|26.559999|3614200|26.559999
FOXA|2020-07-06|27.01|27.290001|26.120001|26.5|5096700|26.5
FOXA|2020-07-07|26.24|26.379999|25.629999|25.690001|3815000|25.690001
FOXA|2020-07-08|25.58|25.67|24.995001|25.299999|4276500|25.299999
FOXA|2020-07-09|25.280001|25.42|23.93|24.370001|5923700|24.370001
FOXA|2020-07-10|24.43|25.385|24.209999|25.32|3359700|25.32
FOXA|2020-07-13|25.110001|25.535|24.34|24.959999|5806900|24.959999
FOXA|2020-07-14|24.780001|25.424999|24.48|25.030001|3664900|25.030001
FOXA|2020-07-15|25.33|26.18|25.33|26.059999|5356100|26.059999
FOXA|2020-07-16|25.870001|26.370001|25.77|26.17|2200500|26.17
FOXA|2020-07-17|26.18|26.360001|25.01|25.280001|5080000|25.280001
