symbol|date|open|high|low|close|volume|adj
FTV|2016-07-05|49.400002|54.34|48.395|48.599998|6230700|47.747356
FTV|2016-07-06|47.07|48.599998|46.290001|47.75|6706500|46.912273
FTV|2016-07-07|47.619999|48|47.345001|47.740002|5486800|46.902447
FTV|2016-07-08|47.959999|50.610001|47.529999|50.200001|4243500|49.319286
FTV|2016-07-11|49.209999|51.23|48.98|51.119999|6042300|50.223148
FTV|2016-07-12|51|51.060001|50.259998|50.57|5552900|49.682796
FTV|2016-07-13|50.57|51.099998|49.830002|50.619999|4864700|49.731918
FTV|2016-07-14|50.330002|51.740002|49.950001|51.57|3481600|50.665249
FTV|2016-07-15|51.779999|51.91|50.610001|51.23|3689800|50.331215
FTV|2016-07-18|50.77|51.580002|50.509998|51.290001|1557500|50.390163
FTV|2016-07-19|51.040001|51.560001|50.439999|51.549999|1954700|50.645607
FTV|2016-07-20|51.84|51.919998|50.009998|50.34|3351700|49.456825
FTV|2016-07-21|50.400002|50.619999|49.990002|50.240002|3029900|49.358585
FTV|2016-07-22|50|50.290001|49.290001|49.400002|2450600|48.533329
FTV|2016-07-25|49.220001|49.450001|47.860001|48.98|3044800|48.120693
FTV|2016-07-26|48.560001|49.419998|48.279999|49.279999|1571400|48.415424
FTV|2016-07-27|49.080002|49.5|48.715|48.919998|1628600|48.061745
FTV|2016-07-28|48.740002|49.09|48.345001|48.650002|2923100|47.796486
FTV|2016-07-29|48.459999|48.799999|48.009998|48.209999|4484100|47.364197
FTV|2016-08-01|48.110001|48.509998|47.59|47.799999|2981000|46.961388
FTV|2016-08-02|47.5|48.02|47.18|47.5|3267300|46.666649
FTV|2016-08-03|47.5|49.48|47.349998|49.279999|4709900|48.415424
FTV|2016-08-04|49.59|50.110001|49.48|50.029999|3046800|49.152267
FTV|2016-08-05|50.259998|50.98|50.259998|50.580002|2665900|49.692619
FTV|2016-08-08|50.630001|50.869999|49.939999|50.049999|2116500|49.171925
FTV|2016-08-09|48.73|50.529999|48.421001|50.459999|1077900|49.574726
FTV|2016-08-10|50.470001|50.799999|50.099998|50.450001|1182400|49.564896
FTV|2016-08-11|50.73|52.709999|50.700001|52.549999|1992700|51.628056
FTV|2016-08-12|52|52.869999|51.799999|52.709999|1287800|51.785248
FTV|2016-08-15|52.950001|53.77|52.860001|53.66|1457900|52.718586
FTV|2016-08-16|53.580002|53.950001|53.27|53.549999|1002300|52.610512
FTV|2016-08-17|53.669998|53.73|53.34|53.41|1032100|52.472961
FTV|2016-08-18|53.220001|53.52|52.93|53.16|874700|52.227364
FTV|2016-08-19|52.950001|52.950001|51.709999|51.919998|1196100|51.009109
FTV|2016-08-22|51.919998|52.040001|51.080002|51.259998|1081700|50.360691
FTV|2016-08-23|51.360001|52.099998|51.139999|51.900002|2513600|50.98946
FTV|2016-08-24|51.259998|51.779999|50.604|51.369999|692800|50.536919
FTV|2016-08-25|51.18|51.889999|50.98|51.619999|1384900|50.782864
FTV|2016-08-26|51.639999|52.34|51.529999|51.869999|937600|51.028805
FTV|2016-08-29|51.779999|52.790001|51.560001|52.41|1044800|51.560051
FTV|2016-08-30|52.189999|53.470001|52.189999|52.610001|952100|51.756809
FTV|2016-08-31|52.470001|52.82|52|52.669998|1653600|51.81583
FTV|2016-09-01|52.959999|53.110001|52.139999|52.630001|959400|51.776478
FTV|2016-09-02|53.02|53.470001|52.810001|53.380001|840800|52.514332
FTV|2016-09-06|53.5|53.549999|52.290001|52.73|1293800|51.874866
FTV|2016-09-07|52.43|53.119999|52.02|52.939999|1743200|52.081448
FTV|2016-09-08|52.68|52.959999|52.27|52.330002|1097800|51.481358
FTV|2016-09-09|51.77|52.009998|50.549999|50.549999|2170700|49.730221
FTV|2016-09-12|50.02|51.439999|49.860001|51.209999|1862400|50.379509
FTV|2016-09-13|50.860001|51.400002|49.970001|50.040001|1607100|49.228497
FTV|2016-09-14|50.049999|50.5|49.639999|50.02|1152300|49.208813
FTV|2016-09-15|49.98|50.599998|49.5|50.490002|1410100|49.6712
FTV|2016-09-16|50.110001|50.389999|49.419998|50.259998|2351900|49.444916
FTV|2016-09-19|50.41|51.404999|50.380001|50.779999|975300|49.95649
FTV|2016-09-20|50.779999|51.080002|50.209999|50.25|1070400|49.435081
FTV|2016-09-21|50.470001|51.009998|50.220001|50.98|850800|50.153248
FTV|2016-09-22|51.349998|51.990002|51.290001|51.639999|1649200|50.80254
FTV|2016-09-23|51.299999|51.580002|50.650002|50.880001|807200|50.054874
FTV|2016-09-26|50.66|51.490002|50.299999|51.220001|1066300|50.389351
FTV|2016-09-27|51.099998|51.779999|51.049999|51.610001|1196400|50.773029
FTV|2016-09-28|51.740002|51.77|51.349998|51.720001|905700|50.881245
FTV|2016-09-29|51.09|51.610001|50.630001|50.700001|1458100|49.877789
FTV|2016-09-30|51.119999|51.27|50.279999|50.900002|1952400|50.074543
FTV|2016-10-03|50.610001|51.66|50.610001|51.389999|1360700|50.556599
FTV|2016-10-04|51.259998|51.450001|50.560001|50.810001|1212800|49.986004
FTV|2016-10-05|51.02|51.294998|50.599998|50.939999|884500|50.113895
FTV|2016-10-06|50.830002|50.970001|50.5|50.700001|764000|49.877789
FTV|2016-10-07|50.5|50.810001|49.869999|49.93|1055600|49.120277
FTV|2016-10-10|50.23|50.32|49.900002|49.950001|1021200|49.139946
FTV|2016-10-11|49.919998|50.16|49.02|49.220001|1401900|48.421791
FTV|2016-10-12|49.400002|49.400002|48.650002|48.990002|1620000|48.195518
FTV|2016-10-13|48.630001|49.68|48|48.82|1209600|48.028271
FTV|2016-10-14|49.07|49.935001|48.810001|49.459999|872300|48.65789
FTV|2016-10-17|49.560001|49.59|48.91|49.060001|1116500|48.264381
FTV|2016-10-18|49.650002|50.32|49|49.09|1152600|48.2939
FTV|2016-10-19|49.27|49.796001|48.459999|49.389999|759900|48.589031
FTV|2016-10-20|49.139999|49.18|48.439999|48.700001|1419300|47.910221
FTV|2016-10-21|48.220001|48.889999|48.130001|48.669998|1707000|47.880699
FTV|2016-10-24|48.869999|49.259998|48.360001|48.549999|1269600|47.76265
FTV|2016-10-25|48.5|48.5|47.860001|47.919998|1279400|47.142872
FTV|2016-10-26|47.799999|48.119999|47.540001|47.77|1574700|46.995308
FTV|2016-10-27|47.689999|47.689999|46.810001|47.490002|3144200|46.719852
FTV|2016-10-28|50.23|51.689999|49.73|50.209999|3978800|49.395725
FTV|2016-10-31|50.209999|51.349998|50.040001|51.049999|1561700|50.222107
FTV|2016-11-01|50.939999|51.02|49.990002|50.490002|1775800|49.6712
FTV|2016-11-02|50.450001|51.150002|50.279999|50.32|866600|49.503948
FTV|2016-11-03|50.290001|51.200001|49.990002|50.98|1145700|50.153248
FTV|2016-11-04|51.02|51.66|50.540001|51.110001|1568200|50.281139
FTV|2016-11-07|51.57|52.07|51.035|51.790001|1413900|50.950111
FTV|2016-11-08|51.880001|52.799999|51.369999|52.650002|1165900|51.796165
FTV|2016-11-09|51.990002|53.93|51.903999|53.459999|1673900|52.593025
FTV|2016-11-10|53.950001|55.34|53.695|54.200001|1796200|53.321026
FTV|2016-11-11|54.09|54.740002|53.279999|53.400002|1431400|52.534004
FTV|2016-11-14|53.66|54.060001|53.490002|53.82|2630400|52.947182
FTV|2016-11-15|53.939999|54.450001|53.689999|54.119999|1703400|53.242329
FTV|2016-11-16|53.790001|54.455002|53.709999|54.439999|1533500|53.557133
FTV|2016-11-17|54.380001|54.66|53.919998|54.5|932400|53.616154
FTV|2016-11-18|54.48|54.75|54.09|54.630001|1214900|53.744064
FTV|2016-11-21|54.25|55.16|54|54.830002|1391300|53.940811
FTV|2016-11-22|54.740002|55.77|54.560001|55.369999|1333200|54.541679
FTV|2016-11-23|55.610001|55.93|55.27|55.799999|985100|55.034828
FTV|2016-11-25|56.080002|56.150002|55.450001|55.970001|489300|55.202499
FTV|2016-11-28|56.080002|56.240002|55.32|55.59|1054100|54.827705
FTV|2016-11-29|55.360001|55.98|55.209999|55.279999|1078000|54.521957
FTV|2016-11-30|55.650002|56.154999|54.799999|54.990002|4718900|54.235935
FTV|2016-12-01|55.139999|55.209999|54|54.189999|3325300|53.446907
FTV|2016-12-02|54.290001|55.029999|54.009998|54.48|2545400|53.732929
FTV|2016-12-05|54.77|54.889999|53.57|53.91|1420800|53.170742
FTV|2016-12-06|53.970001|54.119999|53.540001|54|2281300|53.25951
FTV|2016-12-07|54|54.404999|53.41|54.240002|3285700|53.49622
FTV|2016-12-08|54.369999|54.459999|53.435001|53.68|2203200|52.943897
FTV|2016-12-09|53.509998|54.16|53.32|54|1441400|53.25951
FTV|2016-12-12|53.880001|54.369999|53.740002|53.990002|1533200|53.249649
FTV|2016-12-13|54.279999|54.450001|53.25|53.849998|2752000|53.111568
FTV|2016-12-14|53.889999|55.334999|53.869999|54.25|1559700|53.506081
FTV|2016-12-15|54.209999|55.290001|53.93|54.810001|1578100|54.058399
FTV|2016-12-16|54.860001|55.02|54.400002|54.830002|2646100|54.078125
FTV|2016-12-19|54.810001|55.029999|54.389999|54.959999|1169300|54.206345
FTV|2016-12-20|55.240002|55.459999|54.810001|55.049999|1187900|54.295105
FTV|2016-12-21|54.970001|54.970001|53.919998|54.119999|1469800|53.377869
FTV|2016-12-22|54.119999|54.98|53.689999|54.09|1543300|53.348274
FTV|2016-12-23|54.330002|54.759998|53.77|54.509998|511900|53.762512
FTV|2016-12-27|54.75|54.84|54.110001|54.459999|915400|53.713203
FTV|2016-12-28|54.66|54.66|53.470001|53.75|602700|53.012936
FTV|2016-12-29|53.990002|54.139999|53.59|54.009998|497200|53.269367
FTV|2016-12-30|54.200001|54.48|53.389999|53.630001|705100|52.894585
FTV|2017-01-03|53.889999|54.183998|52.990002|53.73|1615100|52.99321
FTV|2017-01-04|54.119999|54.529999|53.970001|54.25|1487100|53.506081
FTV|2017-01-05|54.330002|54.700001|53.709999|53.939999|1430000|53.200333
FTV|2017-01-06|53.900002|54.200001|53.389999|53.869999|1260000|53.131298
FTV|2017-01-09|54.02|54.200001|53.59|53.73|743300|52.99321
FTV|2017-01-10|53.73|54.080002|53.48|53.799999|1311600|53.062256
FTV|2017-01-11|53.779999|53.880001|53.259998|53.66|3691700|52.924175
FTV|2017-01-12|53.470001|53.889999|53.360001|53.669998|2030200|52.934032
FTV|2017-01-13|54.400002|55.16|54.400002|54.759998|1439400|54.009087
FTV|2017-01-17|54.439999|54.529999|53.669998|54.130001|1234900|53.387733
FTV|2017-01-18|54.110001|54.400002|53.849998|54.139999|1346100|53.397587
FTV|2017-01-19|54.23|54.68|54|54.27|821100|53.52581
FTV|2017-01-20|54.419998|54.68|54.209999|54.52|1822900|53.772381
FTV|2017-01-23|54.32|54.810001|53.59|54.110001|1372800|53.368008
FTV|2017-01-24|54.310001|54.990002|54.089001|54.700001|1710500|53.949913
FTV|2017-01-25|54.939999|55.34|54.700001|55.169998|1755900|54.413467
FTV|2017-01-26|55|55.98|54.759998|55.689999|2298600|54.926331
FTV|2017-01-27|55.73|56|55.549999|55.93|1568700|55.163036
FTV|2017-01-30|55.93|55.93|54.75|55.439999|1570600|54.679768
FTV|2017-01-31|55.240002|55.540001|54.91|55.310001|1792800|54.551548
FTV|2017-02-01|55.470001|55.650002|54.805|55.130001|1159700|54.37402
FTV|2017-02-02|54.799999|55.5|54.5|55.209999|1895200|54.452919
FTV|2017-02-03|55.560001|56.650002|55.07|56.02|1447400|55.251808
FTV|2017-02-06|55.700001|55.939999|55.509998|55.810001|879600|55.044682
FTV|2017-02-07|56|56.119999|55.560001|55.639999|1898000|54.877022
FTV|2017-02-08|54.970001|56.389999|54.883999|56.18|4628200|55.409622
FTV|2017-02-09|56.16|57.150002|56.16|57.02|1128300|56.238094
FTV|2017-02-10|57.189999|57.419998|56.68|57.150002|1250800|56.366318
FTV|2017-02-13|57.459999|58.040001|57.380001|57.529999|1187800|56.741112
FTV|2017-02-14|57.5|57.529999|56.919998|57.290001|1008600|56.504398
FTV|2017-02-15|57.240002|57.75|57.081001|57.580002|1022000|56.790424
FTV|2017-02-16|57.66|58.240002|56.799999|57.389999|1120400|56.603012
FTV|2017-02-17|57.41|57.720001|57.130001|57.689999|902000|56.898911
FTV|2017-02-21|57.689999|58.25|57.529999|58.130001|1553200|57.332878
FTV|2017-02-22|57.77|58.169998|57.549999|57.689999|939600|56.96751
FTV|2017-02-23|58.009998|58.150002|57.119999|57.259998|1019300|56.542885
FTV|2017-02-24|57.09|57.900002|56.73|57.790001|1846700|57.066265
FTV|2017-02-27|57.639999|57.880001|57.470001|57.650002|891600|56.928009
FTV|2017-02-28|57.669998|57.889999|57.310001|57.650002|1648700|56.928009
FTV|2017-03-01|58.220001|59.240002|58.080002|58.91|1436200|58.172245
FTV|2017-03-02|58.91|59.009998|58.32|58.630001|1943600|57.895741
FTV|2017-03-03|58.610001|58.880001|58.369999|58.73|1438400|57.994484
FTV|2017-03-06|58.32|58.66|58.005001|58.330002|1567200|57.599487
FTV|2017-03-07|58.369999|58.549999|58.009998|58.200001|1664600|57.471123
FTV|2017-03-08|58.209999|58.470001|58.02|58.169998|1290500|57.441502
FTV|2017-03-09|58.080002|58.470001|57.830002|58.02|1308100|57.293377
FTV|2017-03-10|58.279999|58.549999|57.98|58.310001|1219100|57.579742
FTV|2017-03-13|58.450001|58.970001|58.09|58.77|1573600|58.033981
FTV|2017-03-14|58.48|58.650002|58.25|58.549999|951000|57.816738
FTV|2017-03-15|58.779999|59.880001|58.779999|59.700001|1783900|58.952332
FTV|2017-03-16|59.73|59.919998|59.400002|59.509998|1428100|58.764706
FTV|2017-03-17|59.73|59.814999|59.439999|59.580002|1928500|58.833847
FTV|2017-03-20|59.599998|59.849998|58.959999|59|1467800|58.261105
FTV|2017-03-21|59.279999|59.470001|58.34|58.509998|1856500|57.777237
FTV|2017-03-22|58.509998|58.82|58.290001|58.490002|1661100|57.757484
FTV|2017-03-23|58.310001|58.84|58.290001|58.529999|1054500|57.796986
FTV|2017-03-24|60.18|60.18|58.939999|59.310001|1811200|58.567219
FTV|2017-03-27|58.720001|59.299999|58.150002|59.080002|943200|58.340107
FTV|2017-03-28|59.040001|59.77|58.75|59.59|817900|58.843719
FTV|2017-03-29|59.860001|60.41|59.509998|59.650002|1376300|58.902962
FTV|2017-03-30|59.720001|59.990002|59.450001|59.619999|1155400|58.873341
FTV|2017-03-31|59.57|60.400002|59.380001|60.220001|1220700|59.465824
FTV|2017-04-03|60.220001|60.650002|59.540001|60.130001|1918000|59.376953
FTV|2017-04-04|60.119999|60.299999|59.805|60.02|1514400|59.268333
FTV|2017-04-05|60.259998|60.790001|60.060001|60.25|1389900|59.495449
FTV|2017-04-06|60.27|60.779999|60.150002|60.57|719900|59.811436
FTV|2017-04-07|60.580002|60.700001|60.349998|60.470001|521400|59.712696
FTV|2017-04-10|60.5|61.110001|60.470001|61|1224600|60.236053
FTV|2017-04-11|60.66|60.970001|60.41|60.77|2477400|60.00893
FTV|2017-04-12|60.790001|60.939999|60.23|60.5|1546100|59.742317
FTV|2017-04-13|60.5|60.919998|60.290001|60.330002|1215400|59.574448
FTV|2017-04-17|60.5|60.57|60.064999|60.48|978300|59.722572
FTV|2017-04-18|60.119999|60.484001|59.994999|60.27|1563000|59.515198
FTV|2017-04-19|60.290001|60.689999|59.880001|60.009998|1963300|59.25845
FTV|2017-04-20|60.259998|60.849998|59.880001|60.610001|1502700|59.850941
FTV|2017-04-21|60.59|60.700001|59.974998|60.009998|1389900|59.25845
FTV|2017-04-24|60.790001|61.540001|60.68|61.43|1269300|60.660667
FTV|2017-04-25|61.790001|62.540001|61.700001|62.330002|1472000|61.549404
FTV|2017-04-26|62.299999|62.73|62.110001|62.25|1303600|61.470402
FTV|2017-04-27|62.240002|63.009998|62.07|62.32|1945700|61.539528
FTV|2017-04-28|62.959999|64.269997|62.5|63.259998|2403000|62.467754
FTV|2017-05-01|63.610001|63.650002|62.110001|62.34|1759100|61.559277
FTV|2017-05-02|61.830002|62.32|61.099998|62.18|1505200|61.401276
FTV|2017-05-03|61.950001|62.720001|61.779999|62.669998|976800|61.885143
FTV|2017-05-04|62.630001|63.110001|62.560001|62.82|819900|62.033264
FTV|2017-05-05|62.860001|63.16|62.48|63.139999|595400|62.349251
FTV|2017-05-08|63.09|63.360001|62.735001|62.889999|1791500|62.102383
FTV|2017-05-09|62.939999|63.43|62.459999|62.700001|826000|61.914768
FTV|2017-05-10|62.529999|62.810001|62.240002|62.57|1048500|61.786392
FTV|2017-05-11|62.18|62.700001|62.080002|62.619999|591300|61.83577
FTV|2017-05-12|62.439999|62.528|62|62.18|1005100|61.401276
FTV|2017-05-15|62.299999|62.639999|62.189999|62.220001|981500|61.440784
FTV|2017-05-16|62.450001|62.450001|62.049999|62.330002|889400|61.549404
FTV|2017-05-17|62.330002|62.330002|61.130001|61.200001|1235900|60.433552
FTV|2017-05-18|60.75|61.59|60.400002|61.16|1377800|60.394054
FTV|2017-05-19|61.48|62.02|60.994999|61.84|1867600|61.065536
FTV|2017-05-22|62.09|62.5|61.900002|62.400002|771700|61.61853
FTV|2017-05-23|62.389999|62.700001|62.130001|62.610001|769500|61.825893
FTV|2017-05-24|62.740002|63.220001|62.630001|63.080002|1357900|62.35973
FTV|2017-05-25|63.119999|63.869999|62.75|63.639999|1039100|62.913326
FTV|2017-05-26|63.68|63.900002|63.380001|63.509998|1176200|62.784817
FTV|2017-05-30|63.240002|63.790001|63.029999|63.349998|1775800|62.626637
FTV|2017-05-31|63.419998|63.560001|61.799999|62.450001|3926600|61.736916
FTV|2017-06-01|62.73|63.43|62.474998|62.990002|1105500|62.270756
FTV|2017-06-02|62.900002|63.830002|62.845001|63.41|1187700|62.685959
FTV|2017-06-05|63.240002|63.560001|63.220001|63.32|839500|62.596981
FTV|2017-06-06|63.240002|63.450001|63.040001|63.200001|1376800|62.478355
FTV|2017-06-07|63.25|63.759998|63.07|63.360001|786000|62.636524
FTV|2017-06-08|63.360001|63.75|62.810001|63.700001|987000|62.972645
FTV|2017-06-09|64|64|62.560001|63.09|1027100|62.369617
FTV|2017-06-12|63.040001|63.345001|62.198002|62.459999|1138200|61.746796
FTV|2017-06-13|62.68|63.290001|62.43|63.27|1013700|62.547554
FTV|2017-06-14|63.279999|63.48|62.93|62.950001|1378800|62.231209
FTV|2017-06-15|62.66|63.259998|62.380001|63.040001|1172000|62.320183
FTV|2017-06-16|63.169998|64.059998|62.869999|64.050003|1676700|63.318653
FTV|2017-06-19|64.309998|64.830002|64.190002|64.790001|1373600|64.050194
FTV|2017-06-20|64.5|65.209999|64.300003|64.470001|1760800|63.733852
FTV|2017-06-21|64.519997|64.699997|64.279999|64.370003|1462500|63.635002
FTV|2017-06-22|64.339996|64.529999|63.91|64.099998|1043500|63.368076
FTV|2017-06-23|63.950001|64.160004|63.669998|64.099998|7313000|63.368076
FTV|2017-06-26|64.300003|64.720001|63.939999|64.110001|1009500|63.377964
FTV|2017-06-27|63.790001|64.089996|63.369999|63.369999|697800|62.646412
FTV|2017-06-28|63.790001|64.550003|63.595001|64.410004|830200|63.674538
FTV|2017-06-29|64.370003|64.370003|62.75|62.860001|1291200|62.142231
FTV|2017-06-30|62.919998|63.68|62.900002|63.349998|1176900|62.626637
FTV|2017-07-03|63.650002|63.73|63.189999|63.330002|652600|62.606876
FTV|2017-07-05|63.630001|63.98|63.185001|63.610001|892200|62.883671
FTV|2017-07-06|63.400002|63.779999|63.220001|63.330002|1475700|62.606876
FTV|2017-07-07|63.610001|64|63.459999|63.849998|1114100|63.12093
FTV|2017-07-10|63.82|64.945|63.759998|64.599998|1975100|63.862366
FTV|2017-07-11|64.68|64.68|63.380001|63.970001|1104800|63.239563
FTV|2017-07-12|64.239998|64.900002|64.199997|64.699997|1118500|63.96122
FTV|2017-07-13|64.75|64.860001|64.309998|64.389999|869400|63.654762
FTV|2017-07-14|64.419998|64.790001|64.32|64.559998|1113400|63.822823
FTV|2017-07-17|64.57|64.57|63.779999|64.139999|1388200|63.407608
FTV|2017-07-18|64.029999|64.220001|63.630001|63.75|1029900|63.022079
FTV|2017-07-19|63.939999|63.990002|63.580002|63.970001|1400600|63.239563
FTV|2017-07-20|64.010002|64.150002|62.830002|63.5|1558100|62.774933
FTV|2017-07-21|63.240002|63.490002|63.080002|63.25|1284200|62.527786
FTV|2017-07-24|63.330002|63.400002|63.049999|63.290001|1203500|62.567326
FTV|2017-07-25|63.57|63.73|62.970001|63.07|1716700|62.349838
FTV|2017-07-26|63.110001|63.220001|62.139999|62.18|1740900|61.469997
FTV|2017-07-27|62.16|62.790001|62.049999|62.580002|1840200|61.865433
FTV|2017-07-28|63.5|64.82|62.639|64.470001|2210700|63.733852
FTV|2017-07-31|64.760002|64.910004|64.209999|64.739998|1986000|64.000771
FTV|2017-08-01|64.790001|65.730003|64.260002|65.199997|1849700|64.455505
FTV|2017-08-02|65.309998|66.540001|65.300003|66.279999|1813300|65.52317
FTV|2017-08-03|66.349998|66.540001|66.059998|66.529999|1102800|65.770325
FTV|2017-08-04|66.68|67.199997|66.519997|67.169998|1117700|66.40303
FTV|2017-08-07|67|67.480003|66.720001|67.220001|1466500|66.452461
FTV|2017-08-08|66.970001|67.199997|66.849998|66.919998|1172700|66.155884
FTV|2017-08-09|66.860001|66.980003|66.544998|66.82|949900|66.05703
FTV|2017-08-10|66.550003|66.720001|65.510002|65.529999|1037700|64.781738
FTV|2017-08-11|65.620003|66.080002|65.400002|65.599998|705300|64.85096
FTV|2017-08-14|66.099998|66.379997|65.980003|66.25|494600|65.49353
FTV|2017-08-15|66.199997|66.379997|65.919998|66.120003|595500|65.365005
FTV|2017-08-16|66.309998|66.629997|66|66.150002|645200|65.394684
FTV|2017-08-17|65.870003|66.047997|65.110001|65.160004|545700|64.415977
FTV|2017-08-18|64.949997|65.389999|64.68|65.029999|963500|64.287453
FTV|2017-08-21|65|65.519997|64.639999|65.419998|710600|64.673004
FTV|2017-08-22|65.589996|66|65.589996|65.860001|777900|65.107971
FTV|2017-08-23|65.639999|65.699997|64.980003|65.029999|641200|64.355858
FTV|2017-08-24|65.120003|65.339996|64.629997|64.879997|1167300|64.20742
FTV|2017-08-25|65.050003|65.25|64.099998|64.690002|1407800|64.019394
FTV|2017-08-28|64.949997|65.059998|64.245003|64.489998|697200|63.821465
FTV|2017-08-29|64.260002|64.57|63.971001|64.459999|1812800|63.791775
FTV|2017-08-30|64.419998|64.940002|64.349998|64.800003|1586100|64.128242
FTV|2017-08-31|64.849998|65.139999|64.690002|64.970001|1293300|64.296478
FTV|2017-09-01|65.25|65.400002|64.919998|65.099998|814200|64.42514
FTV|2017-09-05|64.989998|65.739998|64.849998|65.089996|1043000|64.41523
FTV|2017-09-06|65.5|65.989998|64.643997|64.730003|1907800|64.058975
FTV|2017-09-07|64.940002|65.639999|64.620003|65.57|816600|64.890259
FTV|2017-09-08|65.529999|67.089996|65.480003|66.480003|1115100|65.790825
FTV|2017-09-11|66.980003|67.610001|66.620003|67.519997|1462200|66.820045
FTV|2017-09-12|67.610001|68.080002|67.610001|67.870003|845900|67.166428
FTV|2017-09-13|67.730003|68.709999|67.529999|68.690002|1895200|67.977928
FTV|2017-09-14|68.349998|69.199997|67.949997|69.190002|1816100|68.472725
FTV|2017-09-15|70.07|70.209999|69.050003|69.360001|2711700|68.640976
FTV|2017-09-18|69.489998|70.480003|69.32|70.309998|1321600|69.581116
FTV|2017-09-19|70.309998|70.529999|70.010002|70.080002|961900|69.353516
FTV|2017-09-20|70.220001|70.660004|69.940002|70.169998|2028300|69.442589
FTV|2017-09-21|70.199997|70.410004|69.809998|69.93|1067200|69.20507
FTV|2017-09-22|69.860001|70.125|69.589996|70.029999|2310300|69.304031
FTV|2017-09-25|70.080002|70.25|69.589996|70.029999|982700|69.304031
FTV|2017-09-26|70.040001|70.360001|69.800003|69.849998|1183700|69.125893
FTV|2017-09-27|69.849998|70.269997|69.68|70.209999|906400|69.482162
FTV|2017-09-28|69.970001|70.279999|69.699997|69.919998|1324500|69.195168
FTV|2017-09-29|69.889999|71.07|69.75|70.790001|1060900|70.056168
FTV|2017-10-02|71.029999|71.550003|70.900002|71.550003|893800|70.808273
FTV|2017-10-03|71.739998|71.910004|71.279999|71.480003|905700|70.738998
FTV|2017-10-04|71.43|71.940002|71.339996|71.910004|1057600|71.164551
FTV|2017-10-05|72.010002|72.010002|71.139999|71.57|1268900|70.828056
FTV|2017-10-06|71.459999|71.879997|71.290001|71.550003|1050800|70.808273
FTV|2017-10-09|71.760002|72.099998|71.480003|71.900002|649100|71.154655
FTV|2017-10-10|72.25|72.309998|71.400002|71.919998|976700|71.174423
FTV|2017-10-11|72.059998|72.550003|71.849998|72.349998|989000|71.599991
FTV|2017-10-12|72.489998|73.010002|72.269997|72.889999|978400|72.134369
FTV|2017-10-13|73.18|73.209999|72.190002|72.349998|721200|71.599991
FTV|2017-10-16|72.440002|72.699997|71.900002|72.019997|1097200|71.273384
FTV|2017-10-17|72.080002|72.279999|71.480003|71.489998|1318200|70.748901
FTV|2017-10-18|71.5|71.949997|71.379997|71.620003|855800|70.877548
FTV|2017-10-19|71.379997|71.584999|71.004997|71.099998|1111600|70.362938
FTV|2017-10-20|71.5|72.071999|71.260002|72.010002|1564800|71.263504
FTV|2017-10-23|72.010002|72.309998|71.440002|72.089996|1030200|71.342667
FTV|2017-10-24|72.309998|73.339996|72.309998|73.309998|1287800|72.550026
FTV|2017-10-25|72.949997|73.370003|72.050003|72.470001|1730700|71.718735
FTV|2017-10-26|73.099998|73.760002|72.57|73.470001|1765700|72.708374
FTV|2017-10-27|72.199997|74.379997|70.010002|74.099998|2011600|73.331841
FTV|2017-10-30|73.75|73.889999|72.379997|72.459999|1583400|71.708832
FTV|2017-10-31|72.610001|72.769997|72.214996|72.260002|1234900|71.510918
FTV|2017-11-01|72.730003|73.07|72.25|72.860001|1221700|72.104691
FTV|2017-11-02|72.900002|73.495003|72.639999|73.309998|987200|72.550026
FTV|2017-11-03|73.300003|73.980003|73.300003|73.639999|1009800|72.876602
FTV|2017-11-06|73.5|73.589996|72.760002|72.860001|836600|72.104691
FTV|2017-11-07|72.800003|73.470001|72.669998|73.470001|1072500|72.708374
FTV|2017-11-08|73.209999|73.25|72.68|72.769997|1130300|72.015617
FTV|2017-11-09|72.449997|72.849998|72.100998|72.629997|1015700|71.87706
FTV|2017-11-10|72.279999|72.794998|71.900002|72.650002|1825200|71.896873
FTV|2017-11-13|72.260002|72.699997|72.050003|72.599998|833400|71.847382
FTV|2017-11-14|72.230003|72.695|72.139999|72.669998|1224000|71.916656
FTV|2017-11-15|72.589996|72.709999|71.669998|71.849998|1726000|71.105164
FTV|2017-11-16|72.190002|72.93|72.029999|72.440002|982700|71.689041
FTV|2017-11-17|72.089996|72.709|71.75|72.25|2945400|71.501007
FTV|2017-11-20|72.379997|73.160004|72.25|72.809998|873300|72.055214
FTV|2017-11-21|72.889999|73.160004|72.410004|72.449997|1263600|71.698944
FTV|2017-11-22|72.379997|72.529999|71.755997|72|1932800|71.322517
FTV|2017-11-24|72.07|72.400002|72.059998|72.129997|363000|71.451294
FTV|2017-11-27|72.330002|73.035004|72.214996|72.760002|958900|72.075371
FTV|2017-11-28|73.059998|73.830002|72.589996|73.290001|1304600|72.600388
FTV|2017-11-29|73.379997|73.480003|72.669998|73.419998|920000|72.729164
FTV|2017-11-30|73.489998|74.75|73.43|74.650002|1571000|73.947594
FTV|2017-12-01|75.550003|75.690002|73.550003|74.580002|1322300|73.878242
FTV|2017-12-04|75.07|75.540001|74.230003|74.230003|1074800|73.531532
FTV|2017-12-05|74.43|74.540001|72.879997|72.949997|1140300|72.263565
FTV|2017-12-06|72.989998|73.660004|72.684998|73.290001|1119600|72.600388
FTV|2017-12-07|73.550003|74.230003|73.199997|73.599998|899100|72.907455
FTV|2017-12-08|73.959999|74.239998|73.279999|73.690002|1000600|72.996628
FTV|2017-12-11|73.830002|73.989998|72.860001|73.010002|960900|72.323013
FTV|2017-12-12|72.949997|72.949997|72.260002|72.519997|767100|71.837631
FTV|2017-12-13|72.470001|73.029999|72.18|72.410004|943400|71.728668
FTV|2017-12-14|72.629997|72.790001|71.370003|71.400002|1094400|70.728172
FTV|2017-12-15|71.830002|72.32|71.709999|72.059998|2613500|71.381958
FTV|2017-12-18|72.379997|73.120003|72.099998|72.730003|1083700|72.045654
FTV|2017-12-19|72.93|73.099998|72.010002|72.730003|944200|72.045654
FTV|2017-12-20|73.230003|73.440002|72.900002|72.989998|767200|72.3032
FTV|2017-12-21|73.269997|73.309998|72.620003|72.800003|830800|72.11499
FTV|2017-12-22|72.839996|72.839996|72.150002|72.470001|981700|71.788101
FTV|2017-12-26|72.690002|72.760002|72.239998|72.620003|417300|71.936707
FTV|2017-12-27|72.529999|72.889999|72.230003|72.370003|780600|71.689041
FTV|2017-12-28|72.5|72.660004|72.040001|72.5|798100|71.81781
FTV|2017-12-29|72.769997|73|72.349998|72.349998|843000|71.669228
FTV|2018-01-02|72.989998|73.18|71.834999|72.379997|1088500|71.698936
FTV|2018-01-03|72.239998|72.57|71.269997|72.419998|1566900|71.738571
FTV|2018-01-04|72.720001|74.349998|72.43|74.25|1528200|73.551353
FTV|2018-01-05|74.419998|74.610001|72.870003|73.400002|2134300|72.709343
FTV|2018-01-08|73.160004|73.5|73.059998|73.25|1010400|72.560753
FTV|2018-01-09|73.220001|74.470001|73.199997|73.779999|1139100|73.085762
FTV|2018-01-10|73.410004|73.830002|72.529999|73.019997|889100|72.332916
FTV|2018-01-11|73.129997|73.809998|73.010002|73.709999|1179500|73.016411
FTV|2018-01-12|73.940002|74.779999|73.760002|74.470001|1283200|73.769264
FTV|2018-01-16|74.82|75.629997|73.720001|73.989998|1339400|73.293793
FTV|2018-01-17|74.470001|75.239998|74.019997|74.739998|1525100|74.036736
FTV|2018-01-18|74.860001|75.239998|74.25|74.459999|864300|73.759369
FTV|2018-01-19|74.629997|74.945|74|74.559998|1811700|73.858429
FTV|2018-01-22|74.550003|75.07|73.849998|74.199997|1364800|73.501831
FTV|2018-01-23|74.440002|75.25|73.779999|75.059998|1591000|74.353729
FTV|2018-01-24|75.480003|76.68|75.059998|75.360001|1576800|74.650902
FTV|2018-01-25|75.790001|75.894997|74.559998|74.809998|1440600|74.106087
FTV|2018-01-26|75.209999|76.589996|74.57|76.57|2205200|75.849518
FTV|2018-01-29|76.199997|76.669998|76|76.379997|1625600|75.661316
FTV|2018-01-30|75.900002|76.43|75.629997|76.029999|1333500|75.314598
FTV|2018-01-31|76.330002|76.529999|75.620003|76.019997|1287200|75.304688
FTV|2018-02-01|75.519997|76.57|75.205002|75.550003|1440500|74.839104
FTV|2018-02-02|75.339996|76.290001|75|75.349998|1406300|74.640991
FTV|2018-02-05|75.040001|75.415001|71.650002|71.660004|1982100|70.985718
FTV|2018-02-06|70.330002|72.589996|69.449997|72.110001|2852900|71.431488
FTV|2018-02-07|71.919998|73.050003|71.68|71.690002|2533300|71.015442
FTV|2018-02-08|71.709999|72.300003|69.029999|69.139999|2367700|68.489433
FTV|2018-02-09|75.809998|75.809998|69.510002|72.449997|4139700|71.76828
FTV|2018-02-12|72.800003|74.980003|72.800003|74.300003|3466900|73.600883
FTV|2018-02-13|74.089996|74.75|73.800003|74.139999|3148600|73.442383
FTV|2018-02-14|73.75|74.419998|73.474998|74.190002|1788700|73.491913
FTV|2018-02-15|74.860001|75.089996|74.099998|75.080002|1765100|74.373543
FTV|2018-02-16|75.080002|75.980003|74.809998|75.650002|2082500|74.938171
FTV|2018-02-20|75.339996|76.209999|75.264999|75.849998|1647200|75.136284
FTV|2018-02-21|76.110001|77.220001|75.989998|76.010002|1269700|75.294785
FTV|2018-02-22|76.339996|77.18|76.110001|76.68|1058100|76.028496
FTV|2018-02-23|77.150002|77.230003|76.432999|77.139999|1298100|76.484589
FTV|2018-02-26|77.290001|78.129997|76.974998|77.959999|1461500|77.297615
FTV|2018-02-27|78.080002|78.830002|77.739998|77.760002|1013200|77.099342
FTV|2018-02-28|78.040001|78.260002|76.790001|76.800003|1799300|76.147491
FTV|2018-03-01|77.059998|77.129997|74.220001|74.699997|1623200|74.065323
FTV|2018-03-02|74.010002|74.480003|73.290001|73.989998|1936200|73.361351
FTV|2018-03-05|73.529999|74.610001|73.110001|74.260002|1280300|73.629059
FTV|2018-03-06|74.669998|75.489998|74.110001|75.120003|1404400|74.48175
FTV|2018-03-07|74.900002|78.089996|73.410004|77.959999|2932600|77.297615
FTV|2018-03-08|78.230003|78.459999|77.379997|78.360001|2252900|77.694229
FTV|2018-03-09|78.82|80.309998|78.129997|80.269997|2108300|79.587997
FTV|2018-03-12|80.199997|80.214996|77.989998|78.529999|1216300|77.862785
FTV|2018-03-13|78.739998|79.214996|77.809998|77.989998|1618900|77.32737
FTV|2018-03-14|78.449997|78.900002|77.419998|77.610001|1180200|76.950592
FTV|2018-03-15|77.769997|78.419998|77.220001|78.099998|724800|77.43644
FTV|2018-03-16|78.019997|78.43|77.610001|78.230003|2018000|77.565323
FTV|2018-03-19|78.190002|78.190002|77.010002|77.779999|937000|77.119141
FTV|2018-03-20|78.099998|78.480003|77.779999|78.160004|1295000|77.495926
FTV|2018-03-21|78.209999|79.202003|77.529999|78.349998|1149000|77.684311
FTV|2018-03-22|77.559998|78.230003|76.519997|76.690002|1542300|76.038414
FTV|2018-03-23|76.75|77.68|75.970001|76.019997|2109000|75.3741
FTV|2018-03-26|77.309998|78.190002|76.644997|78.089996|1729900|77.426514
FTV|2018-03-27|78.120003|78.470001|76.470001|76.800003|1570600|76.147491
FTV|2018-03-28|76.989998|77.099998|75.779999|76.650002|1813600|75.998756
FTV|2018-03-29|77.019997|77.959999|76.599998|77.519997|1374900|76.861351
FTV|2018-04-02|77.190002|77.393997|74.559998|75.440002|1681700|74.799026
FTV|2018-04-03|75.669998|76.349998|74.839996|76.300003|1604700|75.651733
FTV|2018-04-04|75.010002|76.669998|74.400002|76.629997|1794600|75.978928
FTV|2018-04-05|77.330002|78.080002|76.879997|77.419998|1310800|76.762207
FTV|2018-04-06|76.690002|77.010002|73.879997|74.720001|1619100|74.085144
FTV|2018-04-09|74.940002|75.580002|73.940002|74.110001|2083500|73.480339
FTV|2018-04-10|75.139999|75.970001|74.970001|75.800003|1590600|75.155975
FTV|2018-04-11|75.129997|75.370003|74.360001|74.449997|1128100|73.817459
FTV|2018-04-12|75|75.379997|74.629997|74.75|1329300|74.114899
FTV|2018-04-13|75.360001|75.824997|74.160004|74.699997|2477000|74.065323
FTV|2018-04-16|75.400002|75.580002|74.889999|75.260002|1432100|74.620575
FTV|2018-04-17|75.809998|77.555|75.709999|76.730003|2105600|76.078079
FTV|2018-04-18|77.230003|77.790001|76.665001|77.139999|954700|76.484589
FTV|2018-04-19|77.120003|77.449997|76.360001|76.769997|1087300|76.117737
FTV|2018-04-20|76.949997|77.089996|76.169998|76.739998|1323400|76.08799
FTV|2018-04-23|76.949997|77|76.080002|76.300003|1133500|75.651733
FTV|2018-04-24|76.669998|76.929001|72.260002|73.050003|1818500|72.429337
FTV|2018-04-25|72.82|73.106003|71.989998|72.199997|1756400|71.586555
FTV|2018-04-26|72.449997|72.714996|71.699997|72.269997|2671100|71.655968
FTV|2018-04-27|71.650002|71.824997|69.080002|71.309998|3691800|70.704109
FTV|2018-04-30|71.650002|71.910004|70.309998|70.309998|1668700|69.712616
FTV|2018-05-01|70.330002|72.059998|69.860001|72.040001|1975700|71.427925
FTV|2018-05-02|72|72.360001|71.205002|71.519997|1990000|70.912338
FTV|2018-05-03|70.889999|72.739998|70.589996|72.510002|1898000|71.893929
FTV|2018-05-04|71.989998|73.389999|71.779999|73.290001|1253400|72.667313
FTV|2018-05-07|73.389999|73.900002|73.160004|73.540001|1316400|72.915184
FTV|2018-05-08|73.540001|74.269997|73.349998|74.25|1129200|73.619148
FTV|2018-05-09|74.260002|75.309998|74|75.220001|1251200|74.58091
FTV|2018-05-10|75.489998|75.639999|75.110001|75.540001|919600|74.898186
FTV|2018-05-11|75.620003|75.970001|75.199997|75.620003|1009400|74.977509
FTV|2018-05-14|75.75|76.720001|75.709999|76.300003|1753100|75.651733
FTV|2018-05-15|76.019997|76.269997|75.510002|76.25|1144100|75.60215
FTV|2018-05-16|76.160004|76.910004|76.129997|76.779999|987500|76.127647
FTV|2018-05-17|76.720001|77.489998|76.400002|77.349998|1246800|76.69281
FTV|2018-05-18|77.339996|77.959999|77.029999|77.870003|2049300|77.208389
FTV|2018-05-21|78.139999|78.614998|77.300003|77.610001|1185300|76.950592
FTV|2018-05-22|77.610001|77.75|76.089996|76.110001|1555000|75.463341
FTV|2018-05-23|75.739998|76.290001|75.209999|76.18|1225900|75.532753
FTV|2018-05-24|75.720001|76.529999|75.510002|76.160004|1459500|75.582382
FTV|2018-05-25|76.019997|76.449997|74.989998|75.510002|817600|74.937302
FTV|2018-05-29|74.919998|75.209999|73.519997|74.019997|1511100|73.458595
FTV|2018-05-30|74.029999|74.669998|73.860001|74.190002|1310600|73.627312
FTV|2018-05-31|74.139999|74.158997|72.489998|72.690002|2277000|72.138695
FTV|2018-06-01|73.419998|74.269997|73.029999|73.809998|1183300|73.250191
FTV|2018-06-04|74.230003|74.800003|73.68|74.25|1600300|73.686852
FTV|2018-06-05|74.470001|74.730003|74.010002|74.300003|856700|73.736481
FTV|2018-06-06|74.459999|74.959999|74.129997|74.959999|1345700|74.391479
FTV|2018-06-07|77.32|78.169998|76.970001|77.980003|2649400|77.388573
FTV|2018-06-08|77.959999|78.400002|77.529999|78.199997|1447800|77.606888
FTV|2018-06-11|78.199997|78.550003|77.940002|78.370003|1100400|77.775604
FTV|2018-06-12|78.379997|78.669998|77.940002|78.290001|1080800|77.696213
FTV|2018-06-13|78.440002|78.970001|78.050003|78.089996|1153700|77.497726
FTV|2018-06-14|78.300003|80.449997|78.300003|80.129997|2548400|79.522247
FTV|2018-06-15|79.650002|81.510002|79.360001|81.07|3365100|80.455124
FTV|2018-06-18|80.379997|80.650002|79.440002|80.370003|1939000|79.760429
FTV|2018-06-19|79.489998|79.589996|78.330002|79.010002|1870800|78.410751
FTV|2018-06-20|79.099998|79.209999|78.389999|78.800003|1123100|78.202347
FTV|2018-06-21|78.510002|78.800003|77.470001|78.099998|1268100|77.50766
FTV|2018-06-22|78.830002|78.849998|77.769997|77.839996|2094100|77.249626
FTV|2018-06-25|77.43|77.849998|76.760002|77.629997|1902100|77.041214
FTV|2018-06-26|77.25|77.25|75.129997|75.199997|6011400|74.629646
FTV|2018-06-27|75.5|76.014999|74.730003|74.790001|5353700|74.222755
FTV|2018-06-28|75.07|76.160004|74.199997|75.800003|3478300|75.225098
FTV|2018-06-29|76.220001|77.610001|76.220001|77.110001|3437000|76.525154
FTV|2018-07-02|76.510002|76.790001|75.669998|76.760002|1477100|76.177818
FTV|2018-07-03|77.110001|77.779999|76.449997|76.540001|797300|75.959496
FTV|2018-07-05|77.040001|77.309998|76.599998|77.139999|1343600|76.554932
FTV|2018-07-06|77.199997|77.669998|76.849998|77.220001|920400|76.634323
FTV|2018-07-09|77.150002|78.099998|77.120003|77.900002|1723300|77.309166
FTV|2018-07-10|77.790001|78.059998|76.639999|77.059998|1227900|76.475533
FTV|2018-07-11|76.809998|77.059998|76.199997|76.239998|1286500|75.661758
FTV|2018-07-12|76.589996|77.199997|76.129997|76.949997|1589000|76.366371
FTV|2018-07-13|77.059998|77.400002|76.790001|77.220001|1003100|76.634323
FTV|2018-07-16|77.029999|77.080002|76.220001|76.459999|1069600|75.880096
FTV|2018-07-17|76.57|77.68|76.400002|77.57|963500|76.981674
FTV|2018-07-18|78|78|77.260002|77.519997|1381700|76.932045
FTV|2018-07-19|77.489998|77.849998|76.870003|77.620003|1307500|77.031296
FTV|2018-07-20|77.120003|78.199997|76.959999|77.639999|1872600|77.05114
FTV|2018-07-23|77.43|77.559998|76.120003|76.18|1443200|75.602219
FTV|2018-07-24|76.5|77.459999|76.5|77.410004|2075400|76.822891
FTV|2018-07-25|77.489998|79.089996|77.25|79.029999|2122100|78.430603
FTV|2018-07-26|79.5|81.309998|78.75|81.209999|2990400|80.594063
FTV|2018-07-27|80.75|80.970001|78.760002|79.809998|2233300|79.204681
FTV|2018-07-30|80|81.660004|79.514999|79.75|2577600|79.145134
FTV|2018-07-31|80.529999|82.25|80.150002|82.080002|2756900|81.457466
FTV|2018-08-01|82.279999|82.629997|80.879997|80.940002|2233300|80.326118
FTV|2018-08-02|80.5|81.139999|79.980003|80.93|1486400|80.316185
FTV|2018-08-03|80.5|81.480003|80.5|81.209999|1010500|80.594063
FTV|2018-08-06|81.080002|81.25|80.809998|80.959999|1286100|80.345955
FTV|2018-08-07|81.169998|81.639999|81|81.279999|832800|80.663528
FTV|2018-08-08|81.169998|81.279999|80.370003|80.779999|893400|80.167328
FTV|2018-08-09|80.720001|81.050003|80.199997|80.239998|746500|79.631424
FTV|2018-08-10|80.040001|80.230003|79.43|79.699997|1980300|79.095512
FTV|2018-08-13|79.610001|80.410004|79.010002|79.309998|1494500|78.708466
FTV|2018-08-14|79.18|79.973999|79.012001|79.559998|1089100|78.956589
FTV|2018-08-15|79.379997|79.809998|78.809998|79.690002|1307800|79.085602
FTV|2018-08-16|80.160004|81.019997|79.93|80.339996|1277300|79.730659
FTV|2018-08-17|80.580002|80.580002|80.169998|80.25|2439400|79.641342
FTV|2018-08-20|80.589996|80.989998|80.220001|80.599998|1815400|79.988686
FTV|2018-08-21|80.660004|80.790001|80.099998|80.389999|1625400|79.780281
FTV|2018-08-22|80.389999|80.389999|79.730003|79.919998|1029700|79.31385
FTV|2018-08-23|80.059998|80.139999|79.620003|80.019997|1317600|79.413078
FTV|2018-08-24|80.220001|80.269997|79.900002|80.129997|678000|79.522247
FTV|2018-08-27|80.529999|81.790001|80.529999|81.68|2082800|81.060509
FTV|2018-08-28|82|82.389999|81.709999|82.07|3927600|81.447548
FTV|2018-08-29|82.199997|84.209999|82.010002|83.879997|4702000|83.243813
FTV|2018-08-30|84|85.120003|83.489998|83.739998|3470100|83.174286
FTV|2018-08-31|83.540001|84.459999|83.5|83.980003|3626500|83.412674
FTV|2018-09-04|83.5|83.800003|82.504997|83.459999|4994200|82.896179
FTV|2018-09-05|83.160004|84.760002|83.029999|84.339996|6595500|83.770241
FTV|2018-09-06|84.360001|84.699997|83.730003|84.160004|4013900|83.591454
FTV|2018-09-07|84.040001|84.980003|83.669998|84.589996|3740100|84.018539
FTV|2018-09-10|85|85.269997|84.519997|84.690002|5034200|84.117874
FTV|2018-09-11|84.779999|85.120003|84.370003|85.019997|6983800|84.445641
FTV|2018-09-12|85.080002|85.620003|84.669998|85.309998|6033800|84.733673
FTV|2018-09-13|85.839996|86.739998|85.599998|86.5|5916900|85.915649
FTV|2018-09-14|86.370003|87.639999|86.300003|86.980003|11724300|86.392403
FTV|2018-09-17|87|87.720001|86.639999|87.120003|13341000|86.531456
FTV|2018-09-18|87.120003|87.860001|86.300003|87.379997|13247400|86.789696
FTV|2018-09-19|87.57|87.779999|85.589996|85.989998|15628200|85.409088
FTV|2018-09-20|86.739998|87.760002|86.239998|87.370003|17937500|86.779762
FTV|2018-09-21|87.949997|88.339996|86.75|86.980003|39671800|86.392403
FTV|2018-09-24|86.790001|87.330002|86.110001|86.330002|17764100|85.746796
FTV|2018-09-25|86.470001|86.900002|85.529999|86|15940900|85.419014
FTV|2018-09-26|85.830002|86.629997|84.5|85.029999|36147700|84.455574
FTV|2018-09-27|85.309998|85.510002|84.400002|84.639999|3841900|84.068207
FTV|2018-09-28|84.660004|84.699997|83.68|84.199997|5018100|83.63118
FTV|2018-10-01|84.720001|84.989998|84.139999|84.43|18123300|83.859627
FTV|2018-10-02|84.330002|84.330002|83.599998|83.620003|25991800|83.055099
FTV|2018-10-03|84.209999|84.43|83.620003|83.739998|5831600|83.174286
FTV|2018-10-04|83.730003|84.300003|83.389999|83.949997|6543900|83.382874
FTV|2018-10-05|83.809998|84.410004|83.059998|83.980003|5873800|83.412674
FTV|2018-10-08|83.690002|84.220001|83.154999|83.650002|4388100|83.0849
FTV|2018-10-09|83.260002|83.269997|82.129997|82.199997|5700700|81.644699
FTV|2018-10-10|81.839996|82.110001|80.220001|80.220001|5049300|79.67807
FTV|2018-10-11|80.029999|80.43|78.419998|78.580002|5227500|78.049156
FTV|2018-10-12|79.830002|80.080002|78.190002|79.199997|2263900|78.664948
FTV|2018-10-15|78.980003|79.599998|78.199997|78.940002|1949000|78.406715
FTV|2018-10-16|79.540001|80.07|79|79.779999|2516400|79.241043
FTV|2018-10-17|79.669998|80.309998|79.029999|80.220001|2620800|79.67807
FTV|2018-10-18|79.919998|80.849998|79.739998|80.029999|2618000|79.489349
FTV|2018-10-19|80.050003|80.900002|79.349998|79.790001|3728900|79.250977
FTV|2018-10-22|80.07|80.175003|77.650002|77.690002|3557600|77.165169
FTV|2018-10-23|76.330002|77.245003|75.529999|77.050003|2836000|76.52948
FTV|2018-10-24|77.209999|77.370003|74|74.080002|2804400|73.579552
FTV|2018-10-25|74.519997|76.695|74.510002|76.330002|4050500|75.814346
FTV|2018-10-26|73.220001|75.489998|69.160004|73.059998|10320200|72.566437
FTV|2018-10-29|73.849998|74.209999|71.559998|72.199997|5514500|71.712242
FTV|2018-10-30|72.199997|72.599998|70.800003|71.68|5129500|71.195763
FTV|2018-10-31|72.620003|75.139999|72.489998|74.25|3466400|73.748398
FTV|2018-11-01|74.540001|75.160004|73.720001|74.809998|2094900|74.304611
FTV|2018-11-02|75.559998|76.279999|74.5|74.860001|1791400|74.354294
FTV|2018-11-05|74.980003|75.370003|74.099998|75.099998|1436300|74.592651
FTV|2018-11-06|75.089996|76.089996|74.040001|75.879997|1274900|75.367378
FTV|2018-11-07|76.610001|76.610001|75.449997|76.129997|1394900|75.6157
FTV|2018-11-08|76.110001|77.790001|75.82|76.889999|1735800|76.37056
FTV|2018-11-09|76.470001|76.669998|74.860001|75.220001|1468700|74.711845
FTV|2018-11-12|75.190002|75.580002|74.605003|74.959999|1523400|74.453606
FTV|2018-11-13|74.889999|76.919998|74.889999|75.209999|2033400|74.701912
FTV|2018-11-14|75.370003|75.870003|73.389999|73.599998|2338300|73.102783
FTV|2018-11-15|73.18|75.809998|72.739998|75.730003|2344400|75.218407
FTV|2018-11-16|75.260002|76.379997|75.125|75.449997|1918800|74.940292
FTV|2018-11-19|75.510002|75.57|73.419998|73.760002|1381500|73.261711
FTV|2018-11-20|73.07|73.57|72.300003|72.589996|1400900|72.099609
FTV|2018-11-21|73.139999|74.309998|72.870003|73.860001|1378900|73.361031
FTV|2018-11-23|73.120003|73.529999|72.739998|72.800003|907100|72.308205
FTV|2018-11-26|73.470001|74|72.349998|73.199997|2016200|72.705498
FTV|2018-11-27|72.739998|73.949997|71.900002|73.760002|1945700|73.261711
FTV|2018-11-28|74|75.019997|72.660004|74.989998|1772500|74.483398
FTV|2018-11-29|74.839996|75.014999|73.419998|74.129997|1980100|73.697998
FTV|2018-11-30|73.980003|76.449997|73.830002|76.07|3020100|75.626701
FTV|2018-12-03|77.089996|77.519997|75.529999|75.959999|2061300|75.517334
FTV|2018-12-04|75.949997|76.120003|72.690002|72.849998|3309800|72.425461
FTV|2018-12-06|71.720001|72.300003|70.449997|72.139999|2980600|71.719597
FTV|2018-12-07|72.169998|72.75|69.559998|69.940002|2329700|69.532417
FTV|2018-12-10|69.720001|71|69.209999|70.720001|2044200|70.307877
FTV|2018-12-11|71.760002|72.080002|69.720001|70.059998|1299700|69.651718
FTV|2018-12-12|71.169998|72.300003|70.720001|70.769997|1398300|70.35759
FTV|2018-12-13|70.970001|71.199997|69.75|69.949997|1575200|69.542366
FTV|2018-12-14|69.389999|70.029999|68.559998|68.860001|1531900|68.458725
FTV|2018-12-17|68.379997|69.129997|67.449997|67.949997|3170200|67.554016
FTV|2018-12-18|68.75|68.75|67.32|68.099998|2502000|67.703148
FTV|2018-12-19|68|68.980003|66.209999|66.580002|1990900|66.191994
FTV|2018-12-20|65.949997|66.589996|63.700001|65.160004|2955100|64.780281
FTV|2018-12-21|65.160004|66.620003|64.5|65.5|6031400|65.118294
FTV|2018-12-24|64.830002|64.959999|62.970001|63.639999|1527800|63.269135
FTV|2018-12-26|63.84|65.760002|62.889999|65.699997|1574800|65.317131
FTV|2018-12-27|64.900002|66.889999|64.360001|66.889999|1288400|66.500198
FTV|2018-12-28|67.190002|67.480003|65.800003|66.699997|1450400|66.311302
FTV|2018-12-31|66.910004|67.709999|66.779999|67.660004|1222000|67.265709
FTV|2019-01-02|66.620003|67.449997|66.32|67.349998|1161200|66.95752
FTV|2019-01-03|66.239998|66.43|64.389999|64.629997|1926800|64.253365
FTV|2019-01-04|65.739998|67.470001|65.459999|67.459999|1651900|67.066879
FTV|2019-01-07|67.349998|68.230003|67.235001|67.800003|1556400|67.4049
FTV|2019-01-08|68.669998|68.75|67.269997|68.110001|1521700|67.713089
FTV|2019-01-09|68.110001|69.449997|68.080002|69.230003|1400600|68.826561
FTV|2019-01-10|68.75|69.980003|68.519997|69.879997|1203700|69.472778
FTV|2019-01-11|69.230003|69.57|68.870003|69.510002|1102700|69.104927
FTV|2019-01-14|69.099998|69.889999|69.019997|69.629997|1123900|69.224228
FTV|2019-01-15|69.720001|70|69|69.989998|1225600|69.58213
FTV|2019-01-16|69.870003|70.470001|69.709999|70.019997|1137000|69.611954
FTV|2019-01-17|69.660004|71.550003|69.660004|71.379997|1151700|70.964027
FTV|2019-01-18|71.800003|73.230003|71.800003|73.029999|1811700|72.604408
FTV|2019-01-22|72.440002|72.440002|71.195|71.669998|1195000|71.252335
FTV|2019-01-23|71.959999|72.639999|70.660004|71.139999|1046300|70.725426
FTV|2019-01-24|71.169998|71.610001|70.910004|70.989998|1179200|70.576309
FTV|2019-01-25|71.779999|72.339996|71.470001|72.25|1464200|71.828957
FTV|2019-01-28|71.209999|71.910004|70.769997|71.889999|840900|71.471054
FTV|2019-01-29|72.07|74.080002|72.07|73.690002|1788500|73.260567
FTV|2019-01-30|74.190002|75.190002|73.25|74.730003|1047600|74.294518
FTV|2019-01-31|74.709999|75.190002|73.919998|74.989998|1102900|74.552994
FTV|2019-02-01|75.110001|75.470001|74.120003|74.330002|1285300|73.896843
FTV|2019-02-04|74.550003|74.550003|73.699997|74.300003|1686600|73.867012
FTV|2019-02-05|74.470001|74.970001|74.050003|74.529999|2240900|74.095673
FTV|2019-02-06|74.25|75.205002|74.18|74.949997|1699400|74.513222
FTV|2019-02-07|74.199997|74.57|73.57|74.419998|1939500|73.986305
FTV|2019-02-08|75.400002|77.489998|74.400002|76.82|3042100|76.372322
FTV|2019-02-11|76.760002|77.269997|75.900002|77.160004|2031900|76.71035
FTV|2019-02-12|77.690002|79.110001|77.300003|78.82|2188400|78.360664
FTV|2019-02-13|79.099998|80.489998|78.879997|80.440002|2688500|79.971237
FTV|2019-02-14|80.18|80.989998|79.699997|80.449997|2127900|79.981171
FTV|2019-02-15|81.300003|81.830002|80.949997|81.800003|1852200|81.323303
FTV|2019-02-19|81.169998|81.529999|80.129997|80.480003|2222500|80.010994
FTV|2019-02-20|80.660004|81.720001|80.660004|81.059998|2979300|80.587624
FTV|2019-02-21|80.849998|81.18|80.055|80.610001|1783300|80.209503
FTV|2019-02-22|81.059998|81.410004|80.690002|81.370003|901400|80.965721
FTV|2019-02-25|81.870003|82.269997|81.139999|81.599998|1765000|81.19458
FTV|2019-02-26|81.379997|82.029999|81.279999|81.739998|1816200|81.333893
FTV|2019-02-27|81.639999|81.809998|81.114998|81.709999|1207400|81.304039
FTV|2019-02-28|81.589996|82.07|81.07|81.57|1909100|81.164726
FTV|2019-03-01|82.059998|82.790001|81.885002|82.559998|1306500|82.149811
FTV|2019-03-04|82.889999|83.529999|81.949997|82.580002|1760000|82.169724
FTV|2019-03-05|82.709999|83.040001|82.25|82.25|1083400|81.841362
FTV|2019-03-06|82.290001|82.714996|81.949997|82.040001|1051100|81.632393
FTV|2019-03-07|81.989998|81.989998|80.68|81.059998|1539600|80.657272
FTV|2019-03-08|80.239998|81.010002|79.589996|80.400002|1544200|80.000557
FTV|2019-03-11|80.529999|82.209999|80.529999|82.18|1472700|81.771706
FTV|2019-03-12|82.339996|82.600998|81.790001|82.120003|1397300|81.712006
FTV|2019-03-13|82.620003|83.699997|82.43|83.18|1540400|82.766747
FTV|2019-03-14|82.889999|83.345001|82.540001|82.639999|1339300|82.229416
FTV|2019-03-15|82.580002|83.150002|82.43|82.540001|1849400|82.129921
FTV|2019-03-18|82.610001|83.660004|82.519997|83.410004|1032300|82.995598
FTV|2019-03-19|83.57|83.785004|82.75|83.050003|1689900|82.637383
FTV|2019-03-20|83.169998|83.57|82.290001|82.989998|1380200|82.577682
FTV|2019-03-21|82.870003|84.449997|82.779999|84.220001|908300|83.801575
FTV|2019-03-22|83.800003|83.970001|82.209999|82.230003|1137300|81.821449
FTV|2019-03-25|82.230003|82.940002|82|82.599998|661200|82.189613
FTV|2019-03-26|83.010002|83.949997|82.800003|83.580002|1422500|83.164757
FTV|2019-03-27|83.839996|83.940002|82.220001|82.339996|1293900|81.930908
FTV|2019-03-28|82.559998|83.419998|82.389999|82.940002|1205000|82.527924
FTV|2019-03-29|83.599998|84.050003|83.279999|83.889999|1248200|83.473206
FTV|2019-04-01|84.639999|85.199997|84.300003|85.07|1166900|84.647339
FTV|2019-04-02|85.389999|85.809998|85|85.68|755800|85.254318
FTV|2019-04-03|86.279999|86.949997|86.07|86.519997|896800|86.090149
FTV|2019-04-04|86.650002|87.150002|86.199997|86.300003|909000|85.871239
FTV|2019-04-05|86.620003|86.940002|86.32|86.730003|1583400|86.299095
FTV|2019-04-08|86.489998|86.945|85.919998|86.93|1325300|86.498108
FTV|2019-04-09|86.339996|86.620003|85.830002|86.120003|748700|85.692131
FTV|2019-04-10|86.25|86.279999|85.809998|86.029999|1445300|85.60257
FTV|2019-04-11|86.290001|87.07|85.809998|86.849998|1925700|86.418503
FTV|2019-04-12|87.32|87.830002|87.199997|87.660004|905900|87.224487
FTV|2019-04-15|87.839996|88.360001|87.230003|87.82|726300|87.38369
FTV|2019-04-16|88|88.199997|87.370003|87.639999|1040300|87.204575
FTV|2019-04-17|88.370003|88.620003|87.599998|87.610001|1012900|87.174736
FTV|2019-04-18|88.040001|88.699997|87.75|88.5|1468100|88.06031
FTV|2019-04-22|87.93|88.514999|87.599998|88.360001|1229600|87.920998
FTV|2019-04-23|88.370003|89.239998|88.169998|88.959999|1030300|88.518013
FTV|2019-04-24|89.25|89.480003|88.82|89.059998|1038100|88.617523
FTV|2019-04-25|88.449997|89.010002|87.230003|87.790001|2097600|87.353836
FTV|2019-04-26|81.360001|85.582001|80.910004|85.230003|3262900|84.806549
FTV|2019-04-29|85.580002|86.432999|85.330002|85.849998|2122300|85.42347
FTV|2019-04-30|85.879997|86.529999|85.449997|86.339996|1667100|85.911041
FTV|2019-05-01|86.419998|86.769997|85.279999|85.379997|998300|84.955811
FTV|2019-05-02|85.360001|85.980003|84.809998|85.830002|823700|85.403572
FTV|2019-05-03|86.150002|86.660004|85.93|86.57|684100|86.1399
FTV|2019-05-06|85.099998|85.190002|84.360001|84.940002|981800|84.517998
FTV|2019-05-07|83.870003|84.099998|83.120003|83.480003|1557800|83.065247
FTV|2019-05-08|82.589996|83.040001|82.099998|82.480003|2002600|82.070221
FTV|2019-05-09|81.660004|82.32|81.260002|82.260002|998800|81.851318
FTV|2019-05-10|81.75|82.709999|80.660004|82.629997|938100|82.219467
FTV|2019-05-13|80.769997|80.980003|79.970001|80.5|2065200|80.10006
FTV|2019-05-14|80.739998|81.800003|80.470001|80.510002|1372700|80.110001
FTV|2019-05-15|80.199997|81.800003|79.892998|81.360001|1013800|80.955788
FTV|2019-05-16|82.150002|82.230003|81.290001|81.349998|1042100|80.945831
FTV|2019-05-17|80.550003|81.32|79.940002|80.519997|1335100|80.119949
FTV|2019-05-20|79.760002|79.959999|79.129997|79.339996|1278700|78.945816
FTV|2019-05-21|79.910004|80.239998|79.75|79.900002|1108400|79.503036
FTV|2019-05-22|79.82|80.245003|79.489998|79.589996|1725300|79.194572
FTV|2019-05-23|78.769997|79.230003|78.169998|78.5|1777500|78.109993
FTV|2019-05-24|78.970001|79.260002|78.010002|78.040001|1154800|77.652275
FTV|2019-05-28|78.150002|78.379997|76.790001|76.800003|1611700|76.418434
FTV|2019-05-29|76.160004|76.919998|75.699997|76.599998|2756100|76.219429
FTV|2019-05-30|76.68|77.349998|76.269997|76.839996|2324800|76.52816
FTV|2019-05-31|76.029999|76.400002|75.879997|76.150002|1993100|75.840973
FTV|2019-06-03|74.660004|76.099998|73.599998|75.760002|2567000|75.45256
FTV|2019-06-04|76.57|77.849998|76.160004|77.769997|1952100|77.454391
FTV|2019-06-05|78.230003|78.870003|77.589996|78.830002|1661400|78.510109
FTV|2019-06-06|78.93|79.629997|78.510002|79.379997|1078700|79.057861
FTV|2019-06-07|79.830002|79.945999|78.870003|78.970001|1102100|78.649529
FTV|2019-06-10|79.269997|79.389999|78.669998|78.919998|1126000|78.599731
FTV|2019-06-11|79.669998|80.050003|78.769997|79.160004|1306000|78.83876
FTV|2019-06-12|79|79.099998|77.980003|78.18|1143700|77.862732
FTV|2019-06-13|78.519997|78.735001|78.18|78.510002|1010000|78.191399
FTV|2019-06-14|78.349998|78.389999|76.830002|77.330002|1651100|77.01619
FTV|2019-06-17|77.239998|77.489998|76.449997|76.650002|1600600|76.338951
FTV|2019-06-18|77.260002|78.599998|77.260002|78.339996|1771200|78.022079
FTV|2019-06-19|78.389999|78.925003|78.089996|78.839996|1380800|78.520042
FTV|2019-06-20|79.82|80.879997|79.473|80.82|1260600|80.49202
FTV|2019-06-21|80.599998|80.910004|79.985001|80.419998|1971200|80.093643
FTV|2019-06-24|80.43|80.900002|80.169998|80.660004|1001900|80.332672
FTV|2019-06-25|80.720001|81.230003|80.290001|80.629997|1806100|80.302788
FTV|2019-06-26|80.580002|80.989998|79.739998|79.860001|2126000|79.535919
FTV|2019-06-27|80.150002|80.5|79.849998|80.389999|1708500|80.063774
FTV|2019-06-28|80.540001|81.93|80.18|81.519997|4831400|81.189178
FTV|2019-07-01|82.540001|83.18|81.93|82.669998|1466200|82.334511
FTV|2019-07-02|82.849998|82.849998|81.629997|81.959999|935900|81.627396
FTV|2019-07-03|82.010002|82.580002|81.610001|82.580002|826500|82.244881
FTV|2019-07-05|81.809998|81.900002|79.900002|80.980003|1058000|80.651382
FTV|2019-07-08|80.779999|81.279999|80.160004|80.449997|1106100|80.12352
FTV|2019-07-09|80.239998|80.480003|79.93|80.269997|1403600|79.944252
FTV|2019-07-10|80.389999|81.019997|79.334999|79.389999|1094000|79.067825
FTV|2019-07-11|79.389999|79.809998|79.099998|79.699997|1594100|79.376556
FTV|2019-07-12|80.25|81.330002|80.25|81.309998|852000|80.980034
FTV|2019-07-15|81.400002|81.440002|80.379997|80.75|768900|80.42231
FTV|2019-07-16|80.699997|81.57|80.595001|81.410004|956800|81.079628
FTV|2019-07-17|81.260002|81.449997|79.610001|79.699997|1169200|79.376556
FTV|2019-07-18|79.519997|79.940002|78.739998|79.099998|1879600|78.778999
FTV|2019-07-19|79.410004|79.730003|78.459999|78.510002|2866000|78.191399
FTV|2019-07-22|78.400002|79.190002|78.400002|78.989998|1514200|78.669449
FTV|2019-07-23|79.489998|81.629997|79.480003|81.43|1821000|81.099548
FTV|2019-07-24|81.120003|82.790001|80.93|82.25|1311900|81.916222
FTV|2019-07-25|82.290001|82.510002|81.419998|81.800003|1651400|81.468048
FTV|2019-07-26|74.190002|79.510002|74.190002|78.449997|5223900|78.131638
FTV|2019-07-29|78.18|78.339996|76.209999|76.830002|3040300|76.518219
FTV|2019-07-30|76.379997|76.82|76|76.800003|1842200|76.488342
FTV|2019-07-31|76.650002|76.870003|75.32|76.050003|2104300|75.741379
FTV|2019-08-01|75.879997|76.035004|73.231003|73.75|1995000|73.450722
FTV|2019-08-02|73.699997|73.800003|71.849998|73.639999|2103300|73.341164
FTV|2019-08-05|70.849998|71.529999|70.129997|70.410004|2497200|70.124268
FTV|2019-08-06|70.730003|71.5|70|71.419998|1976500|71.130173
FTV|2019-08-07|70.370003|71.190002|69.650002|71.139999|1942400|70.851303
FTV|2019-08-08|71.57|72.040001|71.129997|71.839996|1463800|71.548462
FTV|2019-08-09|71.660004|71.669998|70.239998|70.5|1314000|70.213905
FTV|2019-08-12|69.959999|70.239998|69.029999|69.07|1255800|68.789703
FTV|2019-08-13|69.339996|71.190002|68.900002|70.010002|1152200|69.725891
FTV|2019-08-14|68.870003|69.050003|66.989998|67.330002|2245800|67.056763
FTV|2019-08-15|67.519997|67.644997|66.68|67.330002|1353400|67.056763
FTV|2019-08-16|67.959999|69.209999|67.785004|68.93|2405400|68.650269
FTV|2019-08-19|69.910004|70.394997|69.620003|70.080002|1081100|69.795609
FTV|2019-08-20|69.870003|70.419998|69.339996|70.010002|1800800|69.725891
FTV|2019-08-21|70.870003|70.949997|70.089996|70.25|1321500|69.96492
FTV|2019-08-22|70.639999|70.860001|69.709999|69.75|1159000|69.466942
FTV|2019-08-23|69.339996|70.050003|68.029999|68.370003|1642000|68.092545
FTV|2019-08-26|69.019997|69.169998|67.860001|69.139999|2003200|68.859421
FTV|2019-08-27|69.730003|70.110001|68.910004|69.029999|1179700|68.74987
FTV|2019-08-28|68.559998|69.68|68.43|69.639999|1486000|69.357391
FTV|2019-08-29|70.480003|70.82|69.769997|70.690002|1079900|70.473976
FTV|2019-08-30|71.239998|71.57|70.769997|70.900002|1610700|70.683334
FTV|2019-09-03|70.150002|70.43|68.940002|69.019997|1480700|68.809067
FTV|2019-09-04|68.970001|69.25|65.519997|66.959999|7384600|66.755363
FTV|2019-09-05|67.730003|68.57|67.5|68.099998|4264800|67.891884
FTV|2019-09-06|68.5|69.059998|68.220001|68.470001|3043400|68.260757
FTV|2019-09-09|68.470001|68.839996|67.790001|68.010002|3339400|67.802162
FTV|2019-09-10|68.099998|69.059998|68.010002|68.610001|2494100|68.40033
FTV|2019-09-11|68.870003|70.589996|68.230003|70.589996|2322700|70.374268
FTV|2019-09-12|70.75|70.970001|69.394997|69.980003|1593300|69.766144
FTV|2019-09-13|69.980003|70.360001|69.830002|70.019997|1556000|69.806015
FTV|2019-09-16|69.720001|70.184998|69.449997|69.5|1510400|69.287605
FTV|2019-09-17|69.330002|69.699997|68.709999|69.059998|1354700|68.848953
FTV|2019-09-18|68.669998|69.730003|68.25|69.690002|1423400|69.477028
FTV|2019-09-19|69.68|70.230003|68.790001|68.790001|1494200|68.579781
FTV|2019-09-20|68.849998|69.169998|67.93|68.18|5981400|67.971642
FTV|2019-09-23|67.800003|68.449997|67.650002|67.949997|1978500|67.74234
FTV|2019-09-24|67.910004|68.230003|66.489998|66.940002|3026300|66.735428
FTV|2019-09-25|67|68|66.830002|67.839996|2266300|67.632683
FTV|2019-09-26|67.830002|68.830002|67.279999|67.980003|2472000|67.772255
FTV|2019-09-27|68.400002|68.989998|67.830002|68.599998|2142600|68.39035
FTV|2019-09-30|68.970001|69.150002|68.239998|68.559998|2229800|68.350479
FTV|2019-10-01|68.959999|69.230003|66.199997|66.279999|3189600|66.077446
FTV|2019-10-02|65.449997|65.940002|63.669998|64.43|4360200|64.233101
FTV|2019-10-03|64.220001|65.934998|63.509998|65.68|2463700|65.479279
FTV|2019-10-04|65.699997|66.540001|65.230003|66.5|1428900|66.296776
FTV|2019-10-07|66.25|66.470001|65.589996|65.639999|1405000|65.4394
FTV|2019-10-08|64.839996|65|64.099998|64.239998|1462000|64.043678
FTV|2019-10-09|65.010002|65.010002|63.919998|64.870003|1669500|64.671761
FTV|2019-10-10|64.690002|65.739998|64.690002|65.43|1283700|65.230049
FTV|2019-10-11|66.260002|68.459999|66.260002|67.949997|3217100|67.74234
FTV|2019-10-14|67.589996|68.059998|67.279999|67.959999|1521100|67.752304
FTV|2019-10-15|67.910004|69.629997|67.839996|69.510002|2312400|69.297585
FTV|2019-10-16|69.349998|70.139999|69.089996|69.349998|2122000|69.138062
FTV|2019-10-17|69.779999|71.07|69.584999|70.910004|1696300|70.693298
FTV|2019-10-18|70.440002|71.349998|70.309998|70.940002|1680600|70.723213
FTV|2019-10-21|71.400002|72.379997|71.150002|71.919998|1771500|71.700211
FTV|2019-10-22|71.599998|72.885002|71.029999|72.260002|1346700|72.039177
FTV|2019-10-23|72.18|72.449997|71.635002|72.339996|1508000|72.118919
FTV|2019-10-24|72.32|72.32|70.459999|71.510002|2113700|71.291466
FTV|2019-10-25|71.349998|71.349998|67.510002|68.360001|4163700|68.151093
FTV|2019-10-28|68.379997|70.410004|68.379997|68.639999|3127600|68.430229
FTV|2019-10-29|68.410004|68.949997|67.599998|68.489998|4458000|68.280693
FTV|2019-10-30|68.309998|69.779999|68.029999|69.419998|1749200|69.207848
FTV|2019-10-31|69.209999|69.419998|68.339996|69|1355800|68.789131
FTV|2019-11-01|69.629997|71.809998|69.43|71.800003|2128400|71.580582
FTV|2019-11-04|72.300003|73.980003|71.800003|73.730003|2442600|73.504684
FTV|2019-11-05|73.910004|74.349998|72.980003|73.510002|1571900|73.285347
FTV|2019-11-06|73.379997|73.389999|72.665001|73.190002|1274100|72.966324
FTV|2019-11-07|73.550003|73.68|72.160004|72.290001|1366600|72.069077
FTV|2019-11-08|72.230003|72.93|71.915001|72.879997|860700|72.657265
FTV|2019-11-11|72.220001|72.82|71.93|72.080002|1206400|71.859718
FTV|2019-11-12|72.019997|72.650002|71.760002|72.099998|1575900|71.879662
FTV|2019-11-13|71.480003|71.860001|70.949997|70.980003|1256600|70.763084
FTV|2019-11-14|71.349998|71.739998|70.959999|71.129997|1432300|70.912621
FTV|2019-11-15|71.459999|72.745003|71.330002|71.629997|1894700|71.411087
FTV|2019-11-18|71.43|71.589996|70.949997|71.150002|1224300|70.932564
FTV|2019-11-19|71.349998|71.599998|70.730003|71.099998|1599600|70.882721
FTV|2019-11-20|70.82|71.110001|70.089996|70.099998|2629800|69.885773
FTV|2019-11-21|70.279999|71.339996|69.75|70.93|1805300|70.713234
FTV|2019-11-22|71.279999|71.440002|70.360001|70.699997|1318800|70.483932
FTV|2019-11-25|70.730003|71.709999|70.519997|71.480003|1831300|71.261559
FTV|2019-11-26|71.650002|72.199997|71.57|72.150002|1111100|71.929504
FTV|2019-11-27|72.099998|72.445|71.75|72.360001|968400|72.208923
FTV|2019-11-29|72.360001|72.360001|71.940002|72.169998|762000|72.01931
FTV|2019-12-02|72.639999|72.980003|71.75|71.779999|1976500|71.630135
FTV|2019-12-03|71.089996|71.279999|70.300003|71.110001|1894100|70.961533
FTV|2019-12-04|71.379997|72.639999|71.379997|71.410004|2008400|71.26091
FTV|2019-12-05|71.449997|72.690002|71.330002|72.300003|1997700|72.149048
FTV|2019-12-06|72.959999|73.550003|72.849998|72.870003|1711200|72.717865
FTV|2019-12-09|75.080002|76.129997|73.800003|74.139999|2938700|73.985207
FTV|2019-12-10|74.150002|74.370003|73.760002|73.839996|1776100|73.685829
FTV|2019-12-11|74.709999|75.760002|74.279999|74.970001|2535900|74.813477
FTV|2019-12-12|74.970001|76.300003|74.5|76.169998|2222000|76.010963
FTV|2019-12-13|76.059998|76.778|75.18|75.190002|1537000|75.033012
FTV|2019-12-16|75.830002|76.699997|75.360001|76.160004|1826000|76.000984
FTV|2019-12-17|76.080002|76.809998|75.660004|76.739998|1722700|76.579773
FTV|2019-12-18|76.639999|76.839996|76.120003|76.639999|1954700|76.47998
FTV|2019-12-19|76.730003|76.980003|76.43|76.650002|1586500|76.489967
FTV|2019-12-20|77.290001|77.290001|75.730003|75.739998|3584900|75.581863
FTV|2019-12-23|75.93|76.870003|75.379997|76.849998|1503800|76.689545
FTV|2019-12-24|77.07|77.300003|76.199997|76.389999|270100|76.230507
FTV|2019-12-26|76.639999|76.864998|75.919998|76.290001|830600|76.130722
FTV|2019-12-27|76.489998|76.669998|76.18|76.580002|781300|76.420113
FTV|2019-12-30|76.629997|76.860001|76.019997|76.279999|646900|76.120735
FTV|2019-12-31|76.199997|76.540001|75.980003|76.389999|865500|76.230507
FTV|2020-01-02|77|77.559998|76.519997|77.550003|1622600|77.388084
FTV|2020-01-03|76.199997|77.349998|76.029999|77.230003|1143500|77.068756
FTV|2020-01-06|76.309998|76.990997|75.970001|76.830002|1986100|76.669594
FTV|2020-01-07|76.82|77.099998|76.18|77.080002|1677200|76.919067
FTV|2020-01-08|77.059998|77.300003|76.400002|77.010002|2287200|76.849213
FTV|2020-01-09|77.440002|78.660004|77.440002|77.980003|2785100|77.817192
FTV|2020-01-10|78.110001|78.629997|77.650002|78|2112000|77.837143
FTV|2020-01-13|78|78.879997|77.82|78.800003|2350600|78.635475
FTV|2020-01-14|78.800003|79.394997|78.209999|78.339996|1917100|78.17643
FTV|2020-01-15|78.580002|78.989998|77.620003|78|1192700|77.837143
FTV|2020-01-16|78.470001|78.940002|77.5|78.260002|1071300|78.096603
FTV|2020-01-17|78.160004|79.18|78.160004|78.779999|1451200|78.615517
FTV|2020-01-21|78.379997|78.449997|77.480003|78.18|1480300|78.016769
FTV|2020-01-22|78.650002|78.904999|77.610001|77.660004|1403200|77.497856
FTV|2020-01-23|77.360001|77.860001|76.82|77.589996|936900|77.427994
FTV|2020-01-24|77.790001|77.940002|76.25|76.910004|1153500|76.74942
FTV|2020-01-27|75.489998|75.834999|74.589996|74.620003|1397700|74.464203
FTV|2020-01-28|74.709999|75.620003|74.440002|75.029999|1824200|74.873344
FTV|2020-01-29|75.580002|75.970001|75.169998|75.309998|1396500|75.152763
FTV|2020-01-30|74.940002|76.279999|74.709999|76.199997|1608100|76.040901
FTV|2020-01-31|75.800003|75.940002|74.559998|74.93|2004500|74.77356
FTV|2020-02-03|75.480003|76.110001|74.575996|74.779999|1618600|74.623863
FTV|2020-02-04|75.669998|76.705002|75.660004|76.489998|2095100|76.330299
FTV|2020-02-05|77.550003|77.68|76.934998|77.559998|1165200|77.398064
FTV|2020-02-06|77.760002|78.029999|76.879997|77.830002|1979200|77.667503
FTV|2020-02-07|77.160004|80.610001|77.099998|79.019997|3676900|78.855011
FTV|2020-02-10|78.57|79.370003|78.169998|79.339996|1514900|79.174347
FTV|2020-02-11|79.470001|79.910004|79.099998|79.400002|1839700|79.234222
FTV|2020-02-12|80|80.099998|78.625|79|1746500|78.83506
FTV|2020-02-13|78.459999|78.68|77.050003|77.239998|2093500|77.078735
FTV|2020-02-14|77.370003|77.870003|77.220001|77.809998|1168700|77.647545
FTV|2020-02-18|77.559998|77.989998|76.800003|77.650002|1110000|77.487877
FTV|2020-02-19|77.970001|77.980003|76.730003|76.860001|1326500|76.699532
FTV|2020-02-20|76.760002|77.339996|76.25|76.790001|1417400|76.629677
FTV|2020-02-21|76.269997|76.510002|75.669998|75.809998|1128400|75.651718
FTV|2020-02-24|73.760002|73.779999|72.220001|72.550003|1808300|72.398529
FTV|2020-02-25|72.879997|73.010002|69.959999|70.279999|2618200|70.133263
FTV|2020-02-26|70.959999|71.910004|70.290001|70.75|3169800|70.60228
FTV|2020-02-27|69.550003|72.389999|69.161003|70.290001|4059900|70.212708
FTV|2020-02-28|68.290001|69.324997|67.459999|69.160004|3845700|69.083954
FTV|2020-03-02|69.25|70.739998|68|70.650002|2548200|70.572319
FTV|2020-03-03|70.309998|72.650002|69.010002|69.379997|2231300|69.303711
FTV|2020-03-04|70.089996|72.150002|69.300003|72.07|5390100|71.990753
FTV|2020-03-05|70.290001|70.514999|67.589996|68.160004|2517900|68.085052
FTV|2020-03-06|66.139999|67.440002|65.739998|66.809998|2727300|66.736534
FTV|2020-03-09|63.099998|63.66|59.029999|62.110001|3301000|62.041706
FTV|2020-03-10|63.48|64|59.310001|62.459999|5852200|62.391319
FTV|2020-03-11|60.509998|61.259998|58.889999|59.43|3531900|59.364651
FTV|2020-03-12|55.650002|57.860001|52.404999|55.73|5198100|55.66872
FTV|2020-03-13|58.060001|59.75|54.93|59.73|3340200|59.664322
FTV|2020-03-16|53.34|56.060001|50.799999|51.84|3044100|51.782997
FTV|2020-03-17|52.860001|53.549999|49.419998|52.66|3610200|52.602097
FTV|2020-03-18|49.150002|49.150002|37.310001|45.060001|5951000|45.010452
FTV|2020-03-19|44.669998|47.110001|42.5|46.049999|4527100|45.999363
FTV|2020-03-20|47.25|47.59|43.900002|45.580002|4091300|45.529884
FTV|2020-03-23|44.34|45.040001|40.638|42.009998|3677000|41.963806
FTV|2020-03-24|44.360001|50.209999|43.798|49.919998|3345500|49.865108
FTV|2020-03-25|50.439999|51.950001|48.419998|49.889999|3886200|49.83514
FTV|2020-03-26|50.73|52.439999|49.259998|51.669998|3996200|51.613182
FTV|2020-03-27|49.299999|50.939999|47.700001|49.650002|3945300|49.595406
FTV|2020-03-30|49|52.59|48.970001|52.099998|3703700|52.042709
FTV|2020-03-31|51.57|55.84|51.57|55.189999|3168300|55.129311
FTV|2020-04-01|53.439999|55.59|52.549999|54.970001|3819100|54.909557
FTV|2020-04-02|54.689999|56.48|54.34|56|2357900|55.938423
FTV|2020-04-03|56.209999|58.310001|53.41|54.279999|2324000|54.220314
FTV|2020-04-06|55.790001|57.98|54.895|57.25|2683400|57.18705
FTV|2020-04-07|59.75|61.02|58.330002|58.450001|2360700|58.385731
FTV|2020-04-08|58.509998|61.490002|58.02|60.639999|2320600|60.573322
FTV|2020-04-09|61.349998|62.950001|60.43|61.040001|1419600|60.972881
FTV|2020-04-13|60.919998|61.029999|58.599998|59.419998|1626100|59.35466
FTV|2020-04-14|60.580002|61.761002|60.41|61.009998|2089600|60.942913
FTV|2020-04-15|59.43|59.830002|57.389999|57.490002|2698800|57.426788
FTV|2020-04-16|56.869999|57|55.509998|56.779999|2144800|56.717564
FTV|2020-04-17|58.310001|60.459999|58.240002|60.360001|1823200|60.293629
FTV|2020-04-20|59.490002|59.705002|57.990002|58.700001|2010900|58.635456
FTV|2020-04-21|56.740002|58.119999|55.734001|55.84|2167700|55.778599
FTV|2020-04-22|57.169998|58.25|56.169998|57.740002|1226400|57.67651
FTV|2020-04-23|58.240002|59.450001|57.860001|58.599998|1857900|58.535564
FTV|2020-04-24|59|60.790001|58.57|60.34|1645800|60.273651
FTV|2020-04-27|60.849998|64.25|60.5|63.98|1718700|63.909649
FTV|2020-04-28|65.160004|65.959999|64|64.709999|1951800|64.638847
FTV|2020-04-29|66.400002|66.970001|65.269997|65.550003|1972800|65.477928
FTV|2020-04-30|64.330002|64.5|62.990002|64|1720000|63.929626
FTV|2020-05-01|63.75|64|60.009998|60.75|2919300|60.683201
FTV|2020-05-04|59.57|61.009998|59.360001|61|2696300|60.932926
FTV|2020-05-05|60.119999|60.360001|58.189999|58.330002|4542400|58.265862
FTV|2020-05-06|58.380001|58.82|57.459999|57.77|1976700|57.706478
FTV|2020-05-07|58.669998|58.939999|57.724998|57.93|2469900|57.866302
FTV|2020-05-08|58.549999|59.52|58.119999|59.27|3084600|59.204826
FTV|2020-05-11|58.59|59.709999|57.82|58.82|2186400|58.755322
FTV|2020-05-12|59.080002|59.580002|56.150002|56.16|2111400|56.098248
FTV|2020-05-13|56|56.619999|53.779999|54.459999|2074700|54.400116
FTV|2020-05-14|53.669998|55.82|52.459999|55.759998|2145800|55.698685
FTV|2020-05-15|55.18|56.25|54.93|55.25|1908300|55.189247
FTV|2020-05-18|56.82|59.720001|56.82|59.189999|2962300|59.124912
FTV|2020-05-19|59.080002|60.860001|58.709999|59.110001|2505200|59.045006
FTV|2020-05-20|59.009998|59.720001|58.91|59.099998|2901200|59.035011
FTV|2020-05-21|59|59.060001|57.919998|58.279999|1928200|58.215916
FTV|2020-05-22|58.450001|58.700001|57.389999|58.529999|1556100|58.465641
FTV|2020-05-26|60.360001|61.869999|60.264999|61.369999|1569400|61.302517
FTV|2020-05-27|62.91|64.080002|62.625|63.66|1734000|63.59
FTV|2020-05-28|64.080002|64.139999|61.419998|61.540001|1843100|61.540001
FTV|2020-05-29|61.240002|61.360001|60.415001|60.98|2403800|60.98
FTV|2020-06-01|60.98|62.5|60.360001|62.169998|2301500|62.169998
FTV|2020-06-02|62.759998|64.099998|62.23|64.029999|2195500|64.029999
FTV|2020-06-03|65|67.220001|64.779999|67.080002|2838200|67.080002
FTV|2020-06-04|66.360001|67.660004|66.269997|67.459999|2008300|67.459999
FTV|2020-06-05|70.260002|73.150002|70.110001|70.610001|3884600|70.610001
FTV|2020-06-08|71.629997|72.129997|69.389999|70.379997|3699900|70.379997
FTV|2020-06-09|69.230003|70.010002|68.269997|69.580002|3057100|69.580002
FTV|2020-06-10|69.339996|69.574997|66.790001|66.860001|1624000|66.860001
FTV|2020-06-11|64.099998|64.449997|62.627998|62.849998|2720800|62.849998
FTV|2020-06-12|65.18|65.18|61.91|63.650002|2070000|63.650002
FTV|2020-06-15|61.849998|64.660004|61.189999|64.389999|1992100|64.389999
FTV|2020-06-16|66.82|68.370003|64.910004|67.809998|3427800|67.809998
FTV|2020-06-17|68.580002|68.709999|67.639999|67.900002|3106500|67.900002
FTV|2020-06-18|67.129997|68.849998|67.129997|68.18|2544000|68.18
FTV|2020-06-19|69.830002|69.889999|67.790001|67.849998|4712300|67.849998
FTV|2020-06-22|67.230003|68.870003|66.800003|68.400002|2318400|68.400002
FTV|2020-06-23|69.239998|69.550003|68.239998|68.290001|1906600|68.290001
FTV|2020-06-24|67.209999|67.834999|65.389999|66.010002|2509400|66.010002
FTV|2020-06-25|66.169998|67.870003|65.305|67.660004|1866700|67.660004
FTV|2020-06-26|67.410004|67.410004|65.779999|66.370003|3093200|66.370003
FTV|2020-06-29|66.849998|68.309998|66.669998|67.919998|1727800|67.919998
FTV|2020-06-30|67.18|68.139999|66.82|67.660004|2992300|67.660004
FTV|2020-07-01|67.75|68.309998|67.370003|67.459999|2679300|67.459999
FTV|2020-07-02|68.470001|69.43|67.915001|68.150002|1428800|68.150002
FTV|2020-07-06|69.349998|69.589996|68.714996|69.150002|1223300|69.150002
FTV|2020-07-07|68.730003|68.940002|68.010002|68.059998|985700|68.059998
FTV|2020-07-08|67.889999|68.339996|67.139999|68.279999|1231300|68.279999
FTV|2020-07-09|67.980003|68.620003|66.879997|67.279999|1190700|67.279999
FTV|2020-07-10|67.389999|67.620003|66.93|67.260002|1725200|67.260002
FTV|2020-07-13|67.669998|68.660004|67.440002|67.629997|1289100|67.629997
FTV|2020-07-14|67.769997|69.330002|67.029999|69.160004|1934000|69.160004
FTV|2020-07-15|70.220001|71.589996|69.919998|71.190002|1793800|71.190002
FTV|2020-07-16|71.019997|72.150002|70.230003|71.709999|2042100|71.709999
FTV|2020-07-17|72.07|72.510002|71.660004|72.089996|1221900|72.089996
