symbol|date|open|high|low|close|volume|adj
FZROX|2018-08-03|10.04|10.04|10.04|10.04|0|9.818369
FZROX|2018-08-06|10.08|10.08|10.08|10.08|0|9.857487
FZROX|2018-08-07|10.11|10.11|10.11|10.11|0|9.886825
FZROX|2018-08-08|10.1|10.1|10.1|10.1|0|9.877046
FZROX|2018-08-09|10.1|10.1|10.1|10.1|0|9.877046
FZROX|2018-08-10|10.03|10.03|10.03|10.03|0|9.80859
FZROX|2018-08-13|9.99|9.99|9.99|9.99|0|9.769473
FZROX|2018-08-14|10.06|10.06|10.06|10.06|0|9.837929
FZROX|2018-08-15|9.98|9.98|9.98|9.98|0|9.759693
FZROX|2018-08-16|10.06|10.06|10.06|10.06|0|9.837929
FZROX|2018-08-17|10.1|10.1|10.1|10.1|0|9.877046
FZROX|2018-08-20|10.12|10.12|10.12|10.12|0|9.896604
FZROX|2018-08-21|10.15|10.15|10.15|10.15|0|9.925941
FZROX|2018-08-22|10.15|10.15|10.15|10.15|0|9.925941
FZROX|2018-08-23|10.14|10.14|10.14|10.14|0|9.916162
FZROX|2018-08-24|10.2|10.2|10.2|10.2|0|9.974837
FZROX|2018-08-27|10.27|10.27|10.27|10.27|0|10.043293
FZROX|2018-08-28|10.28|10.28|10.28|10.28|0|10.053071
FZROX|2018-08-29|10.33|10.33|10.33|10.33|0|10.101968
FZROX|2018-08-30|10.29|10.29|10.29|10.29|0|10.06285
FZROX|2018-08-31|10.3|10.3|10.3|10.3|0|10.072631
FZROX|2018-09-04|10.28|10.28|10.28|10.28|0|10.053071
FZROX|2018-09-05|10.25|10.25|10.25|10.25|0|10.023734
FZROX|2018-09-06|10.21|10.21|10.21|10.21|0|9.984616
FZROX|2018-09-07|10.19|10.19|10.19|10.19|0|9.965058
FZROX|2018-09-10|10.21|10.21|10.21|10.21|0|9.984616
FZROX|2018-09-11|10.25|10.25|10.25|10.25|0|10.023734
FZROX|2018-09-12|10.25|10.25|10.25|10.25|0|10.023734
FZROX|2018-09-13|10.3|10.3|10.3|10.3|0|10.072631
FZROX|2018-09-14|10.31|10.31|10.31|10.31|0|10.082411
FZROX|2018-09-17|10.24|10.24|10.24|10.24|0|10.013955
FZROX|2018-09-18|10.3|10.3|10.3|10.3|0|10.072631
FZROX|2018-09-19|10.3|10.3|10.3|10.3|0|10.072631
FZROX|2018-09-20|10.38|10.38|10.38|10.38|0|10.150866
FZROX|2018-09-21|10.37|10.37|10.37|10.37|0|10.141085
FZROX|2018-09-24|10.34|10.34|10.34|10.34|0|10.111748
FZROX|2018-09-25|10.33|10.33|10.33|10.33|0|10.101968
FZROX|2018-09-26|10.29|10.29|10.29|10.29|0|10.06285
FZROX|2018-09-27|10.31|10.31|10.31|10.31|0|10.082411
FZROX|2018-09-28|10.32|10.32|10.32|10.32|0|10.092189
FZROX|2018-10-01|10.33|10.33|10.33|10.33|0|10.101968
FZROX|2018-10-02|10.32|10.32|10.32|10.32|0|10.092189
FZROX|2018-10-03|10.34|10.34|10.34|10.34|0|10.111748
FZROX|2018-10-04|10.24|10.24|10.24|10.24|0|10.013955
FZROX|2018-10-05|10.18|10.18|10.18|10.18|0|9.95528
FZROX|2018-10-08|10.17|10.17|10.17|10.17|0|9.9455
FZROX|2018-10-09|10.15|10.15|10.15|10.15|0|9.925941
FZROX|2018-10-10|9.83|9.83|9.83|9.83|0|9.613005
FZROX|2018-10-11|9.63|9.63|9.63|9.63|0|9.41742
FZROX|2018-10-12|9.75|9.75|9.75|9.75|0|9.534771
FZROX|2018-10-15|9.71|9.71|9.71|9.71|0|9.495654
FZROX|2018-10-16|9.92|9.92|9.92|9.92|0|9.701019
FZROX|2018-10-17|9.92|9.92|9.92|9.92|0|9.701019
FZROX|2018-10-18|9.77|9.77|9.77|9.77|0|9.554331
FZROX|2018-10-19|9.75|9.75|9.75|9.75|0|9.534771
FZROX|2018-10-22|9.71|9.71|9.71|9.71|0|9.495654
FZROX|2018-10-23|9.66|9.66|9.66|9.66|0|9.446757
FZROX|2018-10-24|9.35|9.35|9.35|9.35|0|9.143602
FZROX|2018-10-25|9.53|9.53|9.53|9.53|0|9.319627
FZROX|2018-10-26|9.37|9.37|9.37|9.37|0|9.163159
FZROX|2018-10-29|9.31|9.31|9.31|9.31|0|9.104486
FZROX|2018-10-30|9.46|9.46|9.46|9.46|0|9.251173
FZROX|2018-10-31|9.56|9.56|9.56|9.56|0|9.348967
FZROX|2018-11-01|9.68|9.68|9.68|9.68|0|9.466317
FZROX|2018-11-02|9.63|9.63|9.63|9.63|0|9.41742
FZROX|2018-11-05|9.67|9.67|9.67|9.67|0|9.456537
FZROX|2018-11-06|9.73|9.73|9.73|9.73|0|9.515213
FZROX|2018-11-07|9.93|9.93|9.93|9.93|0|9.710799
FZROX|2018-11-08|9.91|9.91|9.91|9.91|0|9.691238
FZROX|2018-11-09|9.81|9.81|9.81|9.81|0|9.593448
FZROX|2018-11-12|9.62|9.62|9.62|9.62|0|9.407641
FZROX|2018-11-13|9.6|9.6|9.6|9.6|0|9.388083
FZROX|2018-11-14|9.53|9.53|9.53|9.53|0|9.319627
FZROX|2018-11-15|9.64|9.64|9.64|9.64|0|9.4272
FZROX|2018-11-16|9.66|9.66|9.66|9.66|0|9.446757
FZROX|2018-11-19|9.5|9.5|9.5|9.5|0|9.29029
FZROX|2018-11-20|9.33|9.33|9.33|9.33|0|9.124043
FZROX|2018-11-21|9.37|9.37|9.37|9.37|0|9.163159
FZROX|2018-11-23|9.32|9.32|9.32|9.32|0|9.114264
FZROX|2018-11-26|9.46|9.46|9.46|9.46|0|9.251173
FZROX|2018-11-27|9.47|9.47|9.47|9.47|0|9.260953
FZROX|2018-11-28|9.69|9.69|9.69|9.69|0|9.476096
FZROX|2018-11-29|9.67|9.67|9.67|9.67|0|9.456537
FZROX|2018-11-30|9.75|9.75|9.75|9.75|0|9.534771
FZROX|2018-12-03|9.86|9.86|9.86|9.86|0|9.642344
FZROX|2018-12-04|9.53|9.53|9.53|9.53|0|9.319627
FZROX|2018-12-06|9.52|9.52|9.52|9.52|0|9.309849
FZROX|2018-12-07|9.3|9.3|9.3|9.3|0|9.094705
FZROX|2018-12-10|9.31|9.31|9.31|9.31|0|9.104486
FZROX|2018-12-11|9.3|9.3|9.3|9.3|0|9.094705
FZROX|2018-12-12|9.36|9.36|9.36|9.36|0|9.15338
FZROX|2018-12-13|9.34|9.34|9.34|9.34|0|9.133821
FZROX|2018-12-14|9.12|9.12|9.12|9.12|0|8.972475
FZROX|2018-12-17|8.92|8.92|8.92|8.92|0|8.77571
FZROX|2018-12-18|8.92|8.92|8.92|8.92|0|8.77571
FZROX|2018-12-19|8.78|8.78|8.78|8.78|0|8.637975
FZROX|2018-12-20|8.65|8.65|8.65|8.65|0|8.510077
FZROX|2018-12-21|8.46|8.46|8.46|8.46|0|8.323151
FZROX|2018-12-24|8.24|8.24|8.24|8.24|0|8.106709
FZROX|2018-12-26|8.65|8.65|8.65|8.65|0|8.510077
FZROX|2018-12-27|8.72|8.72|8.72|8.72|0|8.578945
FZROX|2018-12-28|8.71|8.71|8.71|8.71|0|8.57796
FZROX|2018-12-31|8.78|8.78|8.78|8.78|0|8.646899
FZROX|2019-01-02|8.79|8.79|8.79|8.79|0|8.656748
FZROX|2019-01-03|8.58|8.58|8.58|8.58|0|8.449931
FZROX|2019-01-04|8.88|8.88|8.88|8.88|0|8.745383
FZROX|2019-01-07|8.96|8.96|8.96|8.96|0|8.82417
FZROX|2019-01-08|9.05|9.05|9.05|9.05|0|8.912807
FZROX|2019-01-09|9.1|9.1|9.1|9.1|0|8.962049
FZROX|2019-01-10|9.14|9.14|9.14|9.14|0|9.001442
FZROX|2019-01-11|9.14|9.14|9.14|9.14|0|9.001442
FZROX|2019-01-14|9.09|9.09|9.09|9.09|0|8.9522
FZROX|2019-01-15|9.18|9.18|9.18|9.18|0|9.040835
FZROX|2019-01-16|9.21|9.21|9.21|9.21|0|9.07038
FZROX|2019-01-17|9.28|9.28|9.28|9.28|0|9.139319
FZROX|2019-01-18|9.4|9.4|9.4|9.4|0|9.2575
FZROX|2019-01-22|9.27|9.27|9.27|9.27|0|9.129472
FZROX|2019-01-23|9.28|9.28|9.28|9.28|0|9.139319
FZROX|2019-01-24|9.3|9.3|9.3|9.3|0|9.159017
FZROX|2019-01-25|9.39|9.39|9.39|9.39|0|9.247652
FZROX|2019-01-28|9.32|9.32|9.32|9.32|0|9.178713
FZROX|2019-01-29|9.31|9.31|9.31|9.31|0|9.168865
FZROX|2019-01-30|9.45|9.45|9.45|9.45|0|9.306742
FZROX|2019-01-31|9.53|9.53|9.53|9.53|0|9.38553
FZROX|2019-02-01|9.55|9.55|9.55|9.55|0|9.405227
FZROX|2019-02-04|9.62|9.62|9.62|9.62|0|9.474165
FZROX|2019-02-05|9.66|9.66|9.66|9.66|0|9.513558
FZROX|2019-02-06|9.64|9.64|9.64|9.64|0|9.493862
FZROX|2019-02-07|9.56|9.56|9.56|9.56|0|9.415075
FZROX|2019-02-08|9.57|9.57|9.57|9.57|0|9.424923
FZROX|2019-02-11|9.58|9.58|9.58|9.58|0|9.434772
FZROX|2019-02-12|9.71|9.71|9.71|9.71|0|9.5628
FZROX|2019-02-13|9.73|9.73|9.73|9.73|0|9.582498
FZROX|2019-02-14|9.72|9.72|9.72|9.72|0|9.572649
FZROX|2019-02-15|9.82|9.82|9.82|9.82|0|9.671133
FZROX|2019-02-19|9.84|9.84|9.84|9.84|0|9.69083
FZROX|2019-02-20|9.86|9.86|9.86|9.86|0|9.710526
FZROX|2019-02-21|9.83|9.83|9.83|9.83|0|9.680982
FZROX|2019-02-22|9.89|9.89|9.89|9.89|0|9.740072
FZROX|2019-02-25|9.91|9.91|9.91|9.91|0|9.759768
FZROX|2019-02-26|9.89|9.89|9.89|9.89|0|9.740072
FZROX|2019-02-27|9.89|9.89|9.89|9.89|0|9.740072
FZROX|2019-02-28|9.87|9.87|9.87|9.87|0|9.720375
FZROX|2019-03-01|9.94|9.94|9.94|9.94|0|9.789313
FZROX|2019-03-04|9.89|9.89|9.89|9.89|0|9.740072
FZROX|2019-03-05|9.87|9.87|9.87|9.87|0|9.720375
FZROX|2019-03-06|9.8|9.8|9.8|9.8|0|9.651437
FZROX|2019-03-07|9.72|9.72|9.72|9.72|0|9.572649
FZROX|2019-03-08|9.7|9.7|9.7|9.7|0|9.552952
FZROX|2019-03-11|9.85|9.85|9.85|9.85|0|9.700679
FZROX|2019-03-12|9.87|9.87|9.87|9.87|0|9.720375
FZROX|2019-03-13|9.94|9.94|9.94|9.94|0|9.789313
FZROX|2019-03-14|9.93|9.93|9.93|9.93|0|9.779466
FZROX|2019-03-15|9.98|9.98|9.98|9.98|0|9.828708
FZROX|2019-03-18|10.02|10.02|10.02|10.02|0|9.868102
FZROX|2019-03-19|10.01|10.01|10.01|10.01|0|9.858253
FZROX|2019-03-20|9.97|9.97|9.97|9.97|0|9.818859
FZROX|2019-03-21|10.09|10.09|10.09|10.09|0|9.93704
FZROX|2019-03-22|9.88|9.88|9.88|9.88|0|9.730224
FZROX|2019-03-25|9.87|9.87|9.87|9.87|0|9.720375
FZROX|2019-03-26|9.95|9.95|9.95|9.95|0|9.799162
FZROX|2019-03-27|9.9|9.9|9.9|9.9|0|9.74992
FZROX|2019-03-28|9.95|9.95|9.95|9.95|0|9.799162
FZROX|2019-03-29|10.01|10.01|10.01|10.01|0|9.858253
FZROX|2019-04-01|10.13|10.13|10.13|10.13|0|9.976434
FZROX|2019-04-02|10.13|10.13|10.13|10.13|0|9.976434
FZROX|2019-04-03|10.15|10.15|10.15|10.15|0|9.99613
FZROX|2019-04-04|10.17|10.17|10.17|10.17|0|10.015827
FZROX|2019-04-05|10.23|10.23|10.23|10.23|0|10.074918
FZROX|2019-04-08|10.24|10.24|10.24|10.24|0|10.084766
FZROX|2019-04-09|10.17|10.17|10.17|10.17|0|10.015827
FZROX|2019-04-10|10.22|10.22|10.22|10.22|0|10.06507
FZROX|2019-04-11|10.22|10.22|10.22|10.22|0|10.06507
FZROX|2019-04-12|10.29|10.29|10.29|10.29|0|10.134008
FZROX|2019-04-15|10.28|10.28|10.28|10.28|0|10.12416
FZROX|2019-04-16|10.28|10.28|10.28|10.28|0|10.12416
FZROX|2019-04-17|10.25|10.25|10.25|10.25|0|10.094615
FZROX|2019-04-18|10.26|10.26|10.26|10.26|0|10.104464
FZROX|2019-04-22|10.27|10.27|10.27|10.27|0|10.114312
FZROX|2019-04-23|10.37|10.37|10.37|10.37|0|10.212795
FZROX|2019-04-24|10.35|10.35|10.35|10.35|0|10.193099
FZROX|2019-04-25|10.34|10.34|10.34|10.34|0|10.18325
FZROX|2019-04-26|10.39|10.39|10.39|10.39|0|10.232492
FZROX|2019-04-29|10.4|10.4|10.4|10.4|0|10.24234
FZROX|2019-04-30|10.41|10.41|10.41|10.41|0|10.252189
FZROX|2019-05-01|10.33|10.33|10.33|10.33|0|10.173402
FZROX|2019-05-02|10.31|10.31|10.31|10.31|0|10.153706
FZROX|2019-05-03|10.42|10.42|10.42|10.42|0|10.262037
FZROX|2019-05-06|10.39|10.39|10.39|10.39|0|10.232492
FZROX|2019-05-07|10.21|10.21|10.21|10.21|0|10.055221
FZROX|2019-05-08|10.19|10.19|10.19|10.19|0|10.035523
FZROX|2019-05-09|10.16|10.16|10.16|10.16|0|10.005979
FZROX|2019-05-10|10.2|10.2|10.2|10.2|0|10.045372
FZROX|2019-05-13|9.94|9.94|9.94|9.94|0|9.789313
FZROX|2019-05-14|10.03|10.03|10.03|10.03|0|9.87795
FZROX|2019-05-15|10.09|10.09|10.09|10.09|0|9.93704
FZROX|2019-05-16|10.18|10.18|10.18|10.18|0|10.025676
FZROX|2019-05-17|10.11|10.11|10.11|10.11|0|9.956737
FZROX|2019-05-20|10.04|10.04|10.04|10.04|0|9.887798
FZROX|2019-05-21|10.14|10.14|10.14|10.14|0|9.986282
FZROX|2019-05-22|10.1|10.1|10.1|10.1|0|9.946889
FZROX|2019-05-23|9.97|9.97|9.97|9.97|0|9.818859
FZROX|2019-05-24|9.99|9.99|9.99|9.99|0|9.838556
FZROX|2019-05-28|9.91|9.91|9.91|9.91|0|9.759768
FZROX|2019-05-29|9.84|9.84|9.84|9.84|0|9.69083
FZROX|2019-05-30|9.86|9.86|9.86|9.86|0|9.710526
FZROX|2019-05-31|9.73|9.73|9.73|9.73|0|9.582498
FZROX|2019-06-03|9.71|9.71|9.71|9.71|0|9.5628
FZROX|2019-06-04|9.93|9.93|9.93|9.93|0|9.779466
FZROX|2019-06-05|10|10|10|10|0|9.848405
FZROX|2019-06-06|10.06|10.06|10.06|10.06|0|9.907495
FZROX|2019-06-07|10.16|10.16|10.16|10.16|0|10.005979
FZROX|2019-06-10|10.21|10.21|10.21|10.21|0|10.055221
FZROX|2019-06-11|10.2|10.2|10.2|10.2|0|10.045372
FZROX|2019-06-12|10.19|10.19|10.19|10.19|0|10.035523
FZROX|2019-06-13|10.24|10.24|10.24|10.24|0|10.084766
FZROX|2019-06-14|10.21|10.21|10.21|10.21|0|10.055221
FZROX|2019-06-17|10.23|10.23|10.23|10.23|0|10.074918
FZROX|2019-06-18|10.33|10.33|10.33|10.33|0|10.173402
FZROX|2019-06-19|10.36|10.36|10.36|10.36|0|10.202947
FZROX|2019-06-20|10.45|10.45|10.45|10.45|0|10.291582
FZROX|2019-06-21|10.43|10.43|10.43|10.43|0|10.271886
FZROX|2019-06-24|10.4|10.4|10.4|10.4|0|10.24234
FZROX|2019-06-25|10.3|10.3|10.3|10.3|0|10.143857
FZROX|2019-06-26|10.29|10.29|10.29|10.29|0|10.134008
FZROX|2019-06-27|10.35|10.35|10.35|10.35|0|10.193099
FZROX|2019-06-28|10.42|10.42|10.42|10.42|0|10.262037
FZROX|2019-07-01|10.5|10.5|10.5|10.5|0|10.340825
FZROX|2019-07-02|10.52|10.52|10.52|10.52|0|10.360522
FZROX|2019-07-03|10.6|10.6|10.6|10.6|0|10.439309
FZROX|2019-07-05|10.59|10.59|10.59|10.59|0|10.429461
FZROX|2019-07-08|10.53|10.53|10.53|10.53|0|10.37037
FZROX|2019-07-09|10.55|10.55|10.55|10.55|0|10.390067
FZROX|2019-07-10|10.59|10.59|10.59|10.59|0|10.429461
FZROX|2019-07-11|10.61|10.61|10.61|10.61|0|10.449157
FZROX|2019-07-12|10.67|10.67|10.67|10.67|0|10.508247
FZROX|2019-07-15|10.66|10.66|10.66|10.66|0|10.498399
FZROX|2019-07-16|10.63|10.63|10.63|10.63|0|10.468854
FZROX|2019-07-17|10.56|10.56|10.56|10.56|0|10.399916
FZROX|2019-07-18|10.6|10.6|10.6|10.6|0|10.439309
FZROX|2019-07-19|10.54|10.54|10.54|10.54|0|10.380219
FZROX|2019-07-22|10.57|10.57|10.57|10.57|0|10.409763
FZROX|2019-07-23|10.64|10.64|10.64|10.64|0|10.478703
FZROX|2019-07-24|10.71|10.71|10.71|10.71|0|10.547642
FZROX|2019-07-25|10.64|10.64|10.64|10.64|0|10.478703
FZROX|2019-07-26|10.72|10.72|10.72|10.72|0|10.55749
FZROX|2019-07-29|10.7|10.7|10.7|10.7|0|10.537792
FZROX|2019-07-30|10.69|10.69|10.69|10.69|0|10.527944
FZROX|2019-07-31|10.57|10.57|10.57|10.57|0|10.409763
FZROX|2019-08-01|10.47|10.47|10.47|10.47|0|10.31128
FZROX|2019-08-02|10.39|10.39|10.39|10.39|0|10.232492
FZROX|2019-08-05|10.08|10.08|10.08|10.08|0|9.927192
FZROX|2019-08-06|10.21|10.21|10.21|10.21|0|10.055221
FZROX|2019-08-07|10.22|10.22|10.22|10.22|0|10.06507
FZROX|2019-08-08|10.41|10.41|10.41|10.41|0|10.252189
FZROX|2019-08-09|10.34|10.34|10.34|10.34|0|10.18325
FZROX|2019-08-12|10.21|10.21|10.21|10.21|0|10.055221
FZROX|2019-08-13|10.36|10.36|10.36|10.36|0|10.202947
FZROX|2019-08-14|10.06|10.06|10.06|10.06|0|9.907495
FZROX|2019-08-15|10.08|10.08|10.08|10.08|0|9.927192
FZROX|2019-08-16|10.23|10.23|10.23|10.23|0|10.074918
FZROX|2019-08-19|10.35|10.35|10.35|10.35|0|10.193099
FZROX|2019-08-20|10.27|10.27|10.27|10.27|0|10.114312
FZROX|2019-08-21|10.36|10.36|10.36|10.36|0|10.202947
FZROX|2019-08-22|10.35|10.35|10.35|10.35|0|10.193099
FZROX|2019-08-23|10.08|10.08|10.08|10.08|0|9.927192
FZROX|2019-08-26|10.19|10.19|10.19|10.19|0|10.035523
FZROX|2019-08-27|10.15|10.15|10.15|10.15|0|9.99613
FZROX|2019-08-28|10.22|10.22|10.22|10.22|0|10.06507
FZROX|2019-08-29|10.35|10.35|10.35|10.35|0|10.193099
FZROX|2019-08-30|10.36|10.36|10.36|10.36|0|10.202947
FZROX|2019-09-03|10.28|10.28|10.28|10.28|0|10.12416
FZROX|2019-09-04|10.39|10.39|10.39|10.39|0|10.232492
FZROX|2019-09-05|10.53|10.53|10.53|10.53|0|10.37037
FZROX|2019-09-06|10.54|10.54|10.54|10.54|0|10.380219
FZROX|2019-09-09|10.55|10.55|10.55|10.55|0|10.390067
FZROX|2019-09-10|10.56|10.56|10.56|10.56|0|10.399916
FZROX|2019-09-11|10.65|10.65|10.65|10.65|0|10.48855
FZROX|2019-09-12|10.68|10.68|10.68|10.68|0|10.518096
FZROX|2019-09-13|10.67|10.67|10.67|10.67|0|10.508247
FZROX|2019-09-16|10.65|10.65|10.65|10.65|0|10.48855
FZROX|2019-09-17|10.67|10.67|10.67|10.67|0|10.508247
FZROX|2019-09-18|10.67|10.67|10.67|10.67|0|10.508247
FZROX|2019-09-19|10.67|10.67|10.67|10.67|0|10.508247
FZROX|2019-09-20|10.62|10.62|10.62|10.62|0|10.459005
FZROX|2019-09-23|10.62|10.62|10.62|10.62|0|10.459005
FZROX|2019-09-24|10.52|10.52|10.52|10.52|0|10.360522
FZROX|2019-09-25|10.59|10.59|10.59|10.59|0|10.429461
FZROX|2019-09-26|10.56|10.56|10.56|10.56|0|10.399916
FZROX|2019-09-27|10.5|10.5|10.5|10.5|0|10.340825
FZROX|2019-09-30|10.55|10.55|10.55|10.55|0|10.390067
FZROX|2019-10-01|10.41|10.41|10.41|10.41|0|10.252189
FZROX|2019-10-02|10.24|10.24|10.24|10.24|0|10.084766
FZROX|2019-10-03|10.32|10.32|10.32|10.32|0|10.163553
FZROX|2019-10-04|10.46|10.46|10.46|10.46|0|10.301431
FZROX|2019-10-07|10.42|10.42|10.42|10.42|0|10.262037
FZROX|2019-10-08|10.25|10.25|10.25|10.25|0|10.094615
FZROX|2019-10-09|10.34|10.34|10.34|10.34|0|10.18325
FZROX|2019-10-10|10.41|10.41|10.41|10.41|0|10.252189
FZROX|2019-10-11|10.53|10.53|10.53|10.53|0|10.37037
FZROX|2019-10-14|10.52|10.52|10.52|10.52|0|10.360522
FZROX|2019-10-15|10.62|10.62|10.62|10.62|0|10.459005
FZROX|2019-10-16|10.6|10.6|10.6|10.6|0|10.439309
FZROX|2019-10-17|10.64|10.64|10.64|10.64|0|10.478703
FZROX|2019-10-18|10.6|10.6|10.6|10.6|0|10.439309
FZROX|2019-10-21|10.67|10.67|10.67|10.67|0|10.508247
FZROX|2019-10-22|10.63|10.63|10.63|10.63|0|10.468854
FZROX|2019-10-23|10.66|10.66|10.66|10.66|0|10.498399
FZROX|2019-10-24|10.68|10.68|10.68|10.68|0|10.518096
FZROX|2019-10-25|10.73|10.73|10.73|10.73|0|10.567338
FZROX|2019-10-28|10.79|10.79|10.79|10.79|0|10.626429
FZROX|2019-10-29|10.79|10.79|10.79|10.79|0|10.626429
FZROX|2019-10-30|10.82|10.82|10.82|10.82|0|10.655973
FZROX|2019-10-31|10.78|10.78|10.78|10.78|0|10.61658
FZROX|2019-11-01|10.89|10.89|10.89|10.89|0|10.724913
FZROX|2019-11-04|10.94|10.94|10.94|10.94|0|10.774154
FZROX|2019-11-05|10.93|10.93|10.93|10.93|0|10.764306
FZROX|2019-11-06|10.93|10.93|10.93|10.93|0|10.764306
FZROX|2019-11-07|10.96|10.96|10.96|10.96|0|10.793852
FZROX|2019-11-08|10.99|10.99|10.99|10.99|0|10.823397
FZROX|2019-11-11|10.98|10.98|10.98|10.98|0|10.813548
FZROX|2019-11-12|10.99|10.99|10.99|10.99|0|10.823397
FZROX|2019-11-13|10.99|10.99|10.99|10.99|0|10.823397
FZROX|2019-11-14|11|11|11|11|0|10.833245
FZROX|2019-11-15|11.09|11.09|11.09|11.09|0|10.921881
FZROX|2019-11-18|11.09|11.09|11.09|11.09|0|10.921881
FZROX|2019-11-19|11.09|11.09|11.09|11.09|0|10.921881
FZROX|2019-11-20|11.06|11.06|11.06|11.06|0|10.892336
FZROX|2019-11-21|11.03|11.03|11.03|11.03|0|10.86279
FZROX|2019-11-22|11.06|11.06|11.06|11.06|0|10.892336
FZROX|2019-11-25|11.16|11.16|11.16|11.16|0|10.990819
FZROX|2019-11-26|11.18|11.18|11.18|11.18|0|11.010516
FZROX|2019-11-27|11.23|11.23|11.23|11.23|0|11.059758
FZROX|2019-11-29|11.18|11.18|11.18|11.18|0|11.010516
FZROX|2019-12-02|11.09|11.09|11.09|11.09|0|10.921881
FZROX|2019-12-03|11.02|11.02|11.02|11.02|0|10.852942
FZROX|2019-12-04|11.08|11.08|11.08|11.08|0|10.912032
FZROX|2019-12-05|11.1|11.1|11.1|11.1|0|10.931729
FZROX|2019-12-06|11.21|11.21|11.21|11.21|0|11.040062
FZROX|2019-12-09|11.17|11.17|11.17|11.17|0|11.000668
FZROX|2019-12-10|11.16|11.16|11.16|11.16|0|10.990819
FZROX|2019-12-11|11.19|11.19|11.19|11.19|0|11.020364
FZROX|2019-12-12|11.28|11.28|11.28|11.28|0|11.109
FZROX|2019-12-13|11.11|11.11|11.11|11.11|0|11.11
FZROX|2019-12-16|11.19|11.19|11.19|11.19|0|11.19
FZROX|2019-12-17|11.2|11.2|11.2|11.2|0|11.2
FZROX|2019-12-18|11.2|11.2|11.2|11.2|0|11.2
FZROX|2019-12-19|11.25|11.25|11.25|11.25|0|11.25
FZROX|2019-12-20|11.3|11.3|11.3|11.3|0|11.3
FZROX|2019-12-23|11.31|11.31|11.31|11.31|0|11.31
FZROX|2019-12-24|11.31|11.31|11.31|11.31|0|11.31
FZROX|2019-12-26|11.37|11.37|11.37|11.37|0|11.37
FZROX|2019-12-27|11.36|11.36|11.36|11.36|0|11.36
FZROX|2019-12-30|11.3|11.3|11.3|11.3|0|11.3
FZROX|2019-12-31|11.34|11.34|11.34|11.34|0|11.34
FZROX|2020-01-02|11.42|11.42|11.42|11.42|0|11.42
FZROX|2020-01-03|11.35|11.35|11.35|11.35|0|11.35
FZROX|2020-01-06|11.39|11.39|11.39|11.39|0|11.39
FZROX|2020-01-07|11.36|11.36|11.36|11.36|0|11.36
FZROX|2020-01-08|11.41|11.41|11.41|11.41|0|11.41
FZROX|2020-01-09|11.48|11.48|11.48|11.48|0|11.48
FZROX|2020-01-10|11.45|11.45|11.45|11.45|0|11.45
FZROX|2020-01-13|11.53|11.53|11.53|11.53|0|11.53
FZROX|2020-01-14|11.53|11.53|11.53|11.53|0|11.53
FZROX|2020-01-15|11.55|11.55|11.55|11.55|0|11.55
FZROX|2020-01-16|11.65|11.65|11.65|11.65|0|11.65
FZROX|2020-01-17|11.68|11.68|11.68|11.68|0|11.68
FZROX|2020-01-21|11.65|11.65|11.65|11.65|0|11.65
FZROX|2020-01-22|11.65|11.65|11.65|11.65|0|11.65
FZROX|2020-01-23|11.67|11.67|11.67|11.67|0|11.67
FZROX|2020-01-24|11.56|11.56|11.56|11.56|0|11.56
FZROX|2020-01-27|11.38|11.38|11.38|11.38|0|11.38
FZROX|2020-01-28|11.49|11.49|11.49|11.49|0|11.49
FZROX|2020-01-29|11.48|11.48|11.48|11.48|0|11.48
FZROX|2020-01-30|11.52|11.52|11.52|11.52|0|11.52
FZROX|2020-01-31|11.31|11.31|11.31|11.31|0|11.31
FZROX|2020-02-03|11.4|11.4|11.4|11.4|0|11.4
FZROX|2020-02-04|11.58|11.58|11.58|11.58|0|11.58
FZROX|2020-02-05|11.7|11.7|11.7|11.7|0|11.7
FZROX|2020-02-06|11.73|11.73|11.73|11.73|0|11.73
FZROX|2020-02-07|11.67|11.67|11.67|11.67|0|11.67
FZROX|2020-02-10|11.75|11.75|11.75|11.75|0|11.75
FZROX|2020-02-11|11.78|11.78|11.78|11.78|0|11.78
FZROX|2020-02-12|11.86|11.86|11.86|11.86|0|11.86
FZROX|2020-02-13|11.85|11.85|11.85|11.85|0|11.85
FZROX|2020-02-14|11.87|11.87|11.87|11.87|0|11.87
FZROX|2020-02-18|11.84|11.84|11.84|11.84|0|11.84
FZROX|2020-02-19|11.9|11.9|11.9|11.9|0|11.9
FZROX|2020-02-20|11.86|11.86|11.86|11.86|0|11.86
FZROX|2020-02-21|11.74|11.74|11.74|11.74|0|11.74
FZROX|2020-02-24|11.35|11.35|11.35|11.35|0|11.35
FZROX|2020-02-25|11|11|11|11|0|11
FZROX|2020-02-26|10.94|10.94|10.94|10.94|0|10.94
FZROX|2020-02-27|10.47|10.47|10.47|10.47|0|10.47
FZROX|2020-02-28|10.38|10.38|10.38|10.38|0|10.38
FZROX|2020-03-02|10.83|10.83|10.83|10.83|0|10.83
FZROX|2020-03-03|10.54|10.54|10.54|10.54|0|10.54
FZROX|2020-03-04|10.97|10.97|10.97|10.97|0|10.97
FZROX|2020-03-05|10.6|10.6|10.6|10.6|0|10.6
FZROX|2020-03-06|10.41|10.41|10.41|10.41|0|10.41
FZROX|2020-03-09|9.6|9.6|9.6|9.6|0|9.6
FZROX|2020-03-10|10.05|10.05|10.05|10.05|0|10.05
FZROX|2020-03-11|9.54|9.54|9.54|9.54|0|9.54
FZROX|2020-03-12|8.62|8.62|8.62|8.62|0|8.62
FZROX|2020-03-13|9.4|9.4|9.4|9.4|0|9.4
FZROX|2020-03-16|8.24|8.24|8.24|8.24|0|8.24
FZROX|2020-03-17|8.71|8.71|8.71|8.71|0|8.71
FZROX|2020-03-18|8.21|8.21|8.21|8.21|0|8.21
FZROX|2020-03-19|8.3|8.3|8.3|8.3|0|8.3
FZROX|2020-03-20|7.96|7.96|7.96|7.96|0|7.96
FZROX|2020-03-23|7.74|7.74|7.74|7.74|0|7.74
FZROX|2020-03-24|8.47|8.47|8.47|8.47|0|8.47
FZROX|2020-03-25|8.59|8.59|8.59|8.59|0|8.59
FZROX|2020-03-26|9.12|9.12|9.12|9.12|0|9.12
FZROX|2020-03-27|8.81|8.81|8.81|8.81|0|8.81
FZROX|2020-03-30|9.09|9.09|9.09|9.09|0|9.09
FZROX|2020-03-31|8.95|8.95|8.95|8.95|0|8.95
FZROX|2020-04-01|8.54|8.54|8.54|8.54|0|8.54
FZROX|2020-04-02|8.72|8.72|8.72|8.72|0|8.72
FZROX|2020-04-03|8.57|8.57|8.57|8.57|0|8.57
FZROX|2020-04-06|9.18|9.18|9.18|9.18|0|9.18
FZROX|2020-04-07|9.18|9.18|9.18|9.18|0|9.18
FZROX|2020-04-08|9.51|9.51|9.51|9.51|0|9.51
FZROX|2020-04-09|9.68|9.68|9.68|9.68|0|9.68
FZROX|2020-04-13|9.57|9.57|9.57|9.57|0|9.57
FZROX|2020-04-14|9.85|9.85|9.85|9.85|0|9.85
FZROX|2020-04-15|9.62|9.62|9.62|9.62|0|9.62
FZROX|2020-04-16|9.67|9.67|9.67|9.67|0|9.67
FZROX|2020-04-17|9.95|9.95|9.95|9.95|0|9.95
FZROX|2020-04-20|9.78|9.78|9.78|9.78|0|9.78
FZROX|2020-04-21|9.48|9.48|9.48|9.48|0|9.48
FZROX|2020-04-22|9.69|9.69|9.69|9.69|0|9.69
FZROX|2020-04-23|9.7|9.7|9.7|9.7|0|9.7
FZROX|2020-04-24|9.83|9.83|9.83|9.83|0|9.83
FZROX|2020-04-27|10.01|10.01|10.01|10.01|0|10.01
FZROX|2020-04-28|9.97|9.97|9.97|9.97|0|9.97
FZROX|2020-04-29|10.26|10.26|10.26|10.26|0|10.26
FZROX|2020-04-30|10.14|10.14|10.14|10.14|0|10.14
FZROX|2020-05-01|9.84|9.84|9.84|9.84|0|9.84
FZROX|2020-05-04|9.89|9.89|9.89|9.89|0|9.89
FZROX|2020-05-05|9.98|9.98|9.98|9.98|0|9.98
FZROX|2020-05-06|9.92|9.92|9.92|9.92|0|9.92
FZROX|2020-05-07|10.05|10.05|10.05|10.05|0|10.05
FZROX|2020-05-08|10.24|10.24|10.24|10.24|0|10.24
FZROX|2020-05-11|10.24|10.24|10.24|10.24|0|10.24
FZROX|2020-05-12|10.01|10.01|10.01|10.01|0|10.01
FZROX|2020-05-13|9.82|9.82|9.82|9.82|0|9.82
FZROX|2020-05-14|9.93|9.93|9.93|9.93|0|9.93
FZROX|2020-05-15|9.98|9.98|9.98|9.98|0|9.98
FZROX|2020-05-18|10.32|10.32|10.32|10.32|0|10.32
FZROX|2020-05-19|10.21|10.21|10.21|10.21|0|10.21
FZROX|2020-05-20|10.39|10.39|10.39|10.39|0|10.39
FZROX|2020-05-21|10.33|10.33|10.33|10.33|0|10.33
FZROX|2020-05-22|10.36|10.36|10.36|10.36|0|10.36
FZROX|2020-05-26|10.5|10.5|10.5|10.5|0|10.5
FZROX|2020-05-27|10.67|10.67|10.67|10.67|0|10.67
FZROX|2020-05-28|10.63|10.63|10.63|10.63|0|10.63
FZROX|2020-05-29|10.68|10.68|10.68|10.68|0|10.68
FZROX|2020-06-01|10.74|10.74|10.74|10.74|0|10.74
FZROX|2020-06-02|10.83|10.83|10.83|10.83|0|10.83
FZROX|2020-06-03|10.99|10.99|10.99|10.99|0|10.99
FZROX|2020-06-04|10.96|10.96|10.96|10.96|0|10.96
FZROX|2020-06-05|11.25|11.25|11.25|11.25|0|11.25
FZROX|2020-06-08|11.4|11.4|11.4|11.4|0|11.4
FZROX|2020-06-09|11.29|11.29|11.29|11.29|0|11.29
FZROX|2020-06-10|11.21|11.21|11.21|11.21|0|11.21
FZROX|2020-06-11|10.54|10.54|10.54|10.54|0|10.54
FZROX|2020-06-12|10.69|10.69|10.69|10.69|0|10.69
FZROX|2020-06-15|10.8|10.8|10.8|10.8|0|10.8
FZROX|2020-06-16|11.01|11.01|11.01|11.01|0|11.01
FZROX|2020-06-17|10.96|10.96|10.96|10.96|0|10.96
FZROX|2020-06-18|10.96|10.96|10.96|10.96|0|10.96
FZROX|2020-06-19|10.91|10.91|10.91|10.91|0|10.91
FZROX|2020-06-22|10.98|10.98|10.98|10.98|0|10.98
FZROX|2020-06-23|11.02|11.02|11.02|11.02|0|11.02
FZROX|2020-06-24|10.73|10.73|10.73|10.73|0|10.73
FZROX|2020-06-25|10.85|10.85|10.85|10.85|0|10.85
FZROX|2020-06-26|10.59|10.59|10.59|10.59|0|10.59
FZROX|2020-06-29|10.76|10.76|10.76|10.76|0|10.76
FZROX|2020-06-30|10.93|10.93|10.93|10.93|0|10.93
FZROX|2020-07-01|10.98|10.98|10.98|10.98|0|10.98
FZROX|2020-07-02|11.03|11.03|11.03|11.03|0|11.03
FZROX|2020-07-06|11.2|11.2|11.2|11.2|0|11.2
FZROX|2020-07-07|11.08|11.08|11.08|11.08|0|11.08
FZROX|2020-07-08|11.17|11.17|11.17|11.17|0|11.17
FZROX|2020-07-09|11.1|11.1|11.1|11.1|0|11.1
FZROX|2020-07-10|11.22|11.22|11.22|11.22|0|11.22
FZROX|2020-07-13|11.1|11.1|11.1|11.1|0|11.1
FZROX|2020-07-14|11.25|11.25|11.25|11.25|0|11.25
FZROX|2020-07-15|11.39|11.39|11.39|11.39|0|11.39
FZROX|2020-07-16|11.34|11.34|11.34|11.34|0|11.34
FZROX|2020-07-17|11.38|11.38|11.38|11.38|0|11.38
