symbol|date|open|high|low|close|volume|adj
HPE|2015-10-19|10.752331|10.752331|9.578293|9.618977|2721200|8.544226
HPE|2015-10-20|9.444614|9.839835|9.444614|9.804963|1220800|8.709432
HPE|2015-10-21|10.025822|10.083942|9.531796|9.578293|135200|8.508089
HPE|2015-10-22|9.71197|9.90958|9.438803|9.85146|189200|8.750734
HPE|2015-10-23|10.025822|10.025822|9.793339|9.88052|102900|8.776546
HPE|2015-10-26|9.944453|9.944453|9.479487|9.54342|885600|8.477111
HPE|2015-10-27|9.624789|9.735218|9.066831|9.142387|1094200|8.120888
HPE|2015-10-28|9.241192|9.502735|9.209226|9.462051|509700|8.404834
HPE|2015-10-29|9.305125|9.456239|9.03777|9.270252|499600|8.234465
HPE|2015-10-30|9.241192|9.357433|8.555368|8.555368|4214100|7.599458
HPE|2015-11-02|8.712294|8.816911|8.05553|8.42169|70312600|7.480713
HPE|2015-11-03|8.177584|8.549556|7.948007|8.346133|69176300|7.4136
HPE|2015-11-04|8.363569|8.433314|7.910228|7.939289|54241800|7.052213
HPE|2015-11-05|7.927664|8.072967|7.625437|7.71843|38179900|6.856032
HPE|2015-11-06|7.660309|8.415878|7.642873|8.369382|51702600|7.434251
HPE|2015-11-09|8.288013|8.415878|8.212456|8.25314|30158000|7.330999
HPE|2015-11-10|8.212456|8.39263|8.142711|8.375194|25426000|7.439413
HPE|2015-11-11|8.25314|8.317073|8.189207|8.200831|18942200|7.284533
HPE|2015-11-12|8.026469|8.032282|7.898604|7.962537|35050600|7.072863
HPE|2015-11-13|7.910228|7.997409|7.642873|7.782362|25678400|6.912822
HPE|2015-11-16|7.770739|7.910228|7.637061|7.77655|23712100|6.907659
HPE|2015-11-17|7.77655|7.840483|7.625437|7.683558|21370500|6.825055
HPE|2015-11-18|7.834671|7.979973|7.66554|7.927664|22402400|7.041888
HPE|2015-11-19|7.863731|8.072967|7.85792|8.009033|22662200|7.114166
HPE|2015-11-20|8.009033|8.503059|7.950912|8.258952|31932300|7.33616
HPE|2015-11-23|8.235704|8.258952|7.88698|8.049718|26354200|7.150304
HPE|2015-11-24|7.892792|8.151429|7.846295|7.956725|41484100|7.0677
HPE|2015-11-25|8.08459|8.636737|8.043906|8.206644|39017100|7.289696
HPE|2015-11-27|8.206644|8.508871|8.165959|8.340322|10395000|7.408438
HPE|2015-11-30|8.270576|8.718106|8.241516|8.636737|50075500|7.671734
HPE|2015-12-01|8.648361|9.229568|8.630925|9.072642|43197200|8.058934
HPE|2015-12-02|8.933152|9.031958|8.64255|8.689046|21818500|7.718196
HPE|2015-12-03|8.718106|8.915716|8.473999|8.497248|32527300|7.547829
HPE|2015-12-04|8.363569|8.889562|8.276388|8.845971|20648400|7.857588
HPE|2015-12-07|8.718106|8.997086|8.67161|8.97965|16424400|8.005265
HPE|2015-12-08|8.770414|8.886656|8.497248|8.816911|19988600|7.860183
HPE|2015-12-09|8.712294|8.944777|8.53212|8.630925|24538300|7.694378
HPE|2015-12-10|8.596052|8.607677|8.444939|8.555368|19528600|7.627022
HPE|2015-12-11|8.712294|8.950589|8.218267|8.241516|18265700|7.347225
HPE|2015-12-14|8.311261|8.427503|8.090403|8.39263|19834700|7.481942
HPE|2015-12-15|8.433314|8.706482|8.418784|8.462375|22175600|7.544118
HPE|2015-12-16|8.497248|8.607677|8.456563|8.543744|13490800|7.616659
HPE|2015-12-17|8.491435|8.555368|8.264765|8.317073|13118600|7.414584
HPE|2015-12-18|8.293825|8.360663|8.136899|8.229892|33271400|7.336862
HPE|2015-12-21|8.206644|8.369382|8.061342|8.148523|16970300|7.264323
HPE|2015-12-22|8.160147|8.218267|8.090403|8.171771|12547100|7.285048
HPE|2015-12-23|8.247328|8.700669|8.165959|8.665797|19359600|7.725469
HPE|2015-12-24|8.607677|8.816911|8.596052|8.72973|3748100|7.782463
HPE|2015-12-28|8.654173|8.880844|8.613489|8.851784|10203800|7.891273
HPE|2015-12-29|8.886656|8.972094|8.822723|8.834348|10797800|7.875729
HPE|2015-12-30|8.886656|8.997086|8.805287|8.880844|10796700|7.917179
HPE|2015-12-31|8.851784|8.89828|8.776227|8.834348|11644800|7.875729
HPE|2016-01-04|8.700669|8.805287|8.566992|8.793663|25940400|7.839459
HPE|2016-01-05|8.793663|8.863408|8.683233|8.735542|17770100|7.787645
HPE|2016-01-06|8.497248|8.718106|8.433314|8.601865|19468100|7.668474
HPE|2016-01-07|8.427503|8.462375|7.933476|7.968349|34143900|7.1037
HPE|2016-01-08|8.003222|8.148523|7.735866|7.869544|28272000|7.015616
HPE|2016-01-11|7.805611|7.968349|7.596376|7.706806|25998800|6.870536
HPE|2016-01-12|7.759114|7.799799|7.608|7.706806|21435500|6.870536
HPE|2016-01-13|7.759114|7.759114|7.282525|7.41039|30489600|6.606285
HPE|2016-01-14|7.41039|7.654497|7.352269|7.555692|22973700|6.735819
HPE|2016-01-15|7.323209|7.43945|7.259276|7.288337|33945600|6.497476
HPE|2016-01-19|7.369706|7.427826|7.090726|7.160471|22239600|6.383485
HPE|2016-01-20|6.974485|7.090726|6.756532|7.009357|28630200|6.248768
HPE|2016-01-21|6.974485|7.288337|6.869867|7.21278|28784100|6.430117
HPE|2016-01-22|7.38133|7.805611|7.352269|7.759114|26272600|6.917168
HPE|2016-01-25|7.724242|7.875356|7.625437|7.753302|19241600|6.911988
HPE|2016-01-26|7.759114|7.977067|7.759114|7.904416|18454700|7.046704
HPE|2016-01-27|7.863731|7.910228|7.529538|7.782362|31803600|6.937895
HPE|2016-01-28|7.817235|7.962537|7.596376|7.666121|16989400|6.834266
HPE|2016-01-29|7.793987|8.067154|7.759114|7.997409|19548700|7.129606
HPE|2016-02-01|7.945101|8.067154|7.863731|8.014846|16430600|7.145151
HPE|2016-02-02|7.962537|8.119463|7.764926|7.817235|16650600|6.968983
HPE|2016-02-03|7.939289|8.003222|7.619625|7.770739|12995300|6.927531
HPE|2016-02-04|7.735866|8.072967|7.735866|8.049718|11181900|7.17624
HPE|2016-02-05|7.956725|7.991597|7.576034|7.671933|22758900|6.839447
HPE|2016-02-08|7.555692|7.584752|7.189531|7.2709|25491500|6.481932
HPE|2016-02-09|7.189531|7.474323|7.154659|7.392954|11504400|6.590741
HPE|2016-02-10|7.422014|7.596376|7.387142|7.474323|10292600|6.663281
HPE|2016-02-11|7.305773|7.363894|6.983203|7.206968|16920400|6.424936
HPE|2016-02-12|7.265088|7.433639|7.079102|7.143035|18150700|6.36794
HPE|2016-02-16|7.21278|7.259276|7.131411|7.166283|20606800|6.388666
HPE|2016-02-17|7.201156|7.637061|7.189531|7.567316|14910600|6.746182
HPE|2016-02-18|7.584752|7.962537|7.567316|7.863731|20189000|7.010434
HPE|2016-02-19|7.852108|7.985785|7.700994|7.945101|16197900|7.082973
HPE|2016-02-22|7.991597|8.067154|7.88698|8.020658|18505500|7.150332
HPE|2016-02-23|7.974161|8.032282|7.462699|7.608|25200900|6.782453
HPE|2016-02-24|7.555692|7.88698|7.451075|7.863731|22757500|7.010434
HPE|2016-02-25|7.817235|7.968349|7.695181|7.950912|20784000|7.088155
HPE|2016-02-26|8.009033|8.020658|7.642873|7.811423|18624500|6.963801
HPE|2016-02-29|7.735866|7.834671|7.671933|7.712618|21932300|6.875717
HPE|2016-03-01|7.799799|7.828859|7.608|7.71843|14373700|6.8809
HPE|2016-03-02|7.77655|8.165959|7.759114|8.078778|17234100|7.202145
HPE|2016-03-03|8.08459|8.107839|7.71843|7.904416|17256400|7.046704
HPE|2016-03-04|8.659986|9.20632|8.613489|8.973837|57415700|8.000083
HPE|2016-03-07|8.793663|9.293501|8.752978|9.281877|31792700|8.30428
HPE|2016-03-08|9.154012|9.177259|8.837254|8.851784|21215200|7.919487
HPE|2016-03-09|8.915716|9.203414|8.892468|9.002897|19045400|8.054684
HPE|2016-03-10|9.03777|9.421367|9.020333|9.241192|24578200|8.26788
HPE|2016-03-11|9.299313|9.555044|9.299313|9.491112|26984400|8.491478
HPE|2016-03-14|9.415554|9.630601|9.322561|9.537608|16641800|8.533077
HPE|2016-03-15|9.508548|9.810775|9.444614|9.746842|23974400|8.720276
HPE|2016-03-16|9.71197|10.014197|9.648037|9.99095|21530900|8.93867
HPE|2016-03-17|9.956077|10.072318|9.857272|9.973514|18699200|8.923071
HPE|2016-03-18|9.979325|10.21762|9.927016|10.072318|53273300|9.011471
HPE|2016-03-21|10.072318|10.426855|10.054882|10.293177|18463100|9.209068
HPE|2016-03-22|10.118815|10.508224|10.078131|10.176936|19474000|9.105069
HPE|2016-03-23|10.182748|10.211808|9.932829|10.147876|19674300|9.07907
HPE|2016-03-24|10.118815|10.252493|9.944453|10.211808|15261200|9.136269
HPE|2016-03-28|10.159499|10.267023|10.008386|10.176936|9518600|9.105069
HPE|2016-03-29|10.095567|10.275741|10.008386|10.258305|10197000|9.177869
HPE|2016-03-30|10.298989|10.412325|10.24668|10.397795|18156300|9.302669
HPE|2016-03-31|10.368734|10.438478|10.176936|10.304801|17876200|9.219465
HPE|2016-04-01|10.235057|10.778485|10.205997|10.69421|25550000|9.567862
HPE|2016-04-04|10.72327|10.72327|10.421042|10.484976|13191400|9.380666
HPE|2016-04-05|10.38617|10.409418|10.205997|10.235057|14280500|9.15707
HPE|2016-04-06|10.258305|10.450103|10.147876|10.438478|17879800|9.339066
HPE|2016-04-07|10.339674|10.484976|10.243774|10.310614|16196800|9.224667
HPE|2016-04-08|10.374546|10.633183|10.351297|10.397795|12525200|9.302669
HPE|2016-04-11|10.432667|10.496599|10.264116|10.304801|10114200|9.219465
HPE|2016-04-12|10.293177|10.322237|9.985137|10.02001|15119900|8.964669
HPE|2016-04-13|10.04907|10.176936|9.967701|10.171124|14182800|9.099869
HPE|2016-04-14|10.089755|10.113003|9.915393|10.031634|11503900|8.975071
HPE|2016-04-15|10.118815|10.159499|9.793339|10.113003|20409100|9.047869
HPE|2016-04-18|10.002574|10.162406|9.961889|10.136251|9740800|9.06867
HPE|2016-04-19|10.147876|10.159499|9.967701|10.02001|11079800|8.964669
HPE|2016-04-20|9.921205|10.171124|9.921205|10.113003|9359900|9.047869
HPE|2016-04-21|10.078131|10.310614|10.066506|10.147876|10272200|9.07907
HPE|2016-04-22|10.136251|10.287365|10.072318|10.165312|13692100|9.094666
HPE|2016-04-25|10.089755|10.118815|9.775903|10.002574|10051600|8.94907
HPE|2016-04-26|10.025822|10.150782|10.014197|10.089755|10813800|9.027071
HPE|2016-04-27|10.054882|10.182748|10.025822|10.060695|10948800|9.001071
HPE|2016-04-28|9.979325|10.104285|9.834023|9.897956|8237200|8.855473
HPE|2016-04-29|9.816587|9.828212|9.595729|9.68291|12195300|8.663076
HPE|2016-05-02|9.68291|9.735218|9.462051|9.531796|14557900|8.527877
HPE|2016-05-03|9.432991|9.444614|9.171448|9.258629|19039000|8.283481
HPE|2016-05-04|9.183072|9.299313|9.113327|9.258629|11420700|8.283481
HPE|2016-05-05|9.270252|9.281877|9.090078|9.136575|6054900|8.174281
HPE|2016-05-06|9.084267|9.217944|9.043582|9.171448|8574500|8.205482
HPE|2016-05-09|9.130763|9.276065|9.107514|9.217944|8505200|8.247081
HPE|2016-05-10|9.23538|9.241192|9.072642|9.23538|8192700|8.262683
HPE|2016-05-11|9.23538|9.505642|9.229568|9.310937|11132300|8.33028
HPE|2016-05-12|9.351622|9.380682|9.214457|9.241192|9321700|8.26788
HPE|2016-05-13|9.241192|9.366152|9.119139|9.165635|11680700|8.200282
HPE|2016-05-16|9.159823|9.354527|9.130763|9.276065|15174200|8.29908
HPE|2016-05-17|9.229568|9.415554|9.119139|9.194695|25107300|8.22628
HPE|2016-05-18|9.177259|9.258629|9.017427|9.107514|11315200|8.148282
HPE|2016-05-19|9.014522|9.177259|8.938965|9.171448|11501700|8.205482
HPE|2016-05-20|9.159823|9.293501|9.101703|9.223756|15455400|8.252278
HPE|2016-05-23|9.229568|9.456239|9.223756|9.339997|14882500|8.35628
HPE|2016-05-24|9.357433|9.496923|9.293501|9.444614|21613600|8.44988
HPE|2016-05-25|10.653525|10.752331|9.950265|10.083942|75418400|9.021871
HPE|2016-05-26|9.88052|10.281553|9.787527|10.107191|37392900|9.042669
HPE|2016-05-27|10.147876|10.659338|10.147876|10.612841|39501400|9.495063
HPE|2016-05-31|10.461727|10.734895|10.322237|10.734895|42932800|9.60426
HPE|2016-06-01|10.641901|10.682586|10.543097|10.630278|21150900|9.510663
HPE|2016-06-02|10.543097|10.769767|10.519848|10.752331|23508300|9.619862
HPE|2016-06-03|10.69421|10.752331|10.624465|10.66515|15976100|9.541862
HPE|2016-06-06|10.624465|11.025498|10.624465|10.984814|22094100|9.857407
HPE|2016-06-07|10.949941|11.18533|10.909257|11.135927|24580100|9.993011
HPE|2016-06-08|11.199861|11.403282|11.159176|11.246357|27220300|10.092108
HPE|2016-06-09|11.269605|11.420719|11.234733|11.362598|16130800|10.196419
HPE|2016-06-10|11.223108|11.234733|10.984814|11.112679|16914200|9.97215
HPE|2016-06-13|11.048746|11.130116|10.798827|10.810452|17458700|9.700942
HPE|2016-06-14|10.734895|10.833699|10.586687|10.641901|24700400|9.549688
HPE|2016-06-15|10.711646|11.077806|10.700022|10.926693|20590800|9.805252
HPE|2016-06-16|10.856948|10.944129|10.795921|10.845324|21213200|9.732232
HPE|2016-06-17|10.804639|11.048746|10.746519|11.008061|28631900|9.878268
HPE|2016-06-20|11.1708|11.39747|11.135927|11.263793|27304300|10.107754
HPE|2016-06-21|11.281229|11.536961|11.194048|11.484652|19885600|10.305945
HPE|2016-06-22|11.426531|11.484652|11.153363|11.164988|18191900|10.01909
HPE|2016-06-23|11.257981|11.443967|11.240544|11.420719|17522700|10.248574
HPE|2016-06-24|10.816263|11.089431|10.52566|10.55472|43737700|9.471457
HPE|2016-06-27|10.461727|10.467539|9.860178|9.996761|31383400|8.970763
HPE|2016-06-28|10.171124|10.21762|9.941546|10.113003|23461000|9.075073
HPE|2016-06-29|10.310614|10.409418|10.23215|10.333861|14211600|9.273265
HPE|2016-06-30|10.415231|10.752331|10.391982|10.618653|21494300|9.528829
HPE|2016-07-01|10.734895|10.833699|10.548908|10.746519|15361900|9.643571
HPE|2016-07-05|10.688398|10.711646|10.426855|10.577969|10555200|9.492318
HPE|2016-07-06|10.461727|10.711646|10.415231|10.69421|12498900|9.596629
HPE|2016-07-07|10.659338|10.874384|10.659338|10.734895|10799800|9.63314
HPE|2016-07-08|10.903444|11.066182|10.795921|11.066182|18751400|9.930426
HPE|2016-07-11|11.130116|11.313195|11.124303|11.240544|17483700|10.08689
HPE|2016-07-12|11.292853|11.566021|11.292853|11.443967|22280200|10.269436
HPE|2016-07-13|11.443967|11.484652|11.217297|11.333538|11816000|10.170342
HPE|2016-07-14|11.403282|11.720622|11.403282|11.618329|25670900|10.425902
HPE|2016-07-15|11.670638|11.722946|11.443967|11.490463|15047000|10.311162
HPE|2016-07-18|11.461403|11.612517|11.420719|11.502088|10118300|10.321589
HPE|2016-07-19|11.443967|11.589269|11.438155|11.502088|9522700|10.321589
HPE|2016-07-20|11.5079|11.670638|11.46431|11.659014|9143000|10.46241
HPE|2016-07-21|11.641578|11.717134|11.452685|11.47884|15580200|10.30073
HPE|2016-07-22|11.519524|11.653202|11.473027|11.653202|14395000|10.457197
HPE|2016-07-25|11.827564|11.908933|11.734571|11.746195|16714900|10.540646
HPE|2016-07-26|11.734571|11.891497|11.708416|11.885684|13674200|10.665819
HPE|2016-07-27|11.914744|12.010644|11.774093|11.827564|11275200|10.613665
HPE|2016-07-28|11.798504|11.874061|11.711323|11.804316|7497200|10.5928
HPE|2016-07-29|11.810127|12.728435|11.682262|12.216972|54130200|10.963106
HPE|2016-08-01|12.286717|12.548261|11.990302|12.251845|23908200|10.9944
HPE|2016-08-02|12.222785|12.263469|11.99902|12.071671|18970300|10.832718
HPE|2016-08-03|12.071671|12.507576|12.019362|12.501764|23912300|11.218667
HPE|2016-08-04|12.484327|12.740059|12.472704|12.647066|15358400|11.349055
HPE|2016-08-05|12.693563|12.902797|12.652878|12.734247|16329900|11.42729
HPE|2016-08-08|12.786555|12.885361|12.542448|12.583133|13379300|11.291688
HPE|2016-08-09|12.629629|12.705187|12.565697|12.612193|13865200|11.317764
HPE|2016-08-10|12.629629|12.641253|12.455267|12.525012|9788900|11.239532
HPE|2016-08-11|12.548261|12.705187|12.507576|12.658689|13035900|11.359489
HPE|2016-08-12|12.600569|12.763308|12.493046|12.722623|18171200|11.416861
HPE|2016-08-15|12.745871|12.896985|12.728435|12.792368|12316500|11.479448
HPE|2016-08-16|12.728435|12.885361|12.676126|12.824334|10498100|11.508134
HPE|2016-08-17|12.821428|12.896985|12.484327|12.577321|16809000|11.286469
HPE|2016-08-18|12.5192|12.722623|12.5192|12.705187|11558800|11.401212
HPE|2016-08-19|12.658689|12.763308|12.635442|12.71681|10394300|11.411644
HPE|2016-08-22|12.681938|12.772025|12.571508|12.751683|7638400|11.442936
HPE|2016-08-23|12.803991|12.82724|12.713904|12.745871|13619000|11.437719
HPE|2016-08-24|12.740059|12.815616|12.594757|12.606381|7765100|11.312549
HPE|2016-08-25|12.571508|12.748777|12.466891|12.693563|12335300|11.390782
HPE|2016-08-26|12.728435|12.838864|12.559885|12.658689|9102400|11.359489
HPE|2016-08-29|12.647066|12.862112|12.629629|12.693563|10135500|11.390782
HPE|2016-08-30|12.693563|12.763308|12.466891|12.542448|15767100|11.255175
HPE|2016-08-31|12.5192|12.600569|12.298342|12.484327|16448100|11.203022
HPE|2016-09-01|12.455267|12.972542|12.251845|12.879549|32542600|11.557681
HPE|2016-09-02|12.885361|12.960917|12.751683|12.908608|11299600|11.583755
HPE|2016-09-06|12.891172|12.891172|12.641253|12.705187|14693100|11.401212
HPE|2016-09-07|12.792368|12.972542|12.501764|12.838864|35346700|11.521171
HPE|2016-09-08|12.786555|12.902797|12.391335|12.426207|50322900|11.150867
HPE|2016-09-09|12.292529|12.478516|12.158852|12.158852|27124500|10.910951
HPE|2016-09-12|12.04261|12.446549|11.990302|12.373899|21937300|11.103926
HPE|2016-09-13|12.263469|12.420395|12.234408|12.298342|20650900|11.036123
HPE|2016-09-14|12.280906|12.446549|12.257657|12.414583|18886100|11.140435
HPE|2016-09-15|12.391335|12.867925|12.373899|12.862112|22183400|11.542032
HPE|2016-09-16|12.82724|12.972542|12.763308|12.937669|28129400|11.609836
HPE|2016-09-19|13.001602|13.367763|12.99579|13.181776|20660200|11.828888
HPE|2016-09-20|13.225367|13.335796|13.146904|13.146904|16634900|11.797597
HPE|2016-09-21|13.13528|13.437508|13.117844|13.437508|18368700|12.058373
HPE|2016-09-22|13.449131|13.675802|13.449131|13.507252|17617000|12.120961
HPE|2016-09-23|13.443319|13.521782|13.315454|13.356138|12469000|11.985354
HPE|2016-09-26|13.286393|13.347421|13.158528|13.245709|13948600|11.886259
HPE|2016-09-27|13.187589|13.382293|13.112613|13.321266|22581800|11.954063
HPE|2016-09-28|13.367763|13.478191|13.263145|13.391011|12168800|12.016647
HPE|2016-09-29|13.344514|13.547936|13.295112|13.309642|15577000|11.94363
HPE|2016-09-30|13.414259|13.536312|13.129468|13.222461|27890300|11.865397
HPE|2016-10-03|13.129468|13.271863|13.106219|13.16434|20113200|11.813243
HPE|2016-10-04|13.181776|13.327078|12.937669|13.013227|15717000|11.677639
HPE|2016-10-05|13.05391|13.292206|13.05391|13.251521|12511100|11.891476
HPE|2016-10-06|13.216649|13.280581|13.152716|13.181776|11269900|11.828888
HPE|2016-10-07|13.175964|13.1934|12.885361|12.984166|16110500|11.679889
HPE|2016-10-10|13.065535|13.187589|13.042287|13.077159|15833100|11.813581
HPE|2016-10-11|13.077159|13.077159|12.725529|12.774931|17394200|11.540557
HPE|2016-10-12|12.833052|12.8563|12.670314|12.786555|13356200|11.551057
HPE|2016-10-13|12.658689|12.757495|12.472704|12.647066|23763600|11.425044
HPE|2016-10-14|12.5192|12.757495|12.481421|12.513388|23332900|11.304283
HPE|2016-10-17|12.495952|12.606381|12.327402|12.362274|20037200|11.167772
HPE|2016-10-18|12.5192|12.548261|12.263469|12.478516|20106300|11.272779
HPE|2016-10-19|12.559885|12.769119|12.525012|12.629629|30091800|11.409292
HPE|2016-10-20|12.571508|12.734247|12.5192|12.71681|18222800|11.488051
HPE|2016-10-21|12.612193|12.629629|12.466891|12.571508|20590300|11.356787
HPE|2016-10-24|12.600569|12.664502|12.548261|12.600569|15560800|11.38304
HPE|2016-10-25|12.600569|12.612193|12.432019|12.554072|15908500|11.341038
HPE|2016-10-26|12.513388|12.676126|12.478516|12.670314|13082500|11.446047
HPE|2016-10-27|12.71681|13.013227|12.71681|12.896985|21757400|11.650815
HPE|2016-10-28|12.902797|13.071347|12.786555|12.885361|12916500|11.640315
HPE|2016-10-31|12.931857|13.088783|12.914421|13.059723|14006700|11.79783
HPE|2016-11-01|13.030663|13.112031|12.652878|12.833052|12696200|11.593058
HPE|2016-11-02|12.809804|12.885361|12.710999|12.79818|14294800|11.561557
HPE|2016-11-03|12.82724|12.891172|12.647066|12.670314|12041500|11.446047
HPE|2016-11-04|12.577321|13.018457|12.507576|12.809804|13275900|11.57206
HPE|2016-11-07|13.007414|13.478191|13.001602|13.431695|18590000|12.133859
HPE|2016-11-08|13.431695|13.652554|13.30383|13.507252|22013900|12.202116
HPE|2016-11-09|13.042287|13.687427|12.99579|13.50144|26421600|12.196864
HPE|2016-11-10|13.571185|13.768795|13.315454|13.408447|22441600|12.112858
HPE|2016-11-11|13.379387|13.588621|13.321266|13.547936|16257100|12.238868
HPE|2016-11-14|13.571185|13.728111|13.408447|13.571185|21289300|12.25987
HPE|2016-11-15|13.64093|13.675802|13.449131|13.606057|25421900|12.291372
HPE|2016-11-16|13.547936|13.745547|13.489816|13.675802|19870700|12.354381
HPE|2016-11-17|13.64093|13.757172|13.518876|13.716487|18754800|12.391134
HPE|2016-11-18|13.768214|13.861789|13.524689|13.547936|28549500|12.238868
HPE|2016-11-21|13.61187|13.687427|13.257333|13.437508|40098200|12.139109
HPE|2016-11-22|13.425883|13.565372|13.138186|13.292206|41580100|12.007851
HPE|2016-11-23|13.1934|13.733923|13.059723|13.687427|37097600|12.36488
HPE|2016-11-25|13.379387|13.594433|13.199212|13.495628|18320000|12.191615
HPE|2016-11-28|13.350327|13.594433|13.298018|13.565372|37604300|12.254621
HPE|2016-11-29|13.495628|13.890849|13.495628|13.797855|24233000|12.464638
HPE|2016-11-30|13.826916|13.887943|13.733923|13.832728|24902000|12.496142
HPE|2016-12-01|13.821104|13.890849|13.559561|13.582809|20974300|12.270374
HPE|2016-12-02|13.576997|13.890849|13.565372|13.861789|12629100|12.522396
HPE|2016-12-05|13.902473|14.076835|13.850164|14.071023|17673800|12.711412
HPE|2016-12-06|14.041963|14.053587|13.885036|13.925721|16941100|12.580151
HPE|2016-12-07|13.855976|14.408123|13.83854|14.344191|28028700|12.958185
HPE|2016-12-08|14.326755|14.408123|14.245385|14.320942|12216200|12.937183
HPE|2016-12-09|14.274446|14.396499|14.134955|14.245385|22907500|12.868925
HPE|2016-12-12|14.001278|14.076835|13.774608|13.890849|21249800|12.582017
HPE|2016-12-13|13.855976|14.076835|13.803668|13.908285|18690500|12.597812
HPE|2016-12-14|13.797855|14.169828|13.792044|13.902473|16920100|12.592544
HPE|2016-12-15|13.861789|13.873413|13.757172|13.792044|27706200|12.49252
HPE|2016-12-16|13.733923|13.82401|13.588621|13.652554|35485000|12.366174
HPE|2016-12-19|13.61187|13.890849|13.61187|13.792044|11699600|12.49252
HPE|2016-12-20|13.815292|13.937346|13.745547|13.855976|15602000|12.550428
HPE|2016-12-21|13.855976|13.972218|13.829823|13.885036|9327700|12.57675
HPE|2016-12-22|13.896661|13.943157|13.669991|13.80948|11015700|12.508316
HPE|2016-12-23|13.815292|13.855976|13.762983|13.844353|10125700|12.539901
HPE|2016-12-27|13.83854|13.890849|13.728111|13.797855|6512000|12.497783
HPE|2016-12-28|13.844353|13.844353|13.536312|13.542125|11347500|12.26615
HPE|2016-12-29|13.5305|13.64093|13.47238|13.565372|8858700|12.287208
HPE|2016-12-30|13.50144|13.629306|13.385199|13.449131|10862200|12.181917
HPE|2017-01-03|13.478191|13.64093|13.356138|13.484004|13861700|12.213507
HPE|2017-01-04|13.542125|13.780419|13.507252|13.629306|11969000|12.345116
HPE|2017-01-05|13.629306|13.704863|13.559561|13.693238|19883000|12.403027
HPE|2017-01-06|13.699051|13.699051|13.02485|13.425883|25019600|12.160861
HPE|2017-01-09|13.449131|13.474123|13.082971|13.112031|24591200|11.876581
HPE|2017-01-10|13.187589|13.373574|13.082971|13.338702|23212800|12.081894
HPE|2017-01-11|13.321266|13.356138|13.141091|13.228272|15961500|11.981871
HPE|2017-01-12|13.210836|13.27477|13.033568|13.222461|14234400|11.976604
HPE|2017-01-13|13.222461|13.396823|13.216649|13.332891|9905100|12.076631
HPE|2017-01-17|13.268957|13.361951|13.155622|13.187589|10155500|11.945021
HPE|2017-01-18|13.234085|13.361951|13.129468|13.286393|14536000|12.034513
HPE|2017-01-19|13.245709|13.298018|13.181776|13.234085|9976600|11.987135
HPE|2017-01-20|13.245709|13.309642|13.158528|13.298018|15579200|12.045043
HPE|2017-01-23|13.263145|13.327078|13.013227|13.117844|15614500|11.881845
HPE|2017-01-24|13.199212|13.420072|13.170152|13.30383|14144500|12.050309
HPE|2017-01-25|13.379387|13.449131|13.271863|13.356138|12552900|12.097689
HPE|2017-01-26|13.344514|13.420072|13.146904|13.146904|10554700|11.908169
HPE|2017-01-27|13.210836|13.251521|13.065535|13.106219|11716800|11.871316
HPE|2017-01-30|13.071347|13.071347|12.780744|12.873736|16078800|11.660739
HPE|2017-01-31|12.867925|13.187589|12.693563|13.181776|21481800|11.939754
HPE|2017-02-01|13.210836|13.239897|13.001602|13.129468|16757600|11.892376
HPE|2017-02-02|12.937669|13.213742|12.937669|13.187589|14275200|11.945021
HPE|2017-02-03|13.222461|13.704863|13.222461|13.658366|23112600|12.371439
HPE|2017-02-06|13.571185|13.751359|13.547936|13.681614|9451400|12.392496
HPE|2017-02-07|13.681614|13.829823|13.669991|13.768795|11192300|12.471463
HPE|2017-02-08|13.728111|13.879225|13.687427|13.733923|10469000|12.439875
HPE|2017-02-09|13.733923|14.018714|13.693238|13.995466|12060500|12.676777
HPE|2017-02-10|13.995466|14.100083|13.937346|13.943157|14299600|12.629395
HPE|2017-02-13|13.960593|14.082647|13.925721|14.018714|11127900|12.697834
HPE|2017-02-14|13.995466|14.036151|13.925721|14.030338|16786500|12.708363
HPE|2017-02-15|14.076835|14.2047|14.001278|14.169828|11762300|12.834709
HPE|2017-02-16|14.164016|14.227949|14.071023|14.140768|11783300|12.808385
HPE|2017-02-17|14.094272|14.193076|14.024527|14.181453|13047600|12.845239
HPE|2017-02-21|14.181453|14.355815|14.158204|14.332566|16285300|12.982114
HPE|2017-02-22|14.262821|14.460432|14.239573|14.402311|13138300|13.045288
HPE|2017-02-23|14.431372|14.448808|14.239573|14.332566|22893200|12.982114
HPE|2017-02-24|12.859206|13.356138|12.844676|13.344514|80662700|12.087157
HPE|2017-02-27|13.228272|13.228272|12.943481|12.966729|32711900|11.74497
HPE|2017-02-28|12.82724|13.295112|12.786555|13.263145|31589500|12.013457
HPE|2017-03-01|13.373574|13.542125|13.327078|13.47238|22835600|12.202975
HPE|2017-03-02|13.437508|13.489816|13.27477|13.338702|18544300|12.081894
HPE|2017-03-03|13.315454|13.524689|13.298018|13.396823|19903300|12.13454
HPE|2017-03-06|13.280581|13.443319|13.268957|13.408447|26772600|12.145068
HPE|2017-03-07|13.350327|13.478191|13.1934|13.263145|23911500|12.013457
HPE|2017-03-08|13.251521|13.280581|13.117844|13.146904|21858200|11.908169
HPE|2017-03-09|13.094595|13.187589|13.007414|13.059723|18977100|11.829202
HPE|2017-03-10|13.094595|13.187589|12.902797|13.001602|19189300|11.776556
HPE|2017-03-13|12.896985|13.036474|12.885361|12.972542|17357500|11.784477
HPE|2017-03-14|12.926045|12.978354|12.79818|12.920233|17357500|11.736959
HPE|2017-03-15|12.920233|13.280581|12.850489|13.187589|24111600|11.979831
HPE|2017-03-16|13.1934|13.286393|13.077159|13.158528|17717900|11.953432
HPE|2017-03-17|13.16434|13.361951|13.082971|13.280581|21287000|12.064307
HPE|2017-03-20|13.234085|13.405541|13.170152|13.338702|14750100|12.117105
HPE|2017-03-21|13.338702|13.414259|12.902797|12.931857|27868800|11.747519
HPE|2017-03-22|12.914421|13.106219|12.844676|13.077159|15644300|11.879514
HPE|2017-03-23|13.048099|13.344514|13.007414|13.251521|16796100|12.037908
HPE|2017-03-24|13.286393|13.507252|13.152716|13.234085|15784300|12.022069
HPE|2017-03-27|13.106219|13.280581|13.007414|13.205025|11508400|11.995669
HPE|2017-03-28|13.187589|13.489816|13.152716|13.373574|14496900|12.148783
HPE|2017-03-29|13.367763|13.908285|13.312548|13.757172|29644200|12.497249
HPE|2017-03-30|13.716487|13.844353|13.669991|13.728111|15394600|12.470849
HPE|2017-03-31|13.617682|13.94897|13.617682|13.774608|24476100|12.513089
HPE|2017-04-03|13.964314|14.010861|13.429015|13.630721|41268100|12.382379
HPE|2017-04-04|13.498837|13.894492|13.460047|13.886734|24554400|12.614945
HPE|2017-04-05|13.948797|14.041893|13.793638|13.886734|24502600|12.614945
HPE|2017-04-06|13.948797|14.065166|13.894492|13.97983|15977100|12.699514
HPE|2017-04-07|13.933282|14.313421|13.894492|14.181536|36280900|12.88275
HPE|2017-04-10|14.228084|14.359969|14.150504|14.197052|28411100|12.896844
HPE|2017-04-11|14.16602|14.235842|14.034135|14.103956|14620900|12.812274
HPE|2017-04-12|14.220325|14.228084|13.917766|14.003103|17688900|12.720658
HPE|2017-04-13|13.972072|14.088441|13.917766|13.956555|20986700|12.678373
HPE|2017-04-17|13.97983|14.065166|13.948797|14.049651|10234600|12.762943
HPE|2017-04-18|14.026377|14.119473|13.9519|14.065166|10324700|12.777037
HPE|2017-04-19|14.080683|14.189294|14.034135|14.088441|9413500|12.79818
HPE|2017-04-20|14.142746|14.28239|14.100078|14.220325|13204300|12.917987
HPE|2017-04-21|14.197052|14.208689|13.97983|14.072925|15784000|12.784083
HPE|2017-04-24|14.158262|14.383243|14.123351|14.305663|18105900|12.995508
HPE|2017-04-25|14.344453|14.422032|14.290148|14.367727|11001300|13.051888
HPE|2017-04-26|14.352211|14.569433|14.290148|14.437549|14089000|13.115314
HPE|2017-04-27|14.42979|14.476338|14.297905|14.453064|17807200|13.129409
HPE|2017-04-28|14.445307|14.50737|14.344453|14.453064|11964300|13.129409
HPE|2017-05-01|14.499612|14.608223|14.460822|14.530643|10576100|13.199885
HPE|2017-05-02|14.522886|14.615981|14.476338|14.50737|10110100|13.178743
HPE|2017-05-03|14.476338|14.561676|14.406517|14.484097|14169500|13.1576
HPE|2017-05-04|14.54616|14.584949|14.437549|14.54616|8458500|13.213978
HPE|2017-05-05|14.615981|14.623739|14.484097|14.608223|16416700|13.270358
HPE|2017-05-08|14.615981|14.701319|14.553918|14.654771|11736300|13.312644
HPE|2017-05-09|14.639256|14.716835|14.456944|14.569433|21023200|13.235122
HPE|2017-05-10|14.577191|14.740108|14.54616|14.740108|14653800|13.390167
HPE|2017-05-11|14.678045|14.782778|14.588828|14.631497|16039500|13.291502
HPE|2017-05-12|14.647014|14.755625|14.615981|14.647014|12393000|13.305598
HPE|2017-05-15|14.662529|14.840962|14.639256|14.73235|13808900|13.38312
HPE|2017-05-16|14.740108|14.864236|14.674166|14.825446|12260800|13.467688
HPE|2017-05-17|14.825446|14.825446|14.522886|14.584949|16809500|13.249219
HPE|2017-05-18|14.46858|14.709077|14.367727|14.569433|16026500|13.235122
HPE|2017-05-19|14.615981|14.740108|14.328938|14.375484|25988800|13.058935
HPE|2017-05-22|14.367727|14.623739|14.359969|14.577191|17436500|13.242169
HPE|2017-05-23|14.639256|14.662529|14.54616|14.631497|17918200|13.291502
HPE|2017-05-24|14.615981|14.724593|14.569433|14.670287|15162100|13.326737
HPE|2017-05-25|14.716835|14.740108|14.592708|14.615981|23348000|13.277407
HPE|2017-05-26|14.623739|14.654771|14.538402|14.608223|17319700|13.270358
HPE|2017-05-30|14.569433|14.685803|14.499612|14.623739|22861700|13.284454
HPE|2017-05-31|14.584949|14.643134|14.398759|14.592708|30786400|13.256262
HPE|2017-06-01|14.235842|14.251358|13.553142|13.591931|50115000|12.347143
HPE|2017-06-02|13.452289|13.638479|13.149729|13.498837|38591100|12.262573
HPE|2017-06-05|13.452289|13.460047|13.289371|13.312646|20008600|12.093435
HPE|2017-06-06|13.29713|13.335919|13.211792|13.211792|17818400|12.001817
HPE|2017-06-07|13.211792|13.374709|13.196276|13.21955|18744700|12.008864
HPE|2017-06-08|13.21955|13.281613|13.173002|13.227308|13795200|12.015911
HPE|2017-06-09|13.21955|13.436772|13.037238|13.18076|13561600|11.973627
HPE|2017-06-12|13.103181|13.126454|12.847168|13.072149|14894600|11.920569
HPE|2017-06-13|13.048875|13.165244|13.03336|13.095423|15699600|11.941795
HPE|2017-06-14|13.072149|13.149729|12.91699|12.986812|14685100|11.842752
HPE|2017-06-15|12.95578|13.002327|12.777347|12.816136|23054200|11.687111
HPE|2017-06-16|12.862684|12.885958|12.754073|12.792863|19348500|11.665889
HPE|2017-06-19|12.808378|13.010085|12.808378|12.971295|14374000|11.828603
HPE|2017-06-20|12.948022|12.986812|12.785105|12.909232|17374400|11.772005
HPE|2017-06-21|12.95578|13.025601|12.831653|12.854926|13225000|11.722484
HPE|2017-06-22|12.831653|12.99457|12.800621|12.940264|12152300|11.800305
HPE|2017-06-23|12.99457|13.188519|12.924747|13.072149|22420400|11.920569
HPE|2017-06-26|13.087665|13.173002|13.025601|13.041117|14030600|11.892274
HPE|2017-06-27|12.986812|13.025601|12.800621|12.800621|12662700|11.672964
HPE|2017-06-28|12.870442|13.157486|12.800621|13.110939|13041300|11.955945
HPE|2017-06-29|12.99457|13.03336|12.699767|12.91699|16378100|11.77908
HPE|2017-06-30|12.979053|13.03336|12.862684|12.870442|11318000|11.736634
HPE|2017-07-03|12.932506|13.103181|12.932506|12.932506|5886300|11.793228
HPE|2017-07-05|12.971295|13.18076|12.963537|13.141971|13925000|11.984241
HPE|2017-07-06|13.072149|13.126454|12.738557|12.785105|18738000|11.658813
HPE|2017-07-07|12.816136|12.91699|12.723042|12.885958|17037600|11.750783
HPE|2017-07-10|12.885958|13.060512|12.878201|12.986812|13109900|11.842752
HPE|2017-07-11|12.963537|13.072149|12.854926|13.017843|11760400|11.871048
HPE|2017-07-12|12.99457|13.072149|12.858806|13.025601|13454100|11.878124
HPE|2017-07-13|13.025601|13.312646|13.002327|13.25834|17708900|12.090359
HPE|2017-07-14|13.266098|13.366951|13.204034|13.335919|7901000|12.161105
HPE|2017-07-17|13.335919|13.436772|13.262218|13.366951|9965300|12.189404
HPE|2017-07-18|13.343678|13.382467|13.227308|13.304888|13542700|12.132808
HPE|2017-07-19|13.382467|13.739333|13.382467|13.708301|17298100|12.500682
HPE|2017-07-20|13.708301|13.910007|13.692785|13.886734|18859600|12.663396
HPE|2017-07-21|13.855702|13.987587|13.78588|13.972072|15243700|12.741216
HPE|2017-07-24|13.948797|14.041893|13.801396|13.840186|14075200|12.620949
HPE|2017-07-25|13.840186|13.972072|13.762607|13.871218|9928100|12.649246
HPE|2017-07-26|13.886734|13.933282|13.615206|13.661754|10281300|12.458236
HPE|2017-07-27|13.731575|13.731575|13.494957|13.615206|13184400|12.415787
HPE|2017-07-28|13.576416|13.615206|13.413499|13.584174|11777500|12.387489
HPE|2017-07-31|13.653996|13.766485|13.576416|13.584174|11294300|12.387489
HPE|2017-08-01|13.615206|13.653996|13.533747|13.615206|9943300|12.415787
HPE|2017-08-02|13.646237|13.685027|13.397983|13.460047|10271600|12.2743
HPE|2017-08-03|13.452289|13.467805|13.312646|13.413499|8584800|12.231851
HPE|2017-08-04|13.413499|13.630721|13.413499|13.584174|8123900|12.387489
HPE|2017-08-07|13.568658|13.688906|13.537626|13.677269|5909200|12.472383
HPE|2017-08-08|13.646237|13.731575|13.591931|13.677269|10173900|12.472383
HPE|2017-08-09|13.615206|13.731575|13.529868|13.685027|8984800|12.479456
HPE|2017-08-10|13.653996|13.653996|13.242824|13.281613|12069000|12.111582
HPE|2017-08-11|13.343678|13.475562|13.308766|13.421257|6805200|12.238925
HPE|2017-08-14|13.568658|13.847944|13.545384|13.638479|10254100|12.43701
HPE|2017-08-15|13.622964|13.840186|13.599689|13.770365|10719900|12.557279
HPE|2017-08-16|13.762607|13.86346|13.595811|13.653996|6336300|12.45116
HPE|2017-08-17|13.591931|13.716059|13.421257|13.421257|11823900|12.238925
HPE|2017-08-18|13.390225|13.498837|13.25834|13.328161|12322800|12.154031
HPE|2017-08-21|13.343678|13.460047|13.250582|13.429015|7851500|12.245999
HPE|2017-08-22|13.467805|13.731575|13.460047|13.708301|7026400|12.500682
HPE|2017-08-23|13.615206|13.770365|13.599689|13.739333|9091300|12.528979
HPE|2017-08-24|13.74709|14.010861|13.700543|13.925524|8553900|12.698768
HPE|2017-08-25|13.956555|14.072925|13.813033|13.925524|11647100|12.698768
HPE|2017-08-28|13.948797|13.948797|13.71218|13.801396|9661100|12.585577
HPE|2017-08-29|13.692785|13.921644|13.638479|13.902249|7612400|12.677545
HPE|2017-08-30|13.871218|13.956555|13.78976|13.948797|8092300|12.719991
HPE|2017-08-31|13.948797|14.069046|13.925524|14.010861|14603000|12.776588
HPE|2017-09-01|14.13|14.39|13.82|14.31|22355800|13.049375
HPE|2017-09-05|14.2|14.4|13.83|14.04|26755900|12.80316
HPE|2017-09-06|14.29|14.32|13.6|13.77|40580300|12.556946
HPE|2017-09-07|13.73|13.77|13.25|13.25|27036800|12.082754
HPE|2017-09-08|13.289|13.385|13.06|13.12|24308700|11.964208
HPE|2017-09-11|13.3|13.47|13.24|13.35|16505900|12.234558
HPE|2017-09-12|13.36|13.41|12.99|13.12|19398000|12.082605
HPE|2017-09-13|13.08|13.25|12.97|13.23|24975000|12.183908
HPE|2017-09-14|13.18|13.53|13.13|13.47|16071700|12.40493
HPE|2017-09-15|13.37|13.56|13.32|13.52|15606000|12.450977
HPE|2017-09-18|13.57|13.72|13.51|13.54|12586100|12.469397
HPE|2017-09-19|13.56|13.64|13.47|13.49|10087500|12.423349
HPE|2017-09-20|13.58|13.68|13.5|13.63|17348000|12.552281
HPE|2017-09-21|13.6|13.9|13.51|13.79|22598600|12.699629
HPE|2017-09-22|13.86|14.29|13.82|14.26|22932500|13.132466
HPE|2017-09-25|14.19|14.72|14.17|14.7|29532200|13.537676
HPE|2017-09-26|14.74|15.08|14.69|14.89|25926100|13.712652
HPE|2017-09-27|14.89|15.12|14.82|14.85|22027400|13.675814
HPE|2017-09-28|14.84|14.94|14.565|14.57|11473100|13.417954
HPE|2017-09-29|14.6|14.75|14.54|14.71|6736900|13.546885
HPE|2017-10-02|14.68|15|14.65|14.97|13719600|13.786328
HPE|2017-10-03|14.97|14.987|14.62|14.69|10203600|13.528464
HPE|2017-10-04|14.7|14.89|14.55|14.8|7636300|13.629767
HPE|2017-10-05|14.84|14.96|14.76|14.83|7074400|13.657395
HPE|2017-10-06|14.79|14.85|14.58|14.8|11827300|13.629767
HPE|2017-10-09|14.84|14.97|14.77|14.8|6254600|13.629767
HPE|2017-10-10|14.82|15.03|14.81|14.96|9359400|13.777118
HPE|2017-10-11|14.94|15.04|14.85|14.94|10469600|13.758698
HPE|2017-10-12|14.93|14.94|14.73|14.8|8238400|13.629767
HPE|2017-10-13|14.65|15.06|14.64|14.89|9941500|13.712652
HPE|2017-10-16|14.88|14.96|14.81|14.86|6351400|13.685023
HPE|2017-10-17|14.84|14.89|14.545|14.61|12841100|13.454791
HPE|2017-10-18|14.67|14.8|14.665|14.7|6827100|13.537676
HPE|2017-10-19|14.5|14.53|13.8|13.86|23836500|12.764094
HPE|2017-10-20|13.88|14.185|13.8|14.04|12664400|12.929861
HPE|2017-10-23|14.09|14.325|14.06|14.25|8558400|13.123255
HPE|2017-10-24|14.25|14.475|14.23|14.31|8236600|13.178512
HPE|2017-10-25|14.28|14.29|13.88|14.08|15537300|12.966699
HPE|2017-10-26|14.21|14.31|14.08|14.25|7007000|13.123255
HPE|2017-10-27|14.27|14.34|14.18|14.28|7034100|13.150885
HPE|2017-10-30|14.23|14.28|13.91|13.98|11940100|12.874605
HPE|2017-10-31|14.02|14.055|13.875|13.92|10261900|12.819349
HPE|2017-11-01|13.94|13.94|13.47|13.6|15500000|12.524652
HPE|2017-11-02|13.57|13.66|13.485|13.63|17522400|12.552281
HPE|2017-11-03|13.62|13.63|13.4|13.5|9542900|12.432556
HPE|2017-11-06|13.46|13.63|13.24|13.63|9582500|12.552281
HPE|2017-11-07|13.6|13.74|13.52|13.57|7362300|12.497023
HPE|2017-11-08|13.56|13.59|13.46|13.54|7751800|12.469397
HPE|2017-11-09|13.48|13.75|13.47|13.72|6230900|12.635164
HPE|2017-11-10|13.72|13.75|13.6|13.7|4517900|12.616746
HPE|2017-11-13|13.67|13.695|13.47|13.48|14572600|12.41414
HPE|2017-11-14|13.38|13.48|13.23|13.27|11350600|12.220744
HPE|2017-11-15|13.2|13.32|13.1|13.16|12002200|12.119442
HPE|2017-11-16|13.21|13.42|13.21|13.27|14822100|12.220744
HPE|2017-11-17|13.3|13.69|13.25|13.68|12897100|12.598327
HPE|2017-11-20|13.68|14.11|13.66|14.09|12408800|12.975909
HPE|2017-11-21|14.1|14.31|14.08|14.12|13733900|13.003534
HPE|2017-11-22|13.2|13.4|12.815|13.1|41931400|12.064187
HPE|2017-11-24|13.21|13.39|13.15|13.32|8555500|12.266791
HPE|2017-11-27|13.21|13.54|13.15|13.47|13862700|12.40493
HPE|2017-11-28|13.47|13.95|13.405|13.88|16054700|12.782513
HPE|2017-11-29|13.95|14.3|13.79|13.97|12094000|12.865396
HPE|2017-11-30|13.99|14.17|13.92|13.95|15101600|12.846977
HPE|2017-12-01|13.9|14.465|13.75|14.44|18544200|13.298231
HPE|2017-12-04|14.44|14.52|14.19|14.23|11095700|13.104837
HPE|2017-12-05|14.11|14.17|14|14.08|11892800|12.966699
HPE|2017-12-06|14.02|14.23|13.99|14.16|7091000|13.040374
HPE|2017-12-07|14.2|14.27|14.125|14.22|6818700|13.09563
HPE|2017-12-08|14.23|14.39|14.23|14.34|8114600|13.20614
HPE|2017-12-11|14.25|14.59|14.23|14.58|11132200|13.427164
HPE|2017-12-12|14.45|14.57|14.35|14.5|12199800|13.422535
HPE|2017-12-13|14.46|14.55|14.32|14.32|8640800|13.255912
HPE|2017-12-14|14.3|14.38|14.22|14.24|7601000|13.181853
HPE|2017-12-15|14.29|14.48|14.255|14.41|20251000|13.339223
HPE|2017-12-18|14.45|14.93|14.43|14.9|12653300|13.792811
HPE|2017-12-19|14.88|14.9|14.74|14.8|9792600|13.700244
HPE|2017-12-20|14.79|14.79|14.635|14.71|9259700|13.616931
HPE|2017-12-21|14.71|14.85|14.665|14.72|7888300|13.626187
HPE|2017-12-22|14.71|14.82|14.68|14.71|4171700|13.616931
HPE|2017-12-26|14.69|14.785|14.67|14.74|2882800|13.644701
HPE|2017-12-27|14.72|14.75|14.61|14.67|3260500|13.579904
HPE|2017-12-28|14.69|14.7|14.555|14.61|3686400|13.524361
HPE|2017-12-29|14.67|14.67|14.36|14.36|7097200|13.292938
HPE|2018-01-02|14.43|14.63|14.38|14.61|7155700|13.524361
HPE|2018-01-03|14.6|14.75|14.54|14.7|7907200|13.607674
HPE|2018-01-04|14.7|15.07|14.655|15.06|11333500|13.940924
HPE|2018-01-05|15.06|15.19|14.96|15.05|12539400|13.931667
HPE|2018-01-08|14.95|14.97|14.645|14.82|13052100|13.718757
HPE|2018-01-09|14.85|14.98|14.81|14.85|14481200|13.746527
HPE|2018-01-10|14.76|15.31|14.76|15.19|10171300|14.061263
HPE|2018-01-11|15.2|15.49|15.17|15.45|8239900|14.301942
HPE|2018-01-12|15.45|15.87|15.42|15.81|15520700|14.635192
HPE|2018-01-16|15.82|15.915|15.715|15.81|9664400|14.635192
HPE|2018-01-17|15.86|16.1|15.82|16.07|9450300|14.875872
HPE|2018-01-18|16.030001|16.1|15.94|15.97|9774600|14.783303
HPE|2018-01-19|15.97|16.09|15.91|16.08|9139500|14.885128
HPE|2018-01-22|16.049999|16.08|15.9|16.049999|9415500|14.857357
HPE|2018-01-23|16.280001|16.719999|16.200001|16.67|14447000|15.431285
HPE|2018-01-24|16.709999|16.889999|16.6|16.68|11806000|15.440546
HPE|2018-01-25|16.709999|16.84|16.450001|16.48|7765500|15.255406
HPE|2018-01-26|16.549999|16.84|16.549999|16.709999|9762400|15.468314
HPE|2018-01-29|16.66|17.065001|16.620001|16.969999|10537100|15.708996
HPE|2018-01-30|16.85|16.906|16.395|16.540001|11202300|15.310949
HPE|2018-01-31|16.59|16.690001|16.309999|16.4|12419400|15.18135
HPE|2018-02-01|16.4|16.879999|16.32|16.790001|13494800|15.542371
HPE|2018-02-02|16.66|16.93|16.52|16.65|13334000|15.412773
HPE|2018-02-05|16.530001|16.65|15.65|15.66|15838100|14.496337
HPE|2018-02-06|15.27|15.815|14.96|15.73|16226800|14.561136
HPE|2018-02-07|15.67|15.785|15.33|15.56|13112600|14.403769
HPE|2018-02-08|15.53|15.68|15.04|15.04|12061000|13.922409
HPE|2018-02-09|15.2|15.415|14.655|15.3|16716000|14.163089
HPE|2018-02-12|15.42|15.85|15.36|15.75|7683600|14.579649
HPE|2018-02-13|15.63|15.63|15.31|15.47|13734800|14.320457
HPE|2018-02-14|15.41|16.219999|15.35|16.15|14008300|14.949926
HPE|2018-02-15|16.280001|16.48|16.040001|16.35|8201600|15.135067
HPE|2018-02-16|16.299999|16.559999|16.209999|16.389999|8506800|15.172091
HPE|2018-02-20|16.469999|16.684999|16.41|16.52|9037500|15.292435
HPE|2018-02-21|16.6|16.684999|16.219999|16.25|10906500|15.042497
HPE|2018-02-22|16.43|16.67|16.23|16.41|16299400|15.190609
HPE|2018-02-23|18.01|18.190001|17.559999|18.139999|45018300|16.792055
HPE|2018-02-26|18.040001|18.799999|18.040001|18.549999|25578200|17.171589
HPE|2018-02-27|18.5|19.129999|18.5|18.82|20981300|17.421526
HPE|2018-02-28|18.950001|19.07|18.59|18.59|17526900|17.208614
HPE|2018-03-01|18.700001|18.834999|18.139999|18.4|14072000|17.032736
HPE|2018-03-02|18.200001|18.799999|18.15|18.780001|14917400|17.384499
HPE|2018-03-05|18.77|19.1|18.74|18.98|11720600|17.569637
HPE|2018-03-06|19.01|19.475|19|19.41|11551400|17.967682
HPE|2018-03-07|19.24|19.379999|18.98|19.15|11056300|17.727003
HPE|2018-03-08|19.200001|19.23|18.844999|18.950001|10551000|17.541866
HPE|2018-03-09|19.07|19.209999|18.98|19.16|14564800|17.736261
HPE|2018-03-12|19.16|19.174999|19|19.07|10161300|17.652946
HPE|2018-03-13|19.09|19.23|18.860001|18.879999|9001700|17.546074
HPE|2018-03-14|18.98|18.99|18.735001|18.85|11582800|17.518192
HPE|2018-03-15|18.9|18.98|18.780001|18.83|15291600|17.499609
HPE|2018-03-16|18.82|19.01|18.68|18.790001|21347600|17.462433
HPE|2018-03-19|18.700001|18.83|18.5|18.700001|9447200|17.37879
HPE|2018-03-20|18.790001|18.93|18.615|18.780001|11180300|17.45314
HPE|2018-03-21|18.780001|18.889999|18.57|18.709999|10902800|17.388083
HPE|2018-03-22|18.549999|18.645|18.299999|18.32|10862300|17.025637
HPE|2018-03-23|18.370001|18.4|17.629999|17.629999|10561400|16.384386
HPE|2018-03-26|17.92|18.030001|17.575001|17.99|11003500|16.718956
HPE|2018-03-27|18.09|18.155001|17.455|17.559999|12146200|16.319334
HPE|2018-03-28|17.610001|17.799999|17.405001|17.66|14005200|16.41227
HPE|2018-03-29|17.700001|17.754999|17.455|17.540001|16009600|16.300749
HPE|2018-04-02|17.48|17.52|16.940001|17.120001|10274600|15.910426
HPE|2018-04-03|17.25|17.35|16.959999|17.139999|13363100|15.929007
HPE|2018-04-04|16.83|17.309999|16.76|17.25|13204000|16.031237
HPE|2018-04-05|17.42|17.42|17.120001|17.200001|15104800|15.984771
HPE|2018-04-06|17.040001|17.219999|16.610001|16.700001|14149100|15.520098
HPE|2018-04-09|16.73|17.209999|16.73|16.809999|8445100|15.622324
HPE|2018-04-10|17.07|17.4|17.07|17.25|15303200|16.031237
HPE|2018-04-11|17.200001|17.299999|17.091|17.24|9828500|16.021944
HPE|2018-04-12|17.35|17.6|17.33|17.41|13920700|16.179934
HPE|2018-04-13|17.51|17.51|17.18|17.4|10062600|16.170639
HPE|2018-04-16|17.450001|17.67|17.360001|17.559999|16959600|16.319334
HPE|2018-04-17|17.68|17.879999|17.620001|17.75|17144500|16.495911
HPE|2018-04-18|17.77|17.780001|17.615|17.68|9610200|16.430857
HPE|2018-04-19|17.65|17.65|17.379999|17.41|7789300|16.179934
HPE|2018-04-20|17.440001|17.450001|17.16|17.290001|7701600|16.068411
HPE|2018-04-23|17.379999|17.540001|17.305|17.42|8083000|16.189226
HPE|2018-04-24|17.5|17.68|17.25|17.360001|10102900|16.133467
HPE|2018-04-25|17.299999|17.415001|17.02|17.309999|9302400|16.086996
HPE|2018-04-26|17.389999|17.514999|17.245001|17.389999|10687300|16.161343
HPE|2018-04-27|17.639999|17.639999|17.24|17.35|8836700|16.124174
HPE|2018-04-30|17.34|17.459999|17.049999|17.049999|12473400|15.845368
HPE|2018-05-01|16.99|17.200001|16.950001|17.18|9651800|15.966184
HPE|2018-05-02|17.139999|17.26|17.07|17.120001|6367900|15.910426
HPE|2018-05-03|16.99|17.08|16.75|16.9|8031900|15.705965
HPE|2018-05-04|16.85|17.254999|16.780001|17.209999|6166900|15.994065
HPE|2018-05-07|17.24|17.450001|17.190001|17.299999|10486700|16.077703
HPE|2018-05-08|17.25|17.43|17.205|17.389999|12408100|16.161343
HPE|2018-05-09|17.4|17.67|17.34|17.6|13013900|16.356508
HPE|2018-05-10|17.67|17.700001|17.5|17.65|12298200|16.402977
HPE|2018-05-11|17.66|17.780001|17.610001|17.67|11498300|16.421562
HPE|2018-05-14|17.75|17.82|17.59|17.59|8456000|16.347216
HPE|2018-05-15|17.48|17.530001|17.285|17.4|8365700|16.170639
HPE|2018-05-16|17.41|17.68|17.370001|17.629999|15259900|16.384386
HPE|2018-05-17|17.68|17.76|17.434999|17.67|10602300|16.421562
HPE|2018-05-18|17.66|17.67|17.48|17.559999|6784900|16.319334
HPE|2018-05-21|17.66|17.74|17.48|17.51|6196800|16.272867
HPE|2018-05-22|17.549999|17.68|17.41|17.41|14421200|16.179934
HPE|2018-05-23|16.85|16.950001|15.45|15.58|56055200|14.479227
HPE|2018-05-24|15.55|15.81|15.16|15.76|29516000|14.646511
HPE|2018-05-25|15.75|15.82|15.44|15.52|14411500|14.423467
HPE|2018-05-29|15.43|15.486|15.26|15.38|9727000|14.293358
HPE|2018-05-30|15.47|15.665|15.32|15.57|12024900|14.469934
HPE|2018-05-31|15.53|15.59|15.12|15.24|14448100|14.16325
HPE|2018-06-01|15.33|15.53|15.32|15.53|10896700|14.432761
HPE|2018-06-04|15.5|15.74|15.37|15.54|12236800|14.442054
HPE|2018-06-05|15.5|16.129999|15.45|16.059999|22398000|14.925315
HPE|2018-06-06|16.110001|16.110001|15.725|16.02|12395000|14.888142
HPE|2018-06-07|15.98|16.059999|15.82|15.92|7794000|14.795205
HPE|2018-06-08|15.82|16.02|15.787|16.01|7921400|14.878848
HPE|2018-06-11|15.96|16.18|15.96|16.02|11639200|14.888142
HPE|2018-06-12|15.92|16|15.78|15.79|9010600|14.778635
HPE|2018-06-13|15.76|15.89|15.7|15.79|8437800|14.778635
HPE|2018-06-14|15.87|16.120001|15.75|15.82|11926600|14.806713
HPE|2018-06-15|15.8|15.95|15.62|15.95|25030400|14.928387
HPE|2018-06-18|15.8|16.059999|15.685|15.91|12084700|14.890949
HPE|2018-06-19|15.7|15.93|15.67|15.9|8432700|14.881589
HPE|2018-06-20|15.95|15.99|15.13|15.15|14603800|14.179626
HPE|2018-06-21|15.2|15.49|15.14|15.42|14506700|14.432334
HPE|2018-06-22|15.49|15.52|15.225|15.24|9056600|14.263864
HPE|2018-06-25|15.17|15.23|14.94|15.07|15972800|14.104752
HPE|2018-06-26|15.11|15.55|15.06|15.17|7978600|14.198346
HPE|2018-06-27|15.22|15.25|14.72|14.72|14323600|13.777169
HPE|2018-06-28|14.71|14.77|14.475|14.71|14739100|13.767809
HPE|2018-06-29|14.77|14.85|14.61|14.61|11694500|13.674215
HPE|2018-07-02|14.5|14.84|14.46|14.8|7088700|13.852045
HPE|2018-07-03|14.79|14.92|14.75|14.77|4748200|13.823969
HPE|2018-07-05|14.8|14.84|14.57|14.82|9473800|13.870764
HPE|2018-07-06|14.88|15.05|14.73|14.98|5527800|14.020514
HPE|2018-07-09|15.04|15.315|14.99|15.23|6362000|14.254502
HPE|2018-07-10|15.24|15.535|15.2|15.5|12151400|14.50721
HPE|2018-07-11|15.31|15.35|15.08|15.1|8725700|14.132831
HPE|2018-07-12|15.15|15.47|15.12|15.39|4759800|14.404255
HPE|2018-07-13|15.34|15.53|15.3|15.49|8808200|14.497849
HPE|2018-07-16|15.45|15.65|15.335|15.64|10738000|14.638242
HPE|2018-07-17|15.59|15.8|15.56|15.66|8883000|14.65696
HPE|2018-07-18|15.69|15.95|15.65|15.93|6992100|14.909668
HPE|2018-07-19|15.93|16.155001|15.61|15.64|11530100|14.638242
HPE|2018-07-20|15.59|15.615|15.405|15.47|6592600|14.479132
HPE|2018-07-23|15.41|15.55|15.27|15.47|13145600|14.479132
HPE|2018-07-24|15.61|15.665|15.25|15.3|7481700|14.320021
HPE|2018-07-25|15.24|15.49|15.23|15.48|5964900|14.48849
HPE|2018-07-26|15.49|15.77|15.48|15.69|4970600|14.68504
HPE|2018-07-27|15.76|15.89|15.53|15.59|5690100|14.591444
HPE|2018-07-30|15.58|15.64|15.32|15.45|4940000|14.460411
HPE|2018-07-31|15.45|15.55|15.37|15.44|6644700|14.451053
HPE|2018-08-01|15.42|15.61|15.37|15.45|5640200|14.460411
HPE|2018-08-02|15.35|15.57|15.32|15.55|7753100|14.554007
HPE|2018-08-03|15.61|16|15.59|15.98|7397200|14.956466
HPE|2018-08-06|15.93|16.045|15.85|16.01|5224100|14.984543
HPE|2018-08-07|16.049999|16.23|16.02|16.129999|4396500|15.096856
HPE|2018-08-08|16.139999|16.290001|16.07|16.16|4663000|15.124936
HPE|2018-08-09|16.139999|16.225|16.059999|16.110001|3503900|15.078139
HPE|2018-08-10|15.98|16.084999|15.78|15.85|5036700|14.834792
HPE|2018-08-13|15.85|15.97|15.66|15.66|5039600|14.65696
HPE|2018-08-14|15.7|16.02|15.7|15.99|5182800|14.965823
HPE|2018-08-15|15.86|16.09|15.79|16.030001|10275900|15.003263
HPE|2018-08-16|16.120001|16.389999|16.025|16.27|10663400|15.22789
HPE|2018-08-17|16.25|16.795|16.208|16.67|12400100|15.60227
HPE|2018-08-20|16.74|16.959999|16.59|16.719999|9402400|15.649067
HPE|2018-08-21|16.469999|16.469999|15.74|15.78|16634000|14.769275
HPE|2018-08-22|15.76|15.92|15.72|15.82|8331000|14.806713
HPE|2018-08-23|15.81|16.459999|15.795|16.1|15522400|15.068778
HPE|2018-08-24|16.16|16.309999|15.98|16.200001|9561000|15.162374
HPE|2018-08-27|16.370001|16.639999|16.26|16.450001|13743900|15.39636
HPE|2018-08-28|16.530001|16.799999|16.51|16.74|10950200|15.667784
HPE|2018-08-29|17.030001|17.59|16.65|16.709999|25330100|15.639707
HPE|2018-08-30|16.74|17.08|16.719999|16.790001|16188100|15.714585
HPE|2018-08-31|16.77|16.77|16.4|16.530001|10675700|15.471238
HPE|2018-09-04|16.42|16.715|16.17|16.67|10016400|15.60227
HPE|2018-09-05|16.690001|16.700001|16.24|16.59|13574000|15.527394
HPE|2018-09-06|16.559999|16.620001|16.42|16.52|8440700|15.461879
HPE|2018-09-07|16.49|16.799999|16.389999|16.530001|10228900|15.471238
HPE|2018-09-10|16.540001|16.549999|16.26|16.41|12516300|15.358924
HPE|2018-09-11|16.280001|16.48|16.16|16.450001|7953700|15.503116
HPE|2018-09-12|16.389999|16.469999|16.25|16.4|5614500|15.455995
HPE|2018-09-13|16.5|16.73|16.434999|16.540001|11155800|15.587937
HPE|2018-09-14|16.549999|16.66|16.475|16.58|8040300|15.625632
HPE|2018-09-17|16.58|16.68|16.23|16.280001|8686400|15.342903
HPE|2018-09-18|16.309999|16.68|16.264999|16.549999|6680200|15.597361
HPE|2018-09-19|16.57|16.700001|16.549999|16.639999|6871500|15.682178
HPE|2018-09-20|16.700001|16.98|16.68|16.870001|8726300|15.898941
HPE|2018-09-21|16.950001|17.27|16.92|17.02|26709600|16.04031
HPE|2018-09-24|17|17.025|16.860001|16.92|7291300|15.946062
HPE|2018-09-25|16.870001|16.965|16.530001|16.549999|17845200|15.597361
HPE|2018-09-26|16.59|16.719999|16.495001|16.51|8897900|15.559664
HPE|2018-09-27|16.629999|16.629999|16.25|16.280001|12514200|15.342903
HPE|2018-09-28|16.25|16.43|16.17|16.309999|12488000|15.371175
HPE|2018-10-01|16.370001|16.52|16.129999|16.18|9808600|15.248657
HPE|2018-10-02|16.139999|16.629999|16.139999|16.530001|9636500|15.578512
HPE|2018-10-03|16.540001|16.91|16.459999|16.75|10580100|15.785848
HPE|2018-10-04|16.790001|17|16.780001|16.85|10262800|15.880092
HPE|2018-10-05|16.809999|17.02|16.040001|16.139999|12794700|15.210961
HPE|2018-10-08|16.07|16.15|15.86|15.89|8991800|14.975351
HPE|2018-10-09|15.87|15.92|15.59|15.69|12074000|14.786862
HPE|2018-10-10|15.65|15.77|15.09|15.11|10860900|14.240249
HPE|2018-10-11|15.06|15.16|14.55|14.63|9075100|13.787878
HPE|2018-10-12|14.92|15.46|14.89|15.42|16598800|14.532404
HPE|2018-10-15|15.42|15.51|15.24|15.34|9344700|14.45701
HPE|2018-10-16|15.45|15.54|15.27|15.51|6109300|14.617225
HPE|2018-10-17|15.59|15.65|15.31|15.52|6231700|14.626649
HPE|2018-10-18|15.4|15.53|15.1|15.33|8275200|14.447585
HPE|2018-10-19|15.35|15.63|15.34|15.44|7652700|14.551253
HPE|2018-10-22|15.54|15.89|15.52|15.84|7881600|14.928229
HPE|2018-10-23|15.53|15.75|15.31|15.65|9081300|14.749164
HPE|2018-10-24|15.63|15.795|15.06|15.09|8119500|14.2214
HPE|2018-10-25|15.2|15.345|15.08|15.15|8175700|14.277946
HPE|2018-10-26|14.97|14.98|14.476|14.63|10469500|13.787878
HPE|2018-10-29|14.8|15.05|14.36|14.57|8024400|13.731331
HPE|2018-10-30|14.57|14.94|14.51|14.93|8297100|14.07061
HPE|2018-10-31|15.14|15.52|15.14|15.25|9547400|14.37219
HPE|2018-11-01|15.24|15.8|15.24|15.8|6066800|14.890531
HPE|2018-11-02|15.83|16.094999|15.735|15.89|15140700|14.975351
HPE|2018-11-05|15.89|16.01|15.68|15.93|6268100|15.013048
HPE|2018-11-06|15.93|16.07|15.83|15.88|13047300|14.965925
HPE|2018-11-07|16.030001|16.25|15.84|16.24|18460200|15.305205
HPE|2018-11-08|16.190001|16.518999|16.15|16.25|7195500|15.314629
HPE|2018-11-09|16.129999|16.195|15.565|15.72|10721500|14.815136
HPE|2018-11-12|15.58|15.605|15.19|15.28|9571300|14.400463
HPE|2018-11-13|15.31|15.61|15.245|15.34|9517000|14.45701
HPE|2018-11-14|15.48|15.675|15.11|15.15|16235400|14.277946
HPE|2018-11-15|15.07|15.48|14.89|15.32|15280000|14.438161
HPE|2018-11-16|15.28|15.35|15.1|15.2|11150600|14.325067
HPE|2018-11-19|15.1|15.215|14.7|14.83|12707700|13.976366
HPE|2018-11-20|14.6|14.8|14.405|14.53|11300700|13.693634
HPE|2018-11-21|14.64|14.93|14.63|14.7|8652300|13.853848
HPE|2018-11-23|14.56|14.715|14.49|14.54|2909400|13.703059
HPE|2018-11-26|14.72|14.985|14.69|14.91|9953900|14.05176
HPE|2018-11-27|14.79|15.06|14.76|15.06|7771900|14.193127
HPE|2018-11-28|15.18|15.46|14.9|15.46|13439200|14.570102
HPE|2018-11-29|15.4|15.42|15.1|15.12|10922000|14.249672
HPE|2018-11-30|15.09|15.14|14.77|15|20963100|14.136581
HPE|2018-12-03|15.26|15.53|15.22|15.5|14845100|14.6078
HPE|2018-12-04|15.42|15.54|14.98|15.05|18349500|14.183702
HPE|2018-12-06|14.81|16.26|14.56|16.02|29136600|15.097869
HPE|2018-12-07|15.97|15.97|14.66|14.71|18469900|13.863272
HPE|2018-12-10|14.62|14.845|14.19|14.57|14047500|13.731331
HPE|2018-12-11|14.58|14.83|14.38|14.74|16343600|14.000127
HPE|2018-12-12|14.96|14.99|14.63|14.64|14122900|13.905146
HPE|2018-12-13|14.65|14.93|14.44|14.49|12862100|13.762676
HPE|2018-12-14|14.35|14.46|14.2|14.22|11166200|13.506228
HPE|2018-12-17|14.17|14.27|13.55|13.59|17072700|12.90785
HPE|2018-12-18|13.71|13.93|13.54|13.63|12805000|12.945843
HPE|2018-12-19|13.59|13.84|13.07|13.17|14299900|12.508932
HPE|2018-12-20|13.08|13.16|12.595|12.65|18528300|12.015032
HPE|2018-12-21|12.66|13|12.485|12.61|25427500|11.977042
HPE|2018-12-24|12.46|12.595|12.225|12.27|5400200|11.654109
HPE|2018-12-26|12.34|12.86|12.087|12.81|10312200|12.167004
HPE|2018-12-27|12.69|13.12|12.54|13.1|8150300|12.442446
HPE|2018-12-28|13.21|13.315|12.97|13.03|8727000|12.375959
HPE|2018-12-31|13.17|13.255|13.03|13.21|6453800|12.546926
HPE|2019-01-02|12.95|13.64|12.95|13.46|10865500|12.784375
HPE|2019-01-03|13.28|13.37|12.93|13.18|11921700|12.518431
HPE|2019-01-04|13.51|13.92|13.45|13.8|11277100|13.107309
HPE|2019-01-07|13.82|14.17|13.75|14.07|8027500|13.363756
HPE|2019-01-08|14.19|14.31|13.685|13.8|12732500|13.107309
HPE|2019-01-09|13.88|14.195|13.88|14.06|7668100|13.354258
HPE|2019-01-10|13.99|14.14|13.88|14.13|8556200|13.420744
HPE|2019-01-11|14.04|14.26|13.89|14.24|6507200|13.525224
HPE|2019-01-14|14.11|14.307|14.01|14.16|8960300|13.449241
HPE|2019-01-15|14.21|14.49|14.17|14.44|6786400|13.715184
HPE|2019-01-16|13.77|14.37|13.73|14.32|12256800|13.601207
HPE|2019-01-17|14.26|14.4|14.1|14.27|6240000|13.553718
HPE|2019-01-18|14.38|14.75|14.38|14.68|8935900|13.943138
HPE|2019-01-22|14.66|14.66|14.35|14.45|9537600|13.724682
HPE|2019-01-23|14.52|14.69|14.32|14.44|6831400|13.715184
HPE|2019-01-24|14.48|14.88|14.44|14.76|7087900|14.019122
HPE|2019-01-25|14.94|15.38|14.905|15.35|17843400|14.579508
HPE|2019-01-28|15.11|15.67|15.07|15.66|29335800|14.873946
HPE|2019-01-29|15.75|15.86|15.365|15.37|20884100|14.598504
HPE|2019-01-30|15.48|15.67|15.275|15.52|7852300|14.740974
HPE|2019-01-31|15.47|15.65|15.35|15.59|11945800|14.80746
HPE|2019-02-01|15.69|15.81|15.565|15.69|9152100|14.90244
HPE|2019-02-04|15.73|15.85|15.58|15.79|9193800|14.997421
HPE|2019-02-05|15.79|16.099001|15.78|15.89|6625700|15.092402
HPE|2019-02-06|15.94|16.190001|15.9|16.09|7159000|15.282363
HPE|2019-02-07|15.91|16.094999|15.75|15.85|6135500|15.054411
HPE|2019-02-08|15.66|15.925|15.62|15.92|7984700|15.120896
HPE|2019-02-11|15.91|16.045|15.83|15.84|7940000|15.044912
HPE|2019-02-12|16.01|16.15|15.97|16|13904500|15.196879
HPE|2019-02-13|16.1|16.24|16.030001|16.049999|11945600|15.244369
HPE|2019-02-14|15.91|16.129999|15.86|15.99|7968600|15.187382
HPE|2019-02-15|16.110001|16.24|15.99|16.09|11932700|15.282363
HPE|2019-02-19|16.030001|16.129999|15.98|16.09|8588900|15.282363
HPE|2019-02-20|16.1|16.219999|16.030001|16.049999|9809100|15.244369
HPE|2019-02-21|16.110001|16.389999|16.030001|16.23|15909700|15.415336
HPE|2019-02-22|16.5|16.5|16.01|16.32|22478500|15.500817
HPE|2019-02-25|16.35|16.92|16.344999|16.76|13110200|15.918734
HPE|2019-02-26|16.73|16.969999|16.709999|16.799999|10049500|15.956727
HPE|2019-02-27|16.75|16.815001|16.695|16.700001|8381300|15.861744
HPE|2019-02-28|16.6|16.65|16.34|16.379999|13489400|15.557807
HPE|2019-03-01|16.540001|16.540001|16.254999|16.379999|21879800|15.557807
HPE|2019-03-04|16.450001|16.52|15.94|16.16|14646300|15.34885
HPE|2019-03-05|16.09|16.24|15.92|16.139999|15853200|15.329854
HPE|2019-03-06|16.110001|16.139999|15.94|15.96|6343400|15.158888
HPE|2019-03-07|15.86|15.94|15.6|15.67|14207900|14.883446
HPE|2019-03-08|15.52|15.665|15.415|15.61|7801900|14.826456
HPE|2019-03-11|15.64|15.93|15.635|15.89|11689000|15.092402
HPE|2019-03-12|15.35|15.49|15.13|15.31|17676400|14.645666
HPE|2019-03-13|15.38|15.59|15.32|15.52|11306000|14.846555
HPE|2019-03-14|15.59|15.715|15.49|15.66|10097400|14.980477
HPE|2019-03-15|15.66|16.105|15.66|16.07|20228300|15.372687
HPE|2019-03-18|16|16.110001|15.74|15.84|11519400|15.152667
HPE|2019-03-19|15.9|16.040001|15.831|15.88|15502600|15.190931
HPE|2019-03-20|15.87|16.040001|15.77|15.87|10351700|15.181366
HPE|2019-03-21|15.89|16.120001|15.89|16.02|17721300|15.324859
HPE|2019-03-22|15.8|15.94|15.27|15.29|12345200|14.626534
HPE|2019-03-25|15.3|15.38|15.05|15.15|12410800|14.492608
HPE|2019-03-26|15.19|15.455|15.18|15.31|9274600|14.645666
HPE|2019-03-27|15.36|15.435|15.17|15.26|7722000|14.597836
HPE|2019-03-28|15.35|15.535|15.23|15.26|9649400|14.597836
HPE|2019-03-29|15.42|15.46|15.325|15.43|9937300|14.760459
HPE|2019-04-01|15.55|15.91|15.54|15.9|10995700|15.210065
HPE|2019-04-02|15.93|16.01|15.815|15.82|6484600|15.133536
HPE|2019-04-03|16.02|16.08|15.74|15.85|12210800|15.162234
HPE|2019-04-04|15.9|16.110001|15.85|16.07|9514000|15.372687
HPE|2019-04-05|16.01|16.17|16|16.15|6083900|15.449216
HPE|2019-04-08|16.139999|16.26|16.062|16.190001|6414100|15.48748
HPE|2019-04-09|16.120001|16.139999|15.9|15.95|5019000|15.257895
HPE|2019-04-10|15.97|16.27|15.94|16.27|5654600|15.56401
HPE|2019-04-11|16.18|16.325001|16.1|16.27|6985300|15.56401
HPE|2019-04-12|16.389999|16.48|16.290001|16.4|5240100|15.688369
HPE|2019-04-15|16.360001|16.5|16.360001|16.49|5233300|15.774464
HPE|2019-04-16|16.5|16.695|16.48|16.6|14190900|15.87969
HPE|2019-04-17|16.629999|16.690001|16.43|16.57|9137100|15.850991
HPE|2019-04-18|16.59|16.709999|16.514999|16.66|9627200|15.937086
HPE|2019-04-22|16.66|16.68|16.58|16.59|5423700|15.870123
HPE|2019-04-23|16.610001|16.690001|16.5|16.530001|10311800|15.812729
HPE|2019-04-24|16.51|16.610001|16.26|16.27|9147100|15.56401
HPE|2019-04-25|16.26|16.309999|15.935|16.01|9782100|15.315291
HPE|2019-04-26|15.87|15.94|15.595|15.77|11613400|15.085706
HPE|2019-04-29|15.73|15.965|15.67|15.71|7794900|15.02831
HPE|2019-04-30|15.68|15.81|15.53|15.81|10384900|15.12397
HPE|2019-05-01|15.95|16.07|15.78|15.79|6609900|15.104837
HPE|2019-05-02|15.81|15.97|15.64|15.74|5105200|15.057008
HPE|2019-05-03|15.78|15.96|15.77|15.93|5138900|15.238762
HPE|2019-05-06|15.59|15.73|15.45|15.66|5543600|14.980477
HPE|2019-05-07|15.47|15.62|15.33|15.43|7565500|14.760459
HPE|2019-05-08|15.42|15.54|15.33|15.35|5554900|14.683929
HPE|2019-05-09|15.17|15.23|14.865|15.22|7525300|14.559571
HPE|2019-05-10|15.08|15.185|14.77|14.79|14643500|14.14823
HPE|2019-05-13|14.45|14.53|14.09|14.16|12346300|13.545566
HPE|2019-05-14|14.19|14.395|14.19|14.24|9175600|13.622096
HPE|2019-05-15|14.06|14.445|14.05|14.42|15286000|13.794284
HPE|2019-05-16|14.44|14.68|14.43|14.53|14153400|13.899511
HPE|2019-05-17|14.62|14.92|14.47|14.62|16330300|13.985606
HPE|2019-05-20|14.4|14.87|14.37|14.75|11407900|14.109965
HPE|2019-05-21|14.88|15.31|14.86|15.25|11137600|14.588269
HPE|2019-05-22|15.17|15.21|14.67|14.71|8819400|14.071701
HPE|2019-05-23|14.52|14.54|14.27|14.32|12423700|13.698624
HPE|2019-05-24|14.28|15.17|14.28|14.39|24819200|13.765587
HPE|2019-05-28|14.44|14.63|14.145|14.17|16535100|13.555133
HPE|2019-05-29|14.06|14.285|13.99|14.13|8328800|13.516869
HPE|2019-05-30|14.25|14.36|14.135|14.22|9041300|13.602963
HPE|2019-05-31|13.95|13.98|13.59|13.72|13987000|13.12466
HPE|2019-06-03|13.74|13.875|13.55|13.69|11098000|13.095962
HPE|2019-06-04|13.85|14.175|13.82|14.13|8911000|13.516869
HPE|2019-06-05|14.33|14.36|13.92|14.09|8914100|13.478604
HPE|2019-06-06|13.99|14.055|13.69|13.99|10444300|13.382942
HPE|2019-06-07|13.98|14.16|13.89|14.09|8912000|13.478604
HPE|2019-06-10|14.18|14.39|14.18|14.26|8844800|13.641227
HPE|2019-06-11|14.27|14.409|14.11|14.26|7146300|13.750188
HPE|2019-06-12|14.25|14.31|14.11|14.14|5917600|13.634478
HPE|2019-06-13|14.21|14.36|14.17|14.35|7195300|13.83697
HPE|2019-06-14|14.25|14.25|14.05|14.15|5930300|13.644119
HPE|2019-06-17|14.18|14.43|14.11|14.3|9903400|13.788758
HPE|2019-06-18|14.41|14.74|14.375|14.59|8172200|14.06839
HPE|2019-06-19|14.67|14.84|14.61|14.71|9637200|14.184099
HPE|2019-06-20|14.98|15.04|14.74|15|10038200|14.463731
HPE|2019-06-21|15.03|15.06|14.84|14.94|15542100|14.405876
HPE|2019-06-24|15.02|15.11|14.95|15.01|6810300|14.473374
HPE|2019-06-25|14.96|15.015|14.75|14.76|8223300|14.232312
HPE|2019-06-26|14.87|15.12|14.86|14.96|8407600|14.425162
HPE|2019-06-27|14.99|15.22|14.94|14.97|6214500|14.434804
HPE|2019-06-28|15.03|15.17|14.94|14.95|20533100|14.415519
HPE|2019-07-01|15.24|15.485|15.04|15.14|10223800|14.598727
HPE|2019-07-02|15.13|15.22|14.965|15.08|7444700|14.540873
HPE|2019-07-03|15.07|15.315|15.045|15.29|6049000|14.743364
HPE|2019-07-05|15.16|15.29|15.025|15.17|6018500|14.627655
HPE|2019-07-08|15.08|15.08|14.855|15.03|7342700|14.492659
HPE|2019-07-09|14.92|14.94|14.655|14.87|7482600|14.33838
HPE|2019-07-10|15.01|15.13|14.76|14.77|7082100|14.241955
HPE|2019-07-11|14.79|14.875|14.48|14.6|12929500|14.078032
HPE|2019-07-12|14.64|14.975|14.64|14.91|8061900|14.376949
HPE|2019-07-15|14.89|15.05|14.87|14.96|4655900|14.425162
HPE|2019-07-16|14.98|15.03|14.785|14.81|6996500|14.280525
HPE|2019-07-17|14.8|14.85|14.67|14.69|7100800|14.164815
HPE|2019-07-18|14.61|14.82|14.6|14.75|8277300|14.22267
HPE|2019-07-19|14.79|14.96|14.78|14.84|5765000|14.309452
HPE|2019-07-22|14.8|14.87|14.26|14.3|11954800|13.788758
HPE|2019-07-23|14.4|14.655|14.37|14.61|8771300|14.087673
HPE|2019-07-24|14.64|14.845|14.59|14.74|8067900|14.213027
HPE|2019-07-25|14.72|14.72|14.435|14.51|8822700|13.99125
HPE|2019-07-26|14.54|14.73|14.46|14.63|6893000|14.106959
HPE|2019-07-29|14.59|14.745|14.56|14.66|6046500|14.135887
HPE|2019-07-30|14.56|14.76|14.51|14.61|5362900|14.087673
HPE|2019-07-31|14.63|14.665|14.23|14.37|8325300|13.856254
HPE|2019-08-01|14.33|14.709|14.105|14.14|7903700|13.634478
HPE|2019-08-02|13.74|13.84|13.02|13.27|21673400|12.795582
HPE|2019-08-05|13.02|13.11|12.611|12.9|15207900|12.438809
HPE|2019-08-06|13.17|13.2|12.92|13.07|9594600|12.602732
HPE|2019-08-07|12.88|13.14|12.77|13.06|8026100|12.593089
HPE|2019-08-08|13.14|13.58|13.11|13.55|10874400|13.065572
HPE|2019-08-09|13.46|13.55|13.29|13.39|11271600|12.911292
HPE|2019-08-12|13.24|13.29|13|13.08|6964700|12.612373
HPE|2019-08-13|13.09|13.68|13.03|13.4|11899900|12.920934
HPE|2019-08-14|13.11|13.16|12.84|12.86|11300900|12.400239
HPE|2019-08-15|12.88|12.97|12.52|12.68|11024400|12.226675
HPE|2019-08-16|12.8|12.885|12.73|12.8|10818700|12.342384
HPE|2019-08-19|12.99|13.22|12.99|13.11|7196200|12.6413
HPE|2019-08-20|12.94|13.06|12.87|12.94|5084400|12.477378
HPE|2019-08-21|13.13|13.235|12.94|13.07|7453000|12.602732
HPE|2019-08-22|13.16|13.32|13.03|13.25|7900700|12.776297
HPE|2019-08-23|13.03|13.28|12.69|12.75|12131000|12.294172
HPE|2019-08-26|12.92|13.06|12.79|12.94|8709600|12.477378
HPE|2019-08-27|13.05|13.17|12.87|12.93|14197700|12.467737
HPE|2019-08-28|13.5|13.829|13.09|13.37|15022500|12.892007
HPE|2019-08-29|13.69|13.82|13.63|13.68|11195600|13.190924
HPE|2019-08-30|13.85|13.92|13.68|13.82|8841100|13.325919
HPE|2019-09-03|13.67|13.75|13.375|13.49|7907500|13.007716
HPE|2019-09-04|13.61|13.78|13.53|13.75|6934000|13.258421
HPE|2019-09-05|13.95|14.5|13.91|14.4|9380500|13.885181
HPE|2019-09-06|14.47|14.61|14.39|14.57|8599500|14.049105
HPE|2019-09-09|14.66|15.04|14.63|14.95|12951200|14.415519
HPE|2019-09-10|14.86|15.17|14.86|15.09|10404700|14.661332
HPE|2019-09-11|15.15|15.4|14.92|15.37|7938900|14.933378
HPE|2019-09-12|15.34|15.455|15.1|15.36|8500800|14.923661
HPE|2019-09-13|15.35|15.4|15.21|15.32|9229000|14.884799
HPE|2019-09-16|15.19|15.37|15.09|15.12|11458500|14.690479
HPE|2019-09-17|15.01|15.01|14.75|14.99|7239300|14.564173
HPE|2019-09-18|14.87|14.99|14.62|14.74|12714800|14.321275
HPE|2019-09-19|14.79|14.97|14.69|14.85|14516200|14.42815
HPE|2019-09-20|14.87|14.93|14.35|14.43|19541900|14.020082
HPE|2019-09-23|14.3|14.485|14.21|14.4|11750000|13.990932
HPE|2019-09-24|14.43|14.57|14.14|14.25|16093600|13.845194
HPE|2019-09-25|14.25|14.67|14.19|14.59|8018700|14.175536
HPE|2019-09-26|14.53|14.7|14.35|14.63|6972100|14.214399
HPE|2019-09-27|14.74|15.1|14.69|15|10224700|14.573888
HPE|2019-09-30|15|15.32|14.99|15.17|11141900|14.73906
HPE|2019-10-01|15.31|15.395|14.64|14.65|7893900|14.233831
HPE|2019-10-02|14.53|14.555|14.31|14.44|7444400|14.029797
HPE|2019-10-03|14.39|14.5|14.05|14.5|5705100|14.088093
HPE|2019-10-04|14.51|14.51|14.245|14.4|9735000|13.990932
HPE|2019-10-07|14.4|14.665|14.33|14.35|8194000|13.942354
HPE|2019-10-08|14.19|14.215|13.82|13.85|11912400|13.456558
HPE|2019-10-09|13.97|14.225|13.95|14.07|6318600|13.670307
HPE|2019-10-10|14.01|14.25|13.98|14.11|4448400|13.709171
HPE|2019-10-11|14.36|14.535|14.28|14.35|6507200|13.942354
HPE|2019-10-14|14.62|14.95|14.59|14.95|8724200|14.525309
HPE|2019-10-15|14.94|15.27|14.69|15.14|7585800|14.709912
HPE|2019-10-16|15.17|15.215|15.04|15.09|5205500|14.661332
HPE|2019-10-17|15.08|15.29|15.025|15.21|4793500|14.777923
HPE|2019-10-18|15.23|15.39|15.2|15.35|9987100|14.913947
HPE|2019-10-21|15.85|16.41|15.79|15.97|19431100|15.516335
HPE|2019-10-22|16.02|16.09|15.87|15.95|10852100|15.496902
HPE|2019-10-23|15.9|16.200001|15.7|16.02|10984200|15.564914
HPE|2019-10-24|16.17|16.235001|15.675|15.89|8343400|15.438605
HPE|2019-10-25|15.91|16.200001|15.9|16.16|6349000|15.700935
HPE|2019-10-28|16.280001|16.478001|16.27|16.43|5537100|15.963267
HPE|2019-10-29|16.32|16.545|16.219999|16.459999|6490400|15.992414
HPE|2019-10-30|16.48|16.48|16.190001|16.309999|6452200|15.846674
HPE|2019-10-31|16.35|16.43|16.1|16.41|5724900|15.943834
HPE|2019-11-01|16.1|16.530001|15.81|16.5|6996900|16.031277
HPE|2019-11-04|16.59|16.799999|16.59|16.65|10539600|16.177017
HPE|2019-11-05|16.780001|16.940001|16.764999|16.83|13439800|16.351904
HPE|2019-11-06|16.959999|17.030001|16.82|16.940001|12812800|16.458778
HPE|2019-11-07|17.08|17.35|17.02|17.18|9108800|16.691961
HPE|2019-11-08|17.18|17.440001|17.049999|17.43|5901700|16.934858
HPE|2019-11-11|17.440001|17.59|17.33|17.459999|5640100|16.964005
HPE|2019-11-12|17.51|17.540001|17.26|17.34|8409400|16.847416
HPE|2019-11-13|17.27|17.32|17.139999|17.23|8627200|16.74054
HPE|2019-11-14|17.16|17.200001|16.98|17.030001|11010500|16.546223
HPE|2019-11-15|17.15|17.27|17.040001|17.23|9913400|16.74054
HPE|2019-11-18|17.219999|17.280001|17.059999|17.280001|8227500|16.78912
HPE|2019-11-19|17.34|17.58|17.27|17.440001|9109700|16.944574
HPE|2019-11-20|17.360001|17.4|17.049999|17.120001|6433900|16.633667
HPE|2019-11-21|17.07|17.23|16.99|17.08|5434900|16.594801
HPE|2019-11-22|17.120001|17.285|17.040001|17.120001|6688600|16.633667
HPE|2019-11-25|17.16|17.459999|17.01|17.450001|11373800|16.95429
HPE|2019-11-26|16.48|16.67|15.75|15.97|27706700|15.516335
HPE|2019-11-27|15.93|15.98|15.78|15.94|8446600|15.487185
HPE|2019-11-29|15.9|16.040001|15.805|15.83|4805700|15.38031
HPE|2019-12-02|15.83|15.99|15.75|15.76|9736300|15.3123
HPE|2019-12-03|15.5|15.62|15.365|15.61|6523900|15.16656
HPE|2019-12-04|15.68|15.88|15.68|15.74|5239400|15.292868
HPE|2019-12-05|15.84|15.97|15.8|15.93|8002400|15.47747
HPE|2019-12-06|16.040001|16.110001|15.88|15.91|5307300|15.458038
HPE|2019-12-09|15.84|16.01|15.755|15.89|6715500|15.438605
HPE|2019-12-10|15.75|15.95|15.71|15.84|6885000|15.507135
HPE|2019-12-11|15.88|16.09|15.84|15.87|6725600|15.536504
HPE|2019-12-12|15.87|16.440001|15.865|16.4|9032500|16.055367
HPE|2019-12-13|16.370001|16.450001|15.99|16.030001|7430600|15.693143
HPE|2019-12-16|16.110001|16.35|16.07|16.08|6902500|15.742091
HPE|2019-12-17|16.08|16.1|15.81|15.84|8874700|15.507135
HPE|2019-12-18|15.8|16.17|15.78|15.91|10688600|15.575665
HPE|2019-12-19|15.88|15.995|15.68|15.74|10615100|15.409237
HPE|2019-12-20|15.82|15.85|15.58|15.58|19504300|15.252599
HPE|2019-12-23|15.61|15.905|15.54|15.84|10093700|15.507135
HPE|2019-12-24|15.82|15.98|15.805|15.92|2022600|15.585454
HPE|2019-12-26|15.94|15.99|15.9|15.96|3502100|15.624614
HPE|2019-12-27|16.02|16.110001|15.87|15.9|7395400|15.565874
HPE|2019-12-30|15.92|15.99|15.69|15.78|10155500|15.448396
HPE|2019-12-31|15.69|15.9|15.62|15.86|7338500|15.526714
HPE|2020-01-02|16|16.18|15.97|16.17|8601700|15.8302
HPE|2020-01-03|15.9|15.96|15.71|15.77|7802100|15.438606
HPE|2020-01-06|15.61|15.78|15.59|15.72|9155300|15.389657
HPE|2020-01-07|15.69|15.765|15.57|15.64|8548500|15.311337
HPE|2020-01-08|15.57|15.805|15.49|15.76|7624900|15.428817
HPE|2020-01-09|15.8|15.8|15.45|15.67|10668500|15.340707
HPE|2020-01-10|15.67|15.74|15.46|15.47|7536800|15.14491
HPE|2020-01-13|15.47|15.66|15.45|15.55|10123800|15.223229
HPE|2020-01-14|15.57|15.67|15.5|15.54|7669100|15.213439
HPE|2020-01-15|15.5|15.65|15.43|15.49|6933900|15.16449
HPE|2020-01-16|15.6|15.8|15.515|15.77|6821800|15.438606
HPE|2020-01-17|15.79|15.79|14.98|15.1|18728200|14.782686
HPE|2020-01-21|15.01|15.04|14.74|14.9|13327600|14.586888
HPE|2020-01-22|14.96|15.07|14.9|15.03|12116300|14.714156
HPE|2020-01-23|15.04|15.178|14.79|15.16|6112100|14.841425
HPE|2020-01-24|15.15|15.22|14.695|14.76|9582700|14.44983
HPE|2020-01-27|14.46|14.63|14.3|14.52|11602000|14.214874
HPE|2020-01-28|14.58|14.74|14.52|14.62|6350800|14.312772
HPE|2020-01-29|14.75|14.75|14.41|14.42|7123700|14.116975
HPE|2020-01-30|14.26|14.51|14.15|14.42|6938000|14.116975
HPE|2020-01-31|14.31|14.34|13.81|13.93|12204300|13.637272
HPE|2020-02-03|14.06|14.44|14.01|14.14|9186200|13.842859
HPE|2020-02-04|14.47|14.715|14.38|14.42|8307900|14.116975
HPE|2020-02-05|14.6|14.91|14.6|14.89|7683700|14.577099
HPE|2020-02-06|14.99|15.08|14.8|14.92|6328900|14.606468
HPE|2020-02-07|14.74|14.79|14.64|14.74|6361800|14.43025
HPE|2020-02-10|14.65|14.78|14.55|14.77|6762800|14.45962
HPE|2020-02-11|14.86|14.985|14.8|14.87|4978600|14.557519
HPE|2020-02-12|14.99|15.18|14.95|15.03|7822300|14.714156
HPE|2020-02-13|14.8|14.82|14.55|14.7|9028500|14.391091
HPE|2020-02-14|14.73|14.82|14.35|14.44|8115900|14.136555
HPE|2020-02-18|14.25|14.4|14.21|14.38|5494800|14.077816
HPE|2020-02-19|14.38|14.55|14.37|14.47|7303100|14.165925
HPE|2020-02-20|14.42|14.66|14.37|14.47|9141800|14.165925
HPE|2020-02-21|14.34|14.45|14.09|14.18|8480200|13.882018
HPE|2020-02-24|13.74|14.02|13.61|13.71|11045100|13.421895
HPE|2020-02-25|13.78|13.79|13.19|13.33|11244300|13.04988
HPE|2020-02-26|13.44|13.57|13.01|13.04|10242600|12.765975
HPE|2020-02-27|12.75|13.08|12.52|12.58|12311300|12.315641
HPE|2020-02-28|12.28|12.8|12.06|12.79|23358000|12.521229
HPE|2020-03-02|12.79|12.89|12.34|12.89|15540800|12.619127
HPE|2020-03-03|12.62|13.33|12.425|12.59|15309400|12.325432
HPE|2020-03-04|11.9|12.28|11.43|12.26|26220800|12.002366
HPE|2020-03-05|11.8|11.97|11.63|11.79|17618300|11.542242
HPE|2020-03-06|11.45|12.075|11.4|11.99|16163800|11.73804
HPE|2020-03-09|11.19|11.51|10.75|11.14|14914600|10.905902
HPE|2020-03-10|11.39|11.595|10.94|11.52|14684200|11.400725
HPE|2020-03-11|11.2|11.22|10.5|10.57|16335600|10.460561
HPE|2020-03-12|9.78|9.95|8.98|9.12|16073900|9.025574
HPE|2020-03-13|9.69|9.89|8.94|9.86|13959100|9.757912
HPE|2020-03-16|8.56|8.85|7.59|8.35|20677100|8.263547
HPE|2020-03-17|8.49|8.66|7.68|8.27|16205300|8.184375
HPE|2020-03-18|7.81|8.67|7.43|8.53|16350700|8.441682
HPE|2020-03-19|8.29|9.31|7.88|9.11|17683900|9.015677
HPE|2020-03-20|9.36|9.46|8.61|8.63|19963400|8.540648
HPE|2020-03-23|8.54|8.73|7.654|7.83|12308900|7.74893
HPE|2020-03-24|8.27|8.97|8.22|8.94|12485900|8.847437
HPE|2020-03-25|9|10.08|8.815|9.39|16421400|9.292779
HPE|2020-03-26|9.56|10.61|9.46|10.53|13077200|10.420975
HPE|2020-03-27|10.02|10.255|9.58|9.82|12549000|9.718326
HPE|2020-03-30|9.8|10.22|9.46|10.05|10077300|9.945945
HPE|2020-03-31|10.09|10.16|9.675|9.71|9300000|9.609466
HPE|2020-04-01|9.16|9.74|9.09|9.58|11509900|9.480811
HPE|2020-04-02|9.5|9.89|9.1|9.38|8233400|9.282882
HPE|2020-04-03|9.36|9.61|9.21|9.3|6826800|9.203711
HPE|2020-04-06|9.95|10.16|9.61|9.83|10453600|9.728223
HPE|2020-04-07|10.23|10.39|9.65|9.66|10484500|9.559982
HPE|2020-04-08|9.79|10.32|9.76|10.23|5841500|10.124081
HPE|2020-04-09|10.44|10.8|10.42|10.53|12500600|10.420975
HPE|2020-04-13|10.48|10.6|10.175|10.36|6937300|10.252735
HPE|2020-04-14|10.62|10.76|10.32|10.36|8921000|10.252735
HPE|2020-04-15|10.01|10.035|9.355|9.52|16451900|9.421432
HPE|2020-04-16|9.58|9.58|9.2|9.32|11236200|9.223503
HPE|2020-04-17|9.49|9.8|9.47|9.71|9960300|9.609466
HPE|2020-04-20|9.45|9.75|9.27|9.36|8651400|9.263088
HPE|2020-04-21|9.17|9.23|8.98|9.05|7682100|8.956299
HPE|2020-04-22|9.33|9.36|8.95|9.03|9059000|8.936505
HPE|2020-04-23|9.06|9.48|9.06|9.27|8468600|9.174022
HPE|2020-04-24|9.28|9.58|9.24|9.53|9376500|9.431329
HPE|2020-04-27|9.41|9.73|9.38|9.66|6455000|9.559982
HPE|2020-04-28|9.83|10.03|9.75|9.8|8553000|9.698533
HPE|2020-04-29|10.09|10.43|10.08|10.31|10508100|10.203254
HPE|2020-04-30|10.22|10.24|9.99|10.06|8169100|9.955842
HPE|2020-05-01|9.81|9.82|9.35|9.48|6454100|9.381846
HPE|2020-05-04|9.35|9.46|9.12|9.38|6867500|9.282882
HPE|2020-05-05|9.53|9.72|9.39|9.41|5361900|9.312572
HPE|2020-05-06|9.47|9.56|9.2|9.35|8741200|9.253193
HPE|2020-05-07|9.46|9.74|9.45|9.58|7816100|9.480811
HPE|2020-05-08|9.76|10.28|9.71|10.25|7173500|10.143874
HPE|2020-05-11|10.08|10.122|9.66|9.73|7776300|9.629257
HPE|2020-05-12|9.79|9.93|9.48|9.48|8668300|9.381846
HPE|2020-05-13|9.45|9.45|9.01|9.08|9420800|8.985988
HPE|2020-05-14|8.96|9.2|8.62|9.17|8108800|9.075056
HPE|2020-05-15|9.04|9.15|8.89|9.11|6691300|9.015677
HPE|2020-05-18|9.43|10.03|9.4|9.99|11822800|9.886566
HPE|2020-05-19|9.93|10.19|9.66|10.04|8220800|9.936049
HPE|2020-05-20|10.1|10.3|10.045|10.28|7696000|10.173563
HPE|2020-05-21|10.25|10.45|10.205|10.36|11153900|10.252735
HPE|2020-05-22|9.4|9.66|9.03|9.17|28856500|9.075056
HPE|2020-05-26|9.45|9.55|9.33|9.42|22433200|9.322468
HPE|2020-05-27|9.55|9.76|9.47|9.76|14601600|9.658948
HPE|2020-05-28|9.76|9.83|9.47|9.59|16005300|9.490707
HPE|2020-05-29|9.52|9.755|9.38|9.71|23840800|9.609466
HPE|2020-06-01|9.67|9.93|9.55|9.76|11042300|9.658948
HPE|2020-06-02|9.87|9.99|9.8|9.95|10944300|9.84698
HPE|2020-06-03|10.03|10.445|9.98|10.34|11925600|10.232943
HPE|2020-06-04|10.2|10.53|10.13|10.48|13596000|10.371492
HPE|2020-06-05|11.17|11.38|10.96|11.11|16560200|10.994969
HPE|2020-06-08|11.46|11.71|11.28|11.59|17123900|11.47
HPE|2020-06-09|11.2|11.21|10.92|11.02|13803600|11.02
HPE|2020-06-10|10.91|10.99|10.6|10.7|12908400|10.7
HPE|2020-06-11|10.06|10.21|9.69|9.75|21903500|9.75
HPE|2020-06-12|10.19|10.27|9.81|10.15|14444900|10.15
HPE|2020-06-15|9.89|10.285|9.84|10.21|15890400|10.21
HPE|2020-06-16|10.61|10.74|10.32|10.41|12433400|10.41
HPE|2020-06-17|10.44|10.49|10|10.04|15293100|10.04
HPE|2020-06-18|9.94|10.245|9.84|10.14|13211300|10.14
HPE|2020-06-19|10.34|10.37|9.74|9.82|26732700|9.82
HPE|2020-06-22|9.79|9.815|9.61|9.71|11991600|9.71
HPE|2020-06-23|9.86|10|9.65|9.67|16645400|9.67
HPE|2020-06-24|9.56|9.59|9.25|9.27|16171700|9.27
HPE|2020-06-25|9.19|9.52|8.97|9.47|14374000|9.47
HPE|2020-06-26|9.4|9.52|9.321|9.5|13084400|9.5
HPE|2020-06-29|9.58|9.64|9.39|9.58|9435900|9.58
HPE|2020-06-30|9.54|9.76|9.51|9.73|10092000|9.73
HPE|2020-07-01|9.72|9.76|9.35|9.42|9192700|9.42
HPE|2020-07-02|9.59|9.745|9.38|9.41|9605700|9.41
HPE|2020-07-06|9.6|9.67|9.45|9.59|8967700|9.59
HPE|2020-07-07|9.48|9.52|9.055|9.07|10733300|9.07
HPE|2020-07-08|9.13|9.25|8.97|9.21|8795900|9.21
HPE|2020-07-09|9.21|9.23|8.95|8.98|9402800|8.98
HPE|2020-07-10|9|9.275|8.97|9.26|7315100|9.26
HPE|2020-07-13|9.38|9.58|9.095|9.44|13827800|9.44
HPE|2020-07-14|9.39|9.585|9.255|9.51|8845400|9.51
HPE|2020-07-15|9.76|9.875|9.535|9.64|8162600|9.64
HPE|2020-07-16|9.58|9.95|9.54|9.72|11771400|9.72
HPE|2020-07-17|9.76|9.79|9.605|9.67|7209900|9.67
