symbol|date|open|high|low|close|volume|adj
HWM|2019-10-03|24.17|24.280001|23.74|24.25|2828500|24.233524
HWM|2019-10-04|24.209999|24.5|23.959999|24.49|2250500|24.473362
HWM|2019-10-07|24.85|24.98|24.540001|24.75|2928100|24.733185
HWM|2019-10-08|24.65|25.17|24.549999|24.870001|3511800|24.853106
HWM|2019-10-09|25.139999|25.690001|25|25.59|1765600|25.572615
HWM|2019-10-10|25.58|26.1|25.41|26.02|1745000|26.002323
HWM|2019-10-11|26.35|26.790001|26.35|26.450001|2500400|26.432032
HWM|2019-10-14|26.790001|26.99|26.690001|26.84|2187200|26.821766
HWM|2019-10-15|27|27.92|26.91|27.860001|3250300|27.841074
HWM|2019-10-16|27.84|27.92|27.469999|27.51|2876400|27.49131
HWM|2019-10-17|27.629999|27.780001|27.440001|27.700001|2323400|27.681183
HWM|2019-10-18|27.68|27.68|27|27.01|3007300|26.99165
HWM|2019-10-21|27.129999|27.360001|26.950001|27.040001|2442500|27.021631
HWM|2019-10-22|27.07|27.24|26.879999|27.08|1646900|27.061602
HWM|2019-10-23|27.040001|27.360001|26.92|27.24|2528000|27.221493
HWM|2019-10-24|27.309999|27.450001|27.059999|27.43|2320400|27.411366
HWM|2019-10-25|27.43|27.68|27.370001|27.639999|1768300|27.621222
HWM|2019-10-28|27.700001|27.93|27.6|27.66|3024000|27.641209
HWM|2019-10-29|27.559999|27.93|27.5|27.690001|1908900|27.671188
HWM|2019-10-30|27.6|27.65|27.200001|27.530001|1870300|27.511297
HWM|2019-10-31|27.49|27.49|27.139999|27.469999|2031500|27.451338
HWM|2019-11-01|27.74|28.540001|27.620001|28.540001|3963600|28.520611
HWM|2019-11-04|28.83|28.91|28.629999|28.780001|4306700|28.760448
HWM|2019-11-05|28.27|29.549999|27.540001|29.51|6245000|29.489952
HWM|2019-11-06|29.51|29.51|29.059999|29.440001|3643300|29.42
HWM|2019-11-07|29.440001|29.52|28.83|28.91|3004700|28.91
HWM|2019-11-08|28.950001|29.1|28.76|28.969999|2067600|28.969999
HWM|2019-11-11|29|29.549999|28.9|29.51|3172400|29.51
HWM|2019-11-12|29.440001|29.620001|29.309999|29.5|3050100|29.5
HWM|2019-11-13|29.280001|29.66|29.200001|29.5|1678600|29.5
HWM|2019-11-14|29.6|30.32|29.469999|30.219999|3895500|30.219999
HWM|2019-11-15|30.389999|30.9|30.200001|30.860001|4964500|30.860001
HWM|2019-11-18|30.780001|31.23|30.639999|31.059999|4560000|31.059999
HWM|2019-11-19|NA|NA|NA|NA|NA|NA
HWM|2019-11-20|30.879999|31.030001|30.629999|30.83|3859200|30.83
HWM|2019-11-21|30.700001|31.110001|30.559999|30.610001|2200600|30.610001
HWM|2019-11-22|30.68|30.82|30.450001|30.549999|2798900|30.549999
HWM|2019-11-25|30.68|30.98|30.639999|30.959999|2064600|30.959999
HWM|2019-11-26|30.98|31.299999|30.82|31.290001|3590900|31.290001
HWM|2019-11-27|31.290001|31.4|31.08|31.26|1787300|31.26
HWM|2019-11-29|31.200001|31.23|30.93|30.959999|2335100|30.959999
HWM|2019-12-02|31.08|31.190001|30.559999|30.559999|2155400|30.559999
HWM|2019-12-03|30.26|30.809999|30.01|30.700001|3075000|30.700001
HWM|2019-12-04|30.860001|30.92|30.299999|30.32|2593700|30.32
HWM|2019-12-05|30.49|30.549999|30.27|30.48|1722100|30.48
HWM|2019-12-06|30.76|31.049999|30.620001|31.02|2206100|31.02
HWM|2019-12-09|30.809999|31.049999|30.67|30.790001|1650900|30.790001
HWM|2019-12-10|30.950001|31.15|30.91|31.01|2595500|31.01
HWM|2019-12-11|31.190001|31.309999|31.059999|31.23|1629300|31.23
HWM|2019-12-12|31.26|31.75|31.15|31.620001|2924100|31.620001
HWM|2019-12-13|31.530001|31.790001|31.4|31.65|2157900|31.65
HWM|2019-12-16|31.59|31.99|31.59|31.799999|3954100|31.799999
HWM|2019-12-17|31.75|31.809999|31.200001|31.48|2684300|31.48
HWM|2019-12-18|31.33|31.35|30.76|30.77|4315600|30.77
HWM|2019-12-19|30.799999|31.07|30.639999|31|4818100|31
HWM|2019-12-20|31.23|31.389999|31.01|31.389999|6459000|31.389999
HWM|2019-12-23|31.32|31.66|31.309999|31.530001|3428200|31.530001
HWM|2019-12-24|31.57|31.58|31.280001|31.309999|559500|31.309999
HWM|2019-12-26|31.370001|31.42|31.02|31.200001|4328600|31.200001
HWM|2019-12-27|31.23|31.34|31.030001|31.139999|3957100|31.139999
HWM|2019-12-30|31.120001|31.23|30.77|30.870001|1461800|30.870001
HWM|2019-12-31|30.85|30.93|30.629999|30.77|1491700|30.77
HWM|2020-01-02|30.91|31.540001|30.82|31.540001|3037000|31.540001
HWM|2020-01-03|31.1|31.530001|30.92|31.49|1985900|31.49
HWM|2020-01-06|31.35|31.540001|31|31.209999|2410900|31.209999
HWM|2020-01-07|31.280001|31.51|30.950001|31.41|1919700|31.41
HWM|2020-01-08|31.27|31.299999|30.700001|30.719999|2767300|30.719999
HWM|2020-01-09|30.51|30.65|29.59|29.77|4467600|29.77
HWM|2020-01-10|29.73|29.73|28.75|28.85|3985600|28.85
HWM|2020-01-13|29.01|29.5|28.76|29.450001|3031900|29.450001
HWM|2020-01-14|29.34|29.73|29.27|29.58|3707800|29.58
HWM|2020-01-15|29.4|29.66|29|29.190001|2462200|29.190001
HWM|2020-01-16|28.950001|30.01|28.950001|30|4699700|30
HWM|2020-01-17|30.110001|30.129999|29.219999|29.32|4337800|29.32
HWM|2020-01-21|NA|NA|NA|NA|NA|NA
HWM|2020-01-22|NA|NA|NA|NA|NA|NA
HWM|2020-01-23|NA|NA|NA|NA|NA|NA
HWM|2020-01-24|NA|NA|NA|NA|NA|NA
HWM|2020-01-27|NA|NA|NA|NA|NA|NA
HWM|2020-01-28|NA|NA|NA|NA|NA|NA
HWM|2020-01-29|NA|NA|NA|NA|NA|NA
HWM|2020-01-30|NA|NA|NA|NA|NA|NA
HWM|2020-01-31|NA|NA|NA|NA|NA|NA
HWM|2020-02-03|NA|NA|NA|NA|NA|NA
HWM|2020-02-04|NA|NA|NA|NA|NA|NA
HWM|2020-02-05|NA|NA|NA|NA|NA|NA
HWM|2020-02-06|NA|NA|NA|NA|NA|NA
HWM|2020-02-07|NA|NA|NA|NA|NA|NA
HWM|2020-02-10|NA|NA|NA|NA|NA|NA
HWM|2020-02-11|NA|NA|NA|NA|NA|NA
HWM|2020-02-12|NA|NA|NA|NA|NA|NA
HWM|2020-02-13|NA|NA|NA|NA|NA|NA
HWM|2020-02-14|NA|NA|NA|NA|NA|NA
HWM|2020-02-18|NA|NA|NA|NA|NA|NA
HWM|2020-02-19|NA|NA|NA|NA|NA|NA
HWM|2020-02-20|NA|NA|NA|NA|NA|NA
HWM|2020-02-21|NA|NA|NA|NA|NA|NA
HWM|2020-02-24|NA|NA|NA|NA|NA|NA
HWM|2020-02-25|NA|NA|NA|NA|NA|NA
HWM|2020-02-26|NA|NA|NA|NA|NA|NA
HWM|2020-02-27|30.83|31.389999|30.24|30.379999|9344100|30.379999
HWM|2020-02-28|NA|NA|NA|NA|NA|NA
HWM|2020-03-02|NA|NA|NA|NA|NA|NA
HWM|2020-03-03|NA|NA|NA|NA|NA|NA
HWM|2020-03-04|NA|NA|NA|NA|NA|NA
HWM|2020-03-05|NA|NA|NA|NA|NA|NA
HWM|2020-03-06|NA|NA|NA|NA|NA|NA
HWM|2020-03-09|NA|NA|NA|NA|NA|NA
HWM|2020-03-10|NA|NA|NA|NA|NA|NA
HWM|2020-03-11|NA|NA|NA|NA|NA|NA
HWM|2020-03-12|NA|NA|NA|NA|NA|NA
HWM|2020-03-13|NA|NA|NA|NA|NA|NA
HWM|2020-03-16|NA|NA|NA|NA|NA|NA
HWM|2020-03-17|NA|NA|NA|NA|NA|NA
HWM|2020-03-18|NA|NA|NA|NA|NA|NA
HWM|2020-03-19|NA|NA|NA|NA|NA|NA
HWM|2020-03-20|NA|NA|NA|NA|NA|NA
HWM|2020-03-23|NA|NA|NA|NA|NA|NA
HWM|2020-03-24|NA|NA|NA|NA|NA|NA
HWM|2020-03-25|NA|NA|NA|NA|NA|NA
HWM|2020-03-26|NA|NA|NA|NA|NA|NA
HWM|2020-03-27|NA|NA|NA|NA|NA|NA
HWM|2020-03-30|NA|NA|NA|NA|NA|NA
HWM|2020-03-31|NA|NA|NA|NA|NA|NA
HWM|2020-04-01|15.4|15.4|12.71|13.2|2531000|13.2
HWM|2020-04-02|12.97|13.71|12|12.5|4431900|12.5
HWM|2020-04-03|12.1|12.69|11.85|12.54|4053100|12.54
HWM|2020-04-06|13.04|14|12.33|12.69|6035400|12.69
HWM|2020-04-07|13.46|13.97|12.01|12.11|5686200|12.11
HWM|2020-04-08|12.5|13.39|12.31|13.08|6590900|13.08
HWM|2020-04-09|13.89|14.16|13.21|13.25|3293300|13.25
HWM|2020-04-13|13.16|13.38|12.21|12.6|4059700|12.6
HWM|2020-04-14|12.83|13.06|11.97|12.2|4926000|12.2
HWM|2020-04-15|12.07|12.1|10.34|11.37|7531900|11.37
HWM|2020-04-16|10.93|11.35|10.4|10.74|8193100|10.74
HWM|2020-04-17|11.25|11.7|11.09|11.65|10288300|11.65
HWM|2020-04-20|11.62|12.57|11.39|11.64|6322600|11.64
HWM|2020-04-21|11.37|11.5|10.58|10.59|3304900|10.59
HWM|2020-04-22|10.94|11.3|10.66|10.83|2777800|10.83
HWM|2020-04-23|10.81|11.39|10.77|11|4681000|11
HWM|2020-04-24|11.07|11.33|10.58|10.81|6716800|10.81
HWM|2020-04-27|10.9|11.56|10.86|11.41|2776700|11.41
HWM|2020-04-28|11.68|12.25|11.57|11.99|2876900|11.99
HWM|2020-04-29|12.4|13.93|12.33|13.89|4141600|13.89
HWM|2020-04-30|13.56|13.65|12.81|13.07|3240800|13.07
HWM|2020-05-01|12.92|12.96|12.2|12.54|2455800|12.54
HWM|2020-05-04|12.3|12.36|11.42|11.95|3015700|11.95
HWM|2020-05-05|12.45|13.04|12.16|12.21|3118900|12.21
HWM|2020-05-06|12.27|12.35|11.45|11.49|2303900|11.49
HWM|2020-05-07|11.5|12.3|11.5|11.87|3471900|11.87
HWM|2020-05-08|11.96|12.64|11.96|12.62|2154800|12.62
HWM|2020-05-11|12.26|12.48|11.71|11.76|1769500|11.76
HWM|2020-05-12|11.85|12.1|11.11|11.12|2564200|11.12
HWM|2020-05-13|11|11.06|10.51|10.65|2261600|10.65
HWM|2020-05-14|10.4|11.3|9.87|11.25|3399300|11.25
HWM|2020-05-15|11.06|11.2|10.74|10.77|2882200|10.77
HWM|2020-05-18|11.3|12.42|11.3|12.34|3465000|12.34
HWM|2020-05-19|12.29|12.47|11.9|12.05|1630800|12.05
HWM|2020-05-20|12.28|13|12.26|12.75|2594600|12.75
HWM|2020-05-21|12.62|12.97|12.37|12.43|2369600|12.43
HWM|2020-05-22|12.45|12.67|12.07|12.37|2002100|12.37
HWM|2020-05-26|13.17|13.4|12.94|13.06|2550400|13.06
HWM|2020-05-27|13.33|14.16|12.9|14.02|6213100|14.02
HWM|2020-05-28|14.35|14.36|13.27|13.28|2955000|13.28
HWM|2020-05-29|13.23|13.44|12.8|13.08|6797400|13.08
HWM|2020-06-01|13.16|13.76|13.1|13.41|2301800|13.41
HWM|2020-06-02|13.41|14.2|13.36|13.99|2832100|13.99
HWM|2020-06-03|14.44|15.19|14.31|15.17|2698800|15.17
HWM|2020-06-04|15.17|15.65|15.01|15.53|4154000|15.53
HWM|2020-06-05|16.809999|17.26|16.33|17.16|4226600|17.16
HWM|2020-06-08|18.02|18.379999|17.66|17.73|5243900|17.73
HWM|2020-06-09|17.030001|17.200001|16.059999|16.219999|3309500|16.219999
HWM|2020-06-10|16.030001|16.030001|14.73|14.97|4739400|14.97
HWM|2020-06-11|13.87|14.27|12.98|12.98|3176100|12.98
HWM|2020-06-12|14.05|14.16|13.28|14|4051300|14
HWM|2020-06-15|13.14|14.66|13.08|14.52|2997400|14.52
HWM|2020-06-16|15.38|15.63|14.8|15.23|4129700|15.23
HWM|2020-06-17|15.4|15.46|14.79|14.8|5764000|14.8
HWM|2020-06-18|14.53|14.92|14.42|14.58|4538200|14.58
HWM|2020-06-19|15|15.25|13.82|13.94|9255700|13.94
HWM|2020-06-22|13.91|14.7|13.57|14.65|3850600|14.65
HWM|2020-06-23|14.66|15.16|14.09|15.04|4986400|15.04
HWM|2020-06-24|14.77|14.96|14.33|14.62|6634200|14.62
HWM|2020-06-25|14.29|15.26|14.19|15.2|4384600|15.2
HWM|2020-06-26|15.36|15.49|14.97|15.42|9079100|15.42
HWM|2020-06-29|15.78|16.309999|15.51|16.219999|4908700|16.219999
HWM|2020-06-30|16.02|16.290001|15.74|15.85|5495400|15.85
HWM|2020-07-01|15.93|16.24|15.24|15.28|4367800|15.28
HWM|2020-07-02|15.63|15.87|15.16|15.31|4617200|15.31
HWM|2020-07-06|15.77|15.88|15.42|15.74|2362100|15.74
HWM|2020-07-07|15.56|15.62|15.06|15.14|3194500|15.14
HWM|2020-07-08|15.04|15.43|14.96|15.33|3232800|15.33
HWM|2020-07-09|15.05|15.22|14.74|14.77|2791800|14.77
HWM|2020-07-10|14.77|15.35|14.64|15.33|1489200|15.33
HWM|2020-07-13|15.38|15.7|15.06|15.23|2583200|15.23
HWM|2020-07-14|15.08|15.7|15.05|15.69|2020400|15.69
HWM|2020-07-15|16.120001|16.73|15.97|16.700001|3045200|16.700001
HWM|2020-07-16|16.610001|16.610001|16.049999|16.200001|2671200|16.200001
HWM|2020-07-17|16.209999|16.540001|15.94|16.450001|3018700|16.450001
