symbol|date|open|high|low|close|volume|adj
KHC|2015-07-06|71|74.290001|71|72.959999|3809700|59.35001
KHC|2015-07-07|73.730003|74.709999|72.959999|74.629997|5794300|60.7085
KHC|2015-07-08|74.300003|75.5|74.040001|75.400002|4276600|61.334843
KHC|2015-07-09|76.470001|77.066002|74.5|74.800003|4267100|60.846783
KHC|2015-07-10|75.050003|77.800003|75|77.309998|4983000|62.88855
KHC|2015-07-13|79.5|79.699997|77.910004|78.830002|9078900|64.125023
KHC|2015-07-14|79.449997|79.5|77.650002|78|18746100|63.449844
KHC|2015-07-15|77.650002|78.169998|76.400002|76.709999|6330500|62.400471
KHC|2015-07-16|76.970001|78.839996|76.949997|78.75|5634100|64.059952
KHC|2015-07-17|79.43|79.690002|77.260002|79.629997|6100900|64.775795
KHC|2015-07-20|79.949997|81.199997|79.129997|80.110001|10284500|65.166237
KHC|2015-07-21|79.970001|80.68|79.400002|80.220001|6088600|65.25573
KHC|2015-07-22|80.830002|80.900002|78.580002|78.639999|5201200|63.970459
KHC|2015-07-23|78.419998|78.57|76.639999|76.739998|2975400|62.864559
KHC|2015-07-24|76.919998|77.43|75.949997|76.410004|3116000|62.594227
KHC|2015-07-27|76.629997|77.980003|76.290001|77.379997|5774300|63.388828
KHC|2015-07-28|78.440002|78.650002|77.5|78.32|1895900|64.158875
KHC|2015-07-29|78.260002|78.300003|77|77.910004|2278600|63.823009
KHC|2015-07-30|78.209999|79.690002|77.599998|79.209999|3247000|64.887947
KHC|2015-07-31|79.940002|79.940002|78.864998|79.470001|2685500|65.100929
KHC|2015-08-03|80|81.029999|79.910004|80.370003|2681800|65.838211
KHC|2015-08-04|80.57|81|79.669998|79.809998|2429600|65.379456
KHC|2015-08-05|80.010002|81|79.849998|80.480003|4324300|65.928322
KHC|2015-08-06|81.050003|81.190002|79.510002|79.760002|3708600|65.338524
KHC|2015-08-07|79.139999|79.379997|77.290001|78.459999|3274100|64.27356
KHC|2015-08-10|79.43|79.800003|78.57|78.809998|3252300|64.56028
KHC|2015-08-11|77.629997|80.480003|77.07|77.970001|3889100|63.872154
KHC|2015-08-12|77.830002|78.309998|76.089996|76.690002|3688800|62.823582
KHC|2015-08-13|77.010002|77.07|75.800003|75.989998|2917500|62.250164
KHC|2015-08-14|76.07|76.739998|75.116997|76.419998|2572800|62.602409
KHC|2015-08-17|75.860001|76.410004|75.510002|75.800003|2260300|62.094528
KHC|2015-08-18|75.720001|75.953003|75.059998|75.190002|2009700|61.59481
KHC|2015-08-19|75|75.290001|73.919998|74.779999|3025700|61.258945
KHC|2015-08-20|74.019997|74.764|73.779999|74.25|2207000|60.824757
KHC|2015-08-21|73.309998|74.25|72.260002|72.269997|5564500|59.202778
KHC|2015-08-24|68.239998|72.239998|61.419998|70.870003|9844600|58.055923
KHC|2015-08-25|71.540001|72.400002|70|70.209999|4423400|57.515259
KHC|2015-08-26|71.720001|74.110001|69.529999|73.910004|5356300|60.546246
KHC|2015-08-27|73.169998|75.25|73.120003|75.18|5937800|61.58662
KHC|2015-08-28|74.400002|75.190002|73.82|74.690002|2150100|61.185219
KHC|2015-08-31|74.209999|74.43|72.57|72.660004|2688400|59.522263
KHC|2015-09-01|71.230003|72.540001|69.639999|70.120003|4671400|57.441525
KHC|2015-09-02|70.839996|72.07|70.309998|72.07|2986500|59.03894
KHC|2015-09-03|72.559998|73.889999|71.790001|72.160004|2595300|59.112671
KHC|2015-09-04|71.139999|71.690002|70.128998|70.57|2997000|57.81015
KHC|2015-09-08|71.849998|74.330002|70.809998|74.07|4450700|60.677322
KHC|2015-09-09|74.449997|74.5|71.980003|72.169998|2936400|59.120857
KHC|2015-09-10|72.129997|73.050003|71.779999|72.160004|3619700|59.112671
KHC|2015-09-11|72.25|73.93|71.599998|73.760002|2146700|60.423374
KHC|2015-09-14|73.5|74.709999|72.555|74.550003|2927400|61.070538
KHC|2015-09-15|74.940002|75.519997|73.754997|75.389999|3393300|61.758656
KHC|2015-09-16|75.199997|76.709999|74.300003|76.370003|2302800|62.561455
KHC|2015-09-17|76.580002|77.760002|76|76.43|3142600|62.6106
KHC|2015-09-18|75.550003|76.5|75.010002|75.440002|7231700|61.799603
KHC|2015-09-21|75.690002|76.190002|74.959999|75.199997|3256300|61.602989
KHC|2015-09-22|74.150002|74.870003|73.660004|74.309998|2628700|60.873936
KHC|2015-09-23|74.169998|74.598|73.254997|73.309998|3713200|60.054733
KHC|2015-09-24|73|73.139999|71.699997|72.919998|4416100|59.735252
KHC|2015-09-25|73.800003|73.849998|72.779999|73.349998|3517000|60.087498
KHC|2015-09-28|72.809998|73.269997|69.989998|69.989998|5006600|57.33503
KHC|2015-09-29|70.160004|70.980003|68.650002|69.199997|3870900|56.687862
KHC|2015-09-30|69.669998|70.800003|69.459999|70.580002|3132800|57.818356
KHC|2015-10-01|71.269997|71.970001|69.769997|70.830002|2519700|58.023159
KHC|2015-10-02|70.190002|71.459999|69.370003|71.410004|2593100|58.49828
KHC|2015-10-05|72|73.25|71.349998|72.239998|6323500|59.1782
KHC|2015-10-06|72.290001|73.050003|71.889999|72.470001|2760200|59.366623
KHC|2015-10-07|72.739998|73.739998|72.480003|73.150002|2325200|59.923664
KHC|2015-10-08|73.160004|74.470001|72.739998|74.43|2239700|60.972218
KHC|2015-10-09|74.410004|75.220001|73.989998|74.389999|2938100|60.939457
KHC|2015-10-12|74.410004|74.410004|73.309998|73.720001|2081100|60.39061
KHC|2015-10-13|73.610001|73.93|73.18|73.379997|2147500|60.112091
KHC|2015-10-14|73.120003|74.300003|73|73.769997|1956800|60.431572
KHC|2015-10-15|74.150002|75.220001|73.921997|75.220001|2135700|61.619396
KHC|2015-10-16|75.68|78|74.870003|77.389999|3435200|63.397015
KHC|2015-10-19|76.889999|77.199997|76.290001|76.800003|1951900|62.913708
KHC|2015-10-20|76.199997|77.160004|76.110001|76.870003|1922100|62.97105
KHC|2015-10-21|77|77.739998|76.629997|77.050003|2370100|63.118515
KHC|2015-10-22|77.220001|79.940002|77.220001|79.940002|3951700|65.485954
KHC|2015-10-23|79.150002|79.889999|77.43|77.980003|3179000|63.880348
KHC|2015-10-26|78.18|78.18|76.480003|76.809998|2563800|62.921894
KHC|2015-10-27|76.209999|77.480003|76.209999|77.169998|2435200|63.216801
KHC|2015-10-28|77.150002|79.199997|76.339996|79.18|2382000|64.863388
KHC|2015-10-29|78.839996|78.997002|77.848999|78.650002|1788500|64.429199
KHC|2015-10-30|78.370003|78.989998|77.860001|77.970001|2053000|63.872154
KHC|2015-11-02|78.43|78.93|77.720001|78.269997|1536500|64.117912
KHC|2015-11-03|77.830002|78|75.879997|76.43|4489800|62.6106
KHC|2015-11-04|76.32|76.667999|75.239998|75.82|2630400|62.110889
KHC|2015-11-05|76.199997|76.499001|74.75|75.419998|3347200|61.783218
KHC|2015-11-06|73.75|74.5|71.580002|72.010002|8819900|58.989796
KHC|2015-11-09|72|72.68|70.849998|71.239998|4231000|58.358994
KHC|2015-11-10|71.75|72.220001|71.151001|72.080002|3470400|59.047142
KHC|2015-11-11|72.699997|72.860001|71.360001|72.110001|3537300|59.07172
KHC|2015-11-12|71.18|71.377998|70.25|70.900002|3931500|58.54734
KHC|2015-11-13|70.620003|71.709999|70.580002|70.769997|3008000|58.439987
KHC|2015-11-16|71.019997|72.110001|70.940002|71.654999|2398400|59.170803
KHC|2015-11-17|72.099998|72.129997|70.639999|71.449997|4247400|59.001514
KHC|2015-11-18|71.839996|73.035004|71.169998|72.584999|3780200|59.938759
KHC|2015-11-19|73.25|73.730003|72.339996|73.339996|2828700|60.562237
KHC|2015-11-20|74.169998|75.57|73.400002|73.650002|4003200|60.818233
KHC|2015-11-23|74.029999|74.540001|73.894997|74.07|2706000|61.165051
KHC|2015-11-24|73.730003|74.510002|73.68|74.470001|2863900|61.49535
KHC|2015-11-25|74.449997|74.919998|73.849998|74.639999|2384100|61.635731
KHC|2015-11-27|74.57|75|74.220001|74.610001|777300|61.610958
KHC|2015-11-30|74.519997|74.860001|73.5|73.690002|4200100|60.851261
KHC|2015-12-01|74.230003|75|73.800003|74.470001|3749300|61.49535
KHC|2015-12-02|74.209999|74.620003|72.919998|73.040001|2568600|60.314491
KHC|2015-12-03|73.300003|73.68|71.089996|71.459999|3019000|59.009777
KHC|2015-12-04|71.400002|72.730003|71.07|72.220001|4495900|59.637383
KHC|2015-12-07|71.919998|72.205002|70.849998|71.43|3323600|58.985004
KHC|2015-12-08|71|71.654999|70.587997|71.529999|4519800|59.067581
KHC|2015-12-09|71.160004|72.169998|70.5|70.900002|3940800|58.54734
KHC|2015-12-10|70.830002|71.334999|70.510002|70.839996|2733700|58.497795
KHC|2015-12-11|70.089996|70.690002|69.389999|69.690002|3756000|57.548157
KHC|2015-12-14|70.07|71.080002|69.769997|70.974998|3881600|58.609287
KHC|2015-12-15|71.730003|72.75|71.650002|72.010002|4168700|59.463963
KHC|2015-12-16|72.610001|73.199997|71.889999|73.010002|2176900|60.289726
KHC|2015-12-17|72.949997|73.300003|71.900002|71.919998|2402700|59.389622
KHC|2015-12-18|71.419998|71.940002|70.629997|70.669998|6568300|58.35741
KHC|2015-12-21|70.519997|71.660004|70.370003|71.379997|5466900|59.427242
KHC|2015-12-22|71.639999|73.190002|71.315002|72.93|5053300|60.717686
KHC|2015-12-23|73.300003|74.779999|72.989998|74.510002|4193400|62.033115
KHC|2015-12-24|74.809998|74.809998|73.879997|73.959999|1962500|61.575226
KHC|2015-12-28|73.709999|73.783997|72.889999|73.419998|5421800|61.125637
KHC|2015-12-29|73.650002|74.860001|73.400002|74.690002|4350900|62.182968
KHC|2015-12-30|74.650002|74.959999|73.709999|73.75|1779900|61.400383
KHC|2015-12-31|73.370003|73.5|72.629997|72.760002|1857100|60.57616
KHC|2016-01-04|71.379997|72.849998|71.349998|72.699997|5209400|60.526192
KHC|2016-01-05|72.739998|73.580002|72.279999|73.389999|3858200|61.100643
KHC|2016-01-06|72.199997|73.68|72.029999|73.529999|3294700|61.217205
KHC|2016-01-07|72.010002|72.989998|71.849998|71.900002|4050300|59.860161
KHC|2016-01-08|72.190002|72.470001|71.099998|71.18|3092100|59.260727
KHC|2016-01-11|71.349998|72.529999|70.769997|72.269997|3329000|60.168209
KHC|2016-01-12|72.849998|73.349998|72.132004|73.230003|2924600|60.967445
KHC|2016-01-13|73.190002|73.440002|70.639999|70.809998|3448500|58.952682
KHC|2016-01-14|70.959999|71.528|70.304001|70.739998|4610600|58.894405
KHC|2016-01-15|68.900002|70.150002|68.18|69.199997|6551200|57.612278
KHC|2016-01-19|70.010002|70.519997|69.550003|70.169998|5107100|58.419861
KHC|2016-01-20|69.279999|71.580002|68.739998|71.169998|4607000|59.252399
KHC|2016-01-21|72|73.330002|71.325996|73.050003|6208200|60.817581
KHC|2016-01-22|73.599998|74.5|72.510002|74.389999|3111700|61.933193
KHC|2016-01-25|73.699997|74.669998|73.339996|74.029999|4123100|61.63348
KHC|2016-01-26|73.370003|76|73.370003|75.980003|3851300|63.25695
KHC|2016-01-27|75.870003|77.150002|75.150002|75.970001|5348200|63.248623
KHC|2016-01-28|76.269997|76.989998|75.480003|76.160004|3542400|63.406807
KHC|2016-01-29|76.900002|78.220001|76.400002|78.059998|4508200|64.98864
KHC|2016-02-01|77.370003|77.480003|75.669998|77.010002|3564200|64.114471
KHC|2016-02-02|75.970001|76.800003|75.720001|75.970001|5631600|63.248623
KHC|2016-02-03|76.370003|76.370003|73.830002|74.889999|6239700|62.349476
KHC|2016-02-04|75.040001|75.199997|72.919998|74.150002|7077100|61.733379
KHC|2016-02-05|74.279999|74.559998|72.139999|72.779999|9351600|60.592804
KHC|2016-02-08|72.089996|72.199997|70.18|71.220001|4704600|59.294041
KHC|2016-02-09|70.599998|71.959999|70.010002|71.510002|4616900|59.535477
KHC|2016-02-10|72.07|73.300003|71.712997|72.110001|2520100|60.034992
KHC|2016-02-11|70.900002|71.959999|70.174004|71.440002|3041500|59.477188
KHC|2016-02-12|72.199997|72.449997|71.019997|71.919998|2985800|59.876801
KHC|2016-02-16|72.900002|73.059998|71.919998|72.309998|3852100|60.2015
KHC|2016-02-17|73|74.389999|72.5|74.239998|3628100|61.808319
KHC|2016-02-18|74.080002|74.290001|73.339996|73.449997|2755200|61.150608
KHC|2016-02-19|72.900002|73.693001|72.830002|73.519997|4333500|61.208866
KHC|2016-02-22|74.389999|74.389999|72.209999|73.330002|2916700|61.050709
KHC|2016-02-23|73.099998|73.489998|72.559998|72.82|2805600|60.626106
KHC|2016-02-24|72.330002|73.330002|71.824997|72.989998|3526500|60.767647
KHC|2016-02-25|73.410004|74.980003|73.330002|74.959999|4962300|62.407772
KHC|2016-02-26|78.800003|78.900002|76.650002|77.839996|10319700|64.805504
KHC|2016-02-29|77.279999|78|76.93|77.019997|4885500|64.122795
KHC|2016-03-01|77.660004|77.919998|76.919998|77.660004|5445500|64.655632
KHC|2016-03-02|77.610001|77.800003|76.120003|77.489998|5075800|64.514114
KHC|2016-03-03|77.300003|77.550003|76.459999|77.370003|3239900|64.4142
KHC|2016-03-04|77.910004|77.919998|76.260002|77.199997|3677800|64.272652
KHC|2016-03-07|77.010002|77.389999|76.139999|76.5|2574800|63.689873
KHC|2016-03-08|76.010002|77.150002|75.940002|76.290001|2783700|63.515057
KHC|2016-03-09|76.669998|77|75.800003|76.629997|2631300|63.798126
KHC|2016-03-10|76.980003|77.146004|75.550003|76.220001|2107200|63.456772
KHC|2016-03-11|77.260002|77.349998|76.410004|76.949997|2342700|64.064514
KHC|2016-03-14|76.879997|77.769997|76.099998|77.57|2278300|64.580704
KHC|2016-03-15|77.459999|77.82|76.82|77.779999|2924700|64.755539
KHC|2016-03-16|77.980003|78.110001|76.949997|78.029999|3400000|65.447502
KHC|2016-03-17|77.580002|78.099998|76.739998|78.010002|4506000|65.430717
KHC|2016-03-18|78.379997|78.389999|76.769997|77.309998|9081000|64.843613
KHC|2016-03-21|76.970001|77.5|76.169998|76.589996|3203400|64.2397
KHC|2016-03-22|76.989998|77.025002|76.029999|76.440002|2615600|64.113899
KHC|2016-03-23|76.57|77.059998|76.209999|76.809998|2295800|64.424232
KHC|2016-03-24|76.769997|77.269997|75.859001|76.459999|3356700|64.130684
KHC|2016-03-28|76.620003|77.93|76.059998|77.760002|3581800|65.221046
KHC|2016-03-29|77.580002|78.809998|77.029999|78.800003|3907400|66.093338
KHC|2016-03-30|78.919998|79.050003|78.269997|78.900002|3339900|66.177216
KHC|2016-03-31|78.949997|78.949997|78.279999|78.559998|3400300|65.892036
KHC|2016-04-01|78.529999|79.160004|78.114998|79.080002|3418200|66.328186
KHC|2016-04-04|78.970001|79.089996|78.379997|78.849998|3495200|66.135269
KHC|2016-04-05|78.470001|78.849998|77.889999|78.010002|2679600|65.430717
KHC|2016-04-06|78.419998|78.419998|77.5|78.360001|2421900|65.724304
KHC|2016-04-07|78.019997|78.290001|77.025002|77.5|3216400|65.002975
KHC|2016-04-08|77.970001|78.599998|77.540001|78.470001|2139000|65.816551
KHC|2016-04-11|78.730003|79|77.849998|77.910004|2894800|65.34687
KHC|2016-04-12|78|78.629997|77.540001|78.330002|2348300|65.699135
KHC|2016-04-13|78.68|78.730003|77.089996|77.400002|3246400|64.91909
KHC|2016-04-14|77.400002|77.815002|76.889999|77.169998|3150500|64.726181
KHC|2016-04-15|77.559998|78.290001|77.129997|78.050003|3042200|65.464287
KHC|2016-04-18|77.919998|78.360001|77.269997|78.339996|2207300|65.707512
KHC|2016-04-19|78.339996|78.879997|77.860001|78.300003|2591200|65.673965
KHC|2016-04-20|78.339996|78.68|77.5|77.919998|1867400|65.355255
KHC|2016-04-21|77.790001|77.919998|76.640999|76.739998|2110700|64.365517
KHC|2016-04-22|76.699997|78.150002|76.699997|78.099998|2409800|65.506218
KHC|2016-04-25|77.879997|78.839996|77.540001|78.730003|2323800|66.034637
KHC|2016-04-26|78.709999|79.550003|78.510002|78.699997|2315700|66.009453
KHC|2016-04-27|79.220001|79.5|77.989998|79.099998|2249600|66.344963
KHC|2016-04-28|78.550003|79.230003|78.089996|78.360001|1962600|65.724304
KHC|2016-04-29|77.610001|78.285004|77.129997|78.07|3208700|65.481041
KHC|2016-05-02|78.07|80.25|78|79.519997|3700700|66.697235
KHC|2016-05-03|79.019997|79.290001|78.221001|78.68|2508200|65.992699
KHC|2016-05-04|78.480003|80.300003|78.290001|79.980003|4687000|67.083054
KHC|2016-05-05|82.959999|84.169998|82.5|82.970001|8629300|69.590919
KHC|2016-05-06|82.830002|84.040001|81.940002|84|3993600|70.454826
KHC|2016-05-09|84|84.790001|83.639999|84.260002|3272300|70.67292
KHC|2016-05-10|84.440002|86.199997|84.230003|86.139999|3593700|72.249748
KHC|2016-05-11|85.970001|86.540001|85.190002|85.199997|2824500|71.461311
KHC|2016-05-12|85.480003|86.660004|85.150002|86.339996|2427500|72.417496
KHC|2016-05-13|86.029999|86.449997|84.720001|85.129997|2857300|71.402611
KHC|2016-05-16|85.330002|86.239998|85.040001|85.870003|2061900|72.023308
KHC|2016-05-17|85.690002|86.059998|81.769997|82.160004|7395100|68.911552
KHC|2016-05-18|81.949997|82.278999|80.459999|81.18|8695600|68.089561
KHC|2016-05-19|80.849998|83.019997|80.610001|83|3932800|69.616081
KHC|2016-05-20|82.400002|82.860001|81.82|82.419998|2720100|69.129608
KHC|2016-05-23|82.510002|83.25|82.419998|82.809998|1996900|69.456726
KHC|2016-05-24|83.129997|84.375|82.699997|84.220001|2385600|70.639366
KHC|2016-05-25|83.559998|84.779999|83.129997|84.269997|2563100|71.167183
KHC|2016-05-26|84.019997|84.82|83.760002|83.809998|2424000|70.778709
KHC|2016-05-27|83.660004|84.260002|83.5|84.099998|1272800|71.023605
KHC|2016-05-31|84.160004|84.440002|82.674004|83.190002|3943700|70.255112
KHC|2016-06-01|83.089996|83.989998|83|83.949997|1955400|70.896942
KHC|2016-06-02|83.879997|84.790001|83.550003|84.779999|2207200|71.59787
KHC|2016-06-03|85|85.419998|84.699997|85.300003|3031400|72.037025
KHC|2016-06-06|85.5|85.599998|84.690002|84.989998|2551900|71.775223
KHC|2016-06-07|85.169998|85.68|84.620003|84.75|2454400|71.57254
KHC|2016-06-08|85.059998|85.419998|84.330002|85.18|1757200|71.935692
KHC|2016-06-09|84.919998|85.730003|84.779999|85.620003|2098600|72.307274
KHC|2016-06-10|85.599998|85.599998|84.709999|85.339996|2118000|72.070801
KHC|2016-06-13|85.269997|85.75|84.644997|84.949997|2790400|71.741447
KHC|2016-06-14|84.940002|85.290001|84.330002|84.879997|2637500|71.682335
KHC|2016-06-15|85|85.389999|84.360001|84.839996|2967400|71.648552
KHC|2016-06-16|84.68|85.32|83.980003|85.279999|2333400|72.020134
KHC|2016-06-17|85.339996|85.370003|84.019997|84.82|5526500|71.631668
KHC|2016-06-20|85.489998|86.5|85.237999|85.5|2854100|72.205948
KHC|2016-06-21|85.540001|86.440002|85.489998|85.690002|1953700|72.366379
KHC|2016-06-22|85.940002|85.989998|85.080002|85.209999|1961400|71.961006
KHC|2016-06-23|85.940002|86.388|85.425003|86.370003|2452200|72.940666
KHC|2016-06-24|83.699997|85.099998|83.419998|83.730003|11942100|70.711143
KHC|2016-06-27|83.230003|83.849998|82.5|83.629997|3458500|70.626678
KHC|2016-06-28|83.876999|84.790001|83|84.769997|3569400|71.589439
KHC|2016-06-29|85.029999|86.330002|84.699997|86.099998|3348300|72.712631
KHC|2016-06-30|86.389999|88.629997|86.169998|88.480003|5571200|74.722595
KHC|2016-07-01|88.580002|89.400002|88.150002|88.239998|2551300|74.519897
KHC|2016-07-05|88.190002|89.489998|87.5|88.739998|3320400|74.942154
KHC|2016-07-06|88.650002|89.764999|88.25|89.739998|3331700|75.786659
KHC|2016-07-07|89.57|89.82|88.809998|89.309998|2525600|75.423531
KHC|2016-07-08|89.93|90.260002|89.129997|89.849998|3703300|75.879562
KHC|2016-07-11|89.93|90.150002|89.309998|89.839996|2860500|75.871109
KHC|2016-07-12|89.489998|89.720001|87.629997|87.800003|4362900|74.1483
KHC|2016-07-13|87.830002|89.080002|87.629997|89.019997|2702400|75.178619
KHC|2016-07-14|89.139999|89.247002|87.860001|88.339996|3457800|74.604347
KHC|2016-07-15|88.900002|89.220001|88.129997|88.860001|2311700|75.043488
KHC|2016-07-18|89.080002|89.300003|88.540001|89.099998|1769400|75.246193
KHC|2016-07-19|88.839996|89.110001|88.260002|88.970001|1751700|75.136398
KHC|2016-07-20|88.870003|88.949997|87.940002|88.169998|2229500|74.460777
KHC|2016-07-21|88.099998|88.190002|87.327003|87.639999|2081100|74.013184
KHC|2016-07-22|88.019997|88.489998|87.815002|88.160004|2022900|74.452339
KHC|2016-07-25|88.160004|88.43|87.830002|88.410004|1447400|74.66346
KHC|2016-07-26|88.540001|88.790001|87.040001|87.059998|1553100|73.523369
KHC|2016-07-27|87.379997|87.459999|85.199997|85.629997|3931700|72.315712
KHC|2016-07-28|85.68|86.209999|85.239998|85.959999|2190300|72.594398
KHC|2016-07-29|86.230003|86.629997|85.860001|86.389999|1778900|72.957542
KHC|2016-08-01|86.300003|86.580002|85.519997|85.970001|2778500|72.602859
KHC|2016-08-02|85.75|85.75|84.639999|85.150002|2832300|71.910355
KHC|2016-08-03|85.309998|85.475998|84.25|84.900002|2491500|71.699211
KHC|2016-08-04|85.129997|85.639999|84.68|85.540001|3221800|72.239716
KHC|2016-08-05|89.849998|90.489998|88.5|88.790001|5106200|74.984383
KHC|2016-08-08|88.709999|88.790001|87.589996|88.75|2428000|74.9506
KHC|2016-08-09|88.93|89.989998|88.735001|89.779999|2275800|75.82045
KHC|2016-08-10|89.769997|89.949997|88.970001|89.349998|1423100|75.457314
KHC|2016-08-11|89.709999|90.43|89.290001|89.440002|2588800|75.533325
KHC|2016-08-12|89.230003|90.470001|89.230003|89.559998|1539100|75.634651
KHC|2016-08-15|89.709999|89.889999|88.849998|89.080002|1661000|75.229294
KHC|2016-08-16|89.029999|89.169998|88.254997|88.959999|2259300|75.127945
KHC|2016-08-17|89.050003|89.470001|88.239998|89.410004|1832700|75.50798
KHC|2016-08-18|89.300003|89.860001|89.099998|89.760002|1823000|75.803558
KHC|2016-08-19|89.599998|90.199997|89.349998|89.919998|1694900|75.938667
KHC|2016-08-22|89.879997|90.389999|89.519997|89.970001|2092800|75.980911
KHC|2016-08-23|90.25|90.480003|89.347|89.470001|2020000|75.55864
KHC|2016-08-24|88.839996|88.989998|88.029999|88.949997|2581200|75.626671
KHC|2016-08-25|88.989998|89.940002|88.693001|88.900002|1825900|75.584167
KHC|2016-08-26|89.040001|89.449997|87.919998|88.169998|1863600|74.963478
KHC|2016-08-29|88.349998|88.809998|88.129997|88.57|1685100|75.303574
KHC|2016-08-30|88.629997|88.824997|87.769997|87.970001|1841500|74.793449
KHC|2016-08-31|88.110001|89.82|88.110001|89.489998|2696400|76.085785
KHC|2016-09-01|89.57|89.709999|88.540001|89.480003|2215500|76.077286
KHC|2016-09-02|89.900002|90.540001|89.110001|89.610001|2062100|76.187813
KHC|2016-09-06|89.690002|90.18|89.135002|89.739998|1786400|76.29834
KHC|2016-09-07|89.230003|89.809998|88.959999|89.790001|3344800|76.340851
KHC|2016-09-08|89.699997|89.790001|88.709999|89.190002|2191600|75.830719
KHC|2016-09-09|88.239998|88.370003|85.949997|85.970001|3837900|73.093025
KHC|2016-09-12|85.580002|88.699997|85.349998|88.559998|3015000|75.29509
KHC|2016-09-13|89.269997|89.269997|87.449997|88.269997|2579800|75.048515
KHC|2016-09-14|88.129997|88.82|87.379997|87.68|1898400|74.546898
KHC|2016-09-15|87.360001|89.260002|87.32|89.169998|1912600|75.813721
KHC|2016-09-16|88.830002|89.129997|87.650002|88.940002|4476800|75.618172
KHC|2016-09-19|88.879997|89|86.900002|86.970001|4032400|73.943237
KHC|2016-09-20|87.480003|87.720001|87.099998|87.120003|3018400|74.070778
KHC|2016-09-21|87.260002|88.160004|86.760002|87.910004|2592400|74.742447
KHC|2016-09-22|88.629997|89.160004|88.339996|89.050003|1516800|75.711685
KHC|2016-09-23|89.190002|89.5|88.669998|88.830002|1467000|75.524643
KHC|2016-09-26|88.779999|88.980003|88.059998|88.529999|1487400|75.269569
KHC|2016-09-27|88.760002|89.489998|88.519997|89.230003|1530300|75.864731
KHC|2016-09-28|89.580002|89.620003|88.809998|89.550003|1628700|76.136795
KHC|2016-09-29|89.230003|89.43|88.410004|88.57|1411800|75.303574
KHC|2016-09-30|89|89.910004|88.849998|89.510002|2499200|76.102798
KHC|2016-10-03|89.25|89.459999|88.75|89.080002|1857900|75.737206
KHC|2016-10-04|89.290001|89.290001|87.690002|88.019997|1940500|74.835968
KHC|2016-10-05|88.32|88.32|87.339996|87.379997|1910900|74.291817
KHC|2016-10-06|87.029999|87.660004|86.779999|87.489998|1172000|74.385338
KHC|2016-10-07|87.760002|87.760002|86.699997|87.400002|1723500|74.308846
KHC|2016-10-10|87.440002|88.669998|87.440002|88.5|2012500|75.244072
KHC|2016-10-11|88.239998|88.5|87.059998|87.239998|2508700|74.172798
KHC|2016-10-12|88.459999|88.459999|87|87.139999|3072600|74.087784
KHC|2016-10-13|86.790001|87.32|86.5|87.050003|2861900|74.011261
KHC|2016-10-14|87.339996|88.699997|87.059998|88.529999|2388900|75.269569
KHC|2016-10-17|88.720001|89|88.029999|88.830002|2208400|75.524643
KHC|2016-10-18|90.089996|90.150002|88.900002|88.93|2740000|75.609665
KHC|2016-10-19|88.93|88.949997|87.550003|88.080002|2721000|74.886986
KHC|2016-10-20|87.220001|88.760002|87.220001|87.959999|2662100|74.784966
KHC|2016-10-21|87.650002|88.18|86.980003|87.919998|2086600|74.750946
KHC|2016-10-24|88.610001|89.220001|88.511002|88.910004|1744500|75.592682
KHC|2016-10-25|89.230003|89.68|88.169998|88.360001|3220100|75.125053
KHC|2016-10-26|88.510002|88.699997|87.910004|88.080002|1513400|74.886986
KHC|2016-10-27|88.169998|88.370003|87.181|87.690002|2127800|74.555405
KHC|2016-10-28|87.480003|88.669998|87.480003|88.080002|1771100|74.886986
KHC|2016-10-31|88.440002|89.160004|88.309998|88.949997|3577400|75.626671
KHC|2016-11-01|89|89.18|88.110001|88.370003|2542700|75.133545
KHC|2016-11-02|88.629997|88.690002|87.980003|88.150002|1916700|74.946495
KHC|2016-11-03|88.120003|88.370003|86.129997|86.25|5041900|73.331093
KHC|2016-11-04|82.029999|85.239998|81|84.050003|7825200|71.460617
KHC|2016-11-07|85.32|86.089996|84.300003|86.029999|4101100|73.144035
KHC|2016-11-08|86.230003|88.839996|86.07|88.339996|2791200|75.108032
KHC|2016-11-09|86.18|86.970001|84.18|84.940002|5097200|72.2173
KHC|2016-11-10|85.029999|85.529999|80.559998|81.419998|7643600|69.224533
KHC|2016-11-11|81|81.739998|80.160004|81.209999|4151100|69.04599
KHC|2016-11-14|81.010002|81.629997|79.919998|80.080002|4463400|68.085251
KHC|2016-11-15|80.57|81.720001|80.220001|81.139999|5723900|68.986481
KHC|2016-11-16|81.379997|82.75|81.290001|82.400002|3327200|70.05777
KHC|2016-11-17|82.309998|82.839996|81.5|82.839996|3161600|70.431854
KHC|2016-11-18|82.699997|82.93|82.019997|82.529999|2715700|70.168282
KHC|2016-11-21|82.529999|83.82|82.205002|83.639999|2508600|71.11203
KHC|2016-11-22|83.860001|84.470001|83.699997|84.089996|2648000|71.494637
KHC|2016-11-23|83.800003|84.309998|81.730003|82.440002|3459900|70.091766
KHC|2016-11-25|82.629997|83.290001|82.629997|82.949997|1230300|70.525368
KHC|2016-11-28|82.949997|83.669998|82.360001|83.220001|2642300|70.754921
KHC|2016-11-29|83.400002|84.5|83.129997|84|3744600|71.418106
KHC|2016-11-30|83.099998|83.510002|81.650002|81.650002|3309900|69.919525
KHC|2016-12-01|81.510002|81.779999|79.93|80.489998|4043300|68.926178
KHC|2016-12-02|80.739998|81.519997|80.349998|80.910004|2779300|69.285835
KHC|2016-12-05|80.910004|81.150002|80.114998|80.279999|4415500|68.746346
KHC|2016-12-06|80.610001|80.877998|79.690002|79.959999|3566800|68.472328
KHC|2016-12-07|80.440002|83.209999|80.269997|82.949997|4870200|71.03273
KHC|2016-12-08|82.589996|82.790001|81.860001|82.309998|2497500|70.484703
KHC|2016-12-09|82.550003|83.792999|82.07|83.779999|2380900|71.743523
KHC|2016-12-12|83.599998|84.830002|83.290001|84.199997|2536300|72.103165
KHC|2016-12-13|84.599998|85.599998|84.029999|84.940002|3644100|72.736855
KHC|2016-12-14|84.980003|85.400002|83.720001|84.360001|3348600|72.240181
KHC|2016-12-15|85.129997|86.059998|84.129997|85.370003|4410100|73.105072
KHC|2016-12-16|85.879997|86.559998|84.860001|86.459999|6037700|74.038475
KHC|2016-12-19|86.349998|86.889999|85.720001|86.599998|3365400|74.158363
KHC|2016-12-20|86.279999|86.599998|85.330002|85.980003|2665500|73.627441
KHC|2016-12-21|85.93|86.989998|85.800003|86.610001|2202000|74.166916
KHC|2016-12-22|86.449997|87.290001|86.300003|87.279999|1966300|74.740669
KHC|2016-12-23|87.099998|87.620003|86.959999|87.57|2484700|74.988998
KHC|2016-12-27|87.660004|88.080002|87.300003|87.580002|1993200|74.997574
KHC|2016-12-28|87.5|87.769997|87.029999|87.309998|1384800|74.766365
KHC|2016-12-29|87.300003|88.150002|87.300003|87.93|1837800|75.297287
KHC|2016-12-30|88.019997|88.160004|87.07|87.32|2051400|74.77491
KHC|2017-01-03|87.849998|87.970001|86.400002|87.529999|3104600|74.954742
KHC|2017-01-04|87.519997|87.970001|86.900002|87.029999|2274900|74.526581
KHC|2017-01-05|86.900002|87.300003|86.080002|86.529999|3037400|74.098419
KHC|2017-01-06|86.529999|86.629997|85.830002|86.309998|2450200|73.910027
KHC|2017-01-09|86.25|86.474998|85.589996|86.07|2482400|73.704506
KHC|2017-01-10|85.849998|86.300003|85.410004|85.910004|2539900|73.567505
KHC|2017-01-11|86.120003|87.040001|86.040001|86.760002|2754500|74.295372
KHC|2017-01-12|86.830002|87.769997|86.5|87.419998|2484700|74.860558
KHC|2017-01-13|87.419998|87.43|86.578003|87.029999|1799100|74.526581
KHC|2017-01-17|86.709999|87.974998|86.709999|87.919998|2304800|75.288719
KHC|2017-01-18|87.800003|88.589996|87.800003|88.349998|2881800|75.656929
KHC|2017-01-19|88.18|88.43|87.550003|87.849998|1690600|75.228775
KHC|2017-01-20|88.349998|89|88.010002|88.949997|2795500|76.170738
KHC|2017-01-23|88.660004|88.949997|88.199997|88.800003|2654100|76.042305
KHC|2017-01-24|88.910004|89.190002|88.32|88.690002|2171100|75.948105
KHC|2017-01-25|88.93|89.269997|88.410004|88.839996|2262100|76.076553
KHC|2017-01-26|89.489998|89.900002|88.714996|89.410004|3091900|76.564659
KHC|2017-01-27|88.959999|89.769997|88.779999|89.43|1842800|76.581764
KHC|2017-01-30|89.089996|89.5|88.629997|89.080002|2233600|76.282074
KHC|2017-01-31|88.900002|89.559998|88.834999|89.290001|2650500|76.461891
KHC|2017-02-01|88.889999|89.334999|88.307999|88.410004|1816800|75.708321
KHC|2017-02-02|88.510002|89.099998|88.32|88.610001|1826700|75.879585
KHC|2017-02-03|89.209999|89.349998|88.639999|89.269997|2205100|76.444771
KHC|2017-02-06|89.300003|89.400002|88.639999|88.699997|1359800|75.956657
KHC|2017-02-07|88.709999|89.019997|88.5|88.809998|2599300|76.050858
KHC|2017-02-08|88.809998|89.309998|88.790001|89.190002|3300300|76.376259
KHC|2017-02-09|89.269997|90.389999|89.040001|89.779999|2708300|76.8815
KHC|2017-02-10|89.599998|90.540001|89.339996|90.199997|1882100|77.24115
KHC|2017-02-13|90.309998|90.599998|89.695|90.580002|1812500|77.566566
KHC|2017-02-14|90.57|91.063004|90.099998|90.809998|2322700|77.763519
KHC|2017-02-15|91.129997|91.300003|90.260002|91.095001|3083900|78.007591
KHC|2017-02-16|89.099998|89.839996|86.349998|87.279999|10584700|74.740669
KHC|2017-02-17|92|97.769997|91.849998|96.650002|30007700|82.764511
KHC|2017-02-21|91.82|95.480003|91.349998|94.870003|14423200|81.240242
KHC|2017-02-22|94.849998|95|92.989998|93.360001|4990400|79.947174
KHC|2017-02-23|93.290001|93.620003|92.349998|92.940002|2901000|79.587502
KHC|2017-02-24|93.510002|93.800003|92.57|93.080002|2670500|79.707382
KHC|2017-02-27|92.599998|92.870003|90.330002|90.610001|6084900|77.592247
KHC|2017-02-28|90.68|91.980003|90.349998|91.510002|4267700|78.362953
KHC|2017-03-01|91.769997|91.910004|90.650002|91.43|2858600|78.81118
KHC|2017-03-02|91.5|91.690002|90.779999|91.279999|2552700|78.681892
KHC|2017-03-03|91.25|91.5|90.809998|91.5|1653000|78.871521
KHC|2017-03-06|91.019997|91.510002|90.790001|91.160004|2044900|78.578461
KHC|2017-03-07|90.809998|91.440002|90.720001|90.800003|1491000|78.268135
KHC|2017-03-08|90.669998|91.169998|90.440002|90.900002|2034200|78.354347
KHC|2017-03-09|90.769997|91.584999|90.620003|91.529999|2108500|78.897377
KHC|2017-03-10|92.080002|92.091003|91.260002|91.510002|2277100|78.880142
KHC|2017-03-13|91.370003|91.5|91.019997|91.18|2182900|78.595695
KHC|2017-03-14|91.160004|91.349998|90.669998|91.059998|2097300|78.492256
KHC|2017-03-15|91.589996|92.139999|91.089996|91.839996|2076300|79.164589
KHC|2017-03-16|92.739998|93.269997|92.160004|92.769997|4139000|79.966248
KHC|2017-03-17|93.599998|93.669998|91.82|91.980003|5655700|79.285294
KHC|2017-03-20|92.029999|92.949997|91.889999|92.360001|2063000|79.612823
KHC|2017-03-21|92.309998|92.779999|91.589996|91.900002|2322600|79.216316
KHC|2017-03-22|92.25|92.75|92.040001|92.290001|1540300|79.552505
KHC|2017-03-23|92.050003|92.779999|91.900002|92.010002|1833300|79.311134
KHC|2017-03-24|92.239998|92.400002|91.32|91.68|1703800|79.02668
KHC|2017-03-27|91.5|91.589996|91.091003|91.25|1699000|78.656036
KHC|2017-03-28|90.779999|91.665001|90.779999|91.410004|2222800|78.793953
KHC|2017-03-29|91.199997|91.599998|91.059998|91.489998|1462600|78.862907
KHC|2017-03-30|91.43|91.669998|91.040001|91.099998|1143100|78.526726
KHC|2017-03-31|90.879997|91.190002|90.57|90.809998|2205100|78.276756
KHC|2017-04-03|90.800003|91.279999|90.629997|91.059998|3414800|78.492256
KHC|2017-04-04|90.699997|91.25|90.269997|91.220001|2194000|78.630173
KHC|2017-04-05|91.099998|92.419998|91.029999|91.419998|2694700|78.802574
KHC|2017-04-06|91.489998|91.790001|90.650002|90.949997|2096900|78.39743
KHC|2017-04-07|91.169998|91.489998|90.669998|90.699997|2000300|78.181938
KHC|2017-04-10|90.650002|91|90.160004|90.889999|3496900|78.345711
KHC|2017-04-11|90.889999|91.07|90.388|90.830002|1396500|78.293991
KHC|2017-04-12|91.029999|92.139999|91.010002|91.93|2007400|79.242172
KHC|2017-04-13|92.050003|92.050003|91.480003|91.5|1816300|78.871521
KHC|2017-04-17|91.800003|91.959999|91.029999|91.580002|1803800|78.940483
KHC|2017-04-18|91.540001|92.629997|91.330002|92.5|2135100|79.733528
KHC|2017-04-19|92.43|92.449997|91.690002|91.849998|1978300|79.173218
KHC|2017-04-20|92.110001|92.400002|91.550003|92.040001|1787900|79.33699
KHC|2017-04-21|92.129997|92.239998|91.559998|91.599998|1964500|78.957726
KHC|2017-04-24|92.010002|92.870003|92.010002|92.559998|2185400|79.785233
KHC|2017-04-25|92.639999|92.894997|92.279999|92.290001|1882400|79.552505
KHC|2017-04-26|92.32|92.330002|90.879997|90.919998|2736600|78.371574
KHC|2017-04-27|90.919998|91.419998|90.660004|90.830002|2290300|78.293991
KHC|2017-04-28|91.199997|91.230003|89.830002|90.389999|2894500|77.914734
KHC|2017-05-01|90.650002|90.75|89.349998|89.470001|3363600|77.121689
KHC|2017-05-02|89.639999|89.830002|88.760002|89|3058600|76.716576
KHC|2017-05-03|90.220001|90.220001|88.900002|89.139999|2695300|76.837242
KHC|2017-05-04|88|91.800003|87.139999|89.699997|6391200|77.319954
KHC|2017-05-05|89.860001|90.099998|89.18|89.629997|2267300|77.259621
KHC|2017-05-08|89.580002|89.769997|89|89.480003|2311600|77.130318
KHC|2017-05-09|89.230003|89.651001|88.870003|89.199997|2299200|76.888947
KHC|2017-05-10|89.110001|89.400002|88.940002|89.330002|1654400|77.001015
KHC|2017-05-11|88.800003|89.459999|88.800003|89.279999|1402500|76.957916
KHC|2017-05-12|89.339996|89.449997|88.669998|88.949997|1827300|76.673462
KHC|2017-05-15|88.760002|89.470001|88.559998|89.449997|2029600|77.104469
KHC|2017-05-16|89.260002|89.830002|88.849998|89.110001|1974600|76.811394
KHC|2017-05-17|88.910004|90.139999|88.510002|89.510002|3866600|77.679214
KHC|2017-05-18|89.650002|90.730003|88.910004|90.160004|2854700|78.243309
KHC|2017-05-19|89.75|90.550003|89.400002|90.279999|2707600|78.347443
KHC|2017-05-22|90.110001|91.330002|90.040001|91.18|1830500|79.128471
KHC|2017-05-23|91.209999|92|91.010002|91.870003|1803500|79.72728
KHC|2017-05-24|92|92.660004|91.779999|92.589996|1814900|80.352119
KHC|2017-05-25|92.690002|93.010002|92.379997|92.809998|1665400|80.543037
KHC|2017-05-26|92.900002|93.089996|92.519997|92.989998|1308000|80.699242
KHC|2017-05-30|92.940002|93|92.188004|92.459999|1952600|80.239304
KHC|2017-05-31|92.629997|92.949997|91.970001|92.199997|2283000|80.013664
KHC|2017-06-01|92.349998|92.739998|91.419998|92.730003|2466000|80.473602
KHC|2017-06-02|92.940002|93.550003|92.379997|93.540001|2506100|81.176552
KHC|2017-06-05|93.580002|93.699997|93.050003|93.440002|1707500|81.089767
KHC|2017-06-06|93.449997|93.870003|93.080002|93.209999|1758500|80.890175
KHC|2017-06-07|93.449997|93.879997|93.139999|93.769997|1987300|81.376152
KHC|2017-06-08|93.459999|93.669998|92.474998|92.57|2458700|80.334755
KHC|2017-06-09|92.480003|92.540001|90.459999|90.830002|2801800|78.824745
KHC|2017-06-12|90.599998|92.419998|90.429001|91.25|2720600|79.189224
KHC|2017-06-13|90.68|91.660004|90.169998|91.589996|1909800|79.484283
KHC|2017-06-14|92.150002|92.449997|90.989998|91.459999|1697300|79.371468
KHC|2017-06-15|91.160004|91.839996|91.010002|91.650002|2312700|79.536377
KHC|2017-06-16|90.870003|91.220001|88.910004|89.410004|7470600|77.592422
KHC|2017-06-19|89.959999|90.239998|89.019997|89.849998|3331600|77.974274
KHC|2017-06-20|89.660004|89.772003|89.139999|89.279999|2659500|77.479614
KHC|2017-06-21|89.309998|89.697998|89.110001|89.400002|2186200|77.58374
KHC|2017-06-22|89.470001|89.75|88.894997|89.099998|2721000|77.323402
KHC|2017-06-23|89.400002|89.400002|88.57|88.849998|4205800|77.106445
KHC|2017-06-26|89.529999|89.730003|88.870003|88.940002|1704300|77.184555
KHC|2017-06-27|88.760002|88.949997|87.480003|87.510002|2962100|75.943558
KHC|2017-06-28|88.110001|88.489998|87.209999|87.82|3032300|76.212585
KHC|2017-06-29|87.690002|87.813004|85.449997|85.760002|5189200|74.424858
KHC|2017-06-30|87.199997|87.269997|85.5|85.639999|3415000|74.320724
KHC|2017-07-03|85.959999|86.099998|84.389999|84.470001|2905500|73.305359
KHC|2017-07-05|84.459999|84.760002|83.644997|83.790001|4607700|72.71524
KHC|2017-07-06|83.300003|83.610001|82.620003|82.82|3403100|71.873451
KHC|2017-07-07|82.580002|83.900002|82.199997|83.040001|3454600|72.064362
KHC|2017-07-10|83.389999|83.730003|82.760002|82.769997|2980600|71.830055
KHC|2017-07-11|82.199997|83.989998|82.199997|83.75|5022700|72.680542
KHC|2017-07-12|84.330002|85.18|84.290001|84.699997|4026400|73.504959
KHC|2017-07-13|84.739998|85.040001|84.334999|84.849998|2626500|73.635132
KHC|2017-07-14|85.309998|85.699997|84.830002|85.650002|2533600|74.329399
KHC|2017-07-17|85.68|85.75|85.089996|85.599998|1831500|74.286003
KHC|2017-07-18|85.690002|85.849998|85.172997|85.599998|1586800|74.286003
KHC|2017-07-19|85.629997|85.849998|85.209999|85.690002|2184500|74.364105
KHC|2017-07-20|86.099998|86.099998|85.665001|85.900002|2770500|74.546364
KHC|2017-07-21|85.660004|86.190002|85.410004|86.160004|2840800|74.771988
KHC|2017-07-24|86.120003|86.309998|85.599998|86.220001|1881400|74.824051
KHC|2017-07-25|86.239998|87.610001|86.144997|87.419998|3016900|75.865456
KHC|2017-07-26|87.5|90.379997|87.410004|87.660004|2935300|76.073746
KHC|2017-07-27|87.529999|88.220001|87.309998|88.190002|3025800|76.533684
KHC|2017-07-28|87.800003|88.07|87.07|87.639999|1902100|76.056374
KHC|2017-07-31|87.790001|87.989998|86.980003|87.459999|2593100|75.900169
KHC|2017-08-01|87.379997|87.769997|86.550003|86.669998|3281500|75.214584
KHC|2017-08-02|86.290001|87.139999|85.480003|86.870003|3770500|75.388153
KHC|2017-08-03|86.900002|87.598999|86.330002|86.510002|3966400|75.075714
KHC|2017-08-04|87.580002|87.580002|85.981003|86.660004|8002300|75.20591
KHC|2017-08-07|86.540001|87.230003|86.260002|87.019997|3195100|75.518311
KHC|2017-08-08|86.639999|86.980003|86.019997|86.160004|3125500|74.771988
KHC|2017-08-09|86|86.739998|85.510002|86.459999|2527100|75.032341
KHC|2017-08-10|85.919998|86.400002|85.580002|85.889999|3015600|74.537674
KHC|2017-08-11|85.900002|86.57|85.639999|86.470001|2538900|75.041031
KHC|2017-08-14|86.75|87.290001|86.5|87.019997|2473400|75.518311
KHC|2017-08-15|87.050003|87.199997|86.501999|86.739998|1766700|75.275322
KHC|2017-08-16|86.449997|86.68|86.279999|86.5|1920100|75.61187
KHC|2017-08-17|86.269997|86.760002|85.080002|85.110001|3023000|74.396828
KHC|2017-08-18|84.919998|85.279999|84.160004|84.489998|2833500|73.854874
KHC|2017-08-21|84.730003|84.730003|84.25|84.550003|1764700|73.907326
KHC|2017-08-22|84.760002|85.129997|84.650002|85.050003|2038600|74.344391
KHC|2017-08-23|84.949997|85.160004|84.480003|84.75|1687600|74.082138
KHC|2017-08-24|84.5|84.589996|82.690002|82.800003|3438100|72.377609
KHC|2017-08-25|83.279999|83.32|82.449997|82.599998|3285600|72.202782
KHC|2017-08-28|82.779999|83|81.625|82.139999|2644100|71.800674
KHC|2017-08-29|81.779999|82.110001|81.087997|81.440002|3491400|71.188797
KHC|2017-08-30|81.5|82.190002|81.230003|81.93|3426800|71.617104
KHC|2017-08-31|81.099998|82.099998|80.290001|80.75|5374100|70.58564
KHC|2017-09-01|80.75|81.099998|80.099998|80.849998|4889900|70.673058
KHC|2017-09-05|80.720001|81.5|80.550003|81.150002|3301700|70.935295
KHC|2017-09-06|81.230003|81.400002|80.830002|81.330002|2517500|71.092628
KHC|2017-09-07|81.449997|81.720001|80.830002|81.459999|3257200|71.206276
KHC|2017-09-08|81.449997|82.019997|80.660004|81.720001|3546800|71.433556
KHC|2017-09-11|82.099998|82.559998|81.959999|82.550003|2905500|72.159073
KHC|2017-09-12|82.82|82.980003|82.059998|82.18|2256000|71.83564
KHC|2017-09-13|82.260002|82.349998|81.669998|81.910004|2939200|71.59964
KHC|2017-09-14|81.980003|82|81|81.279999|2987900|71.048935
KHC|2017-09-15|81.330002|81.879997|80.519997|81.43|5962900|71.180061
KHC|2017-09-18|81.239998|81.610001|81.040001|81.400002|2766200|71.153824
KHC|2017-09-19|81.300003|81.419998|80.599998|80.830002|2382900|70.655571
KHC|2017-09-20|80.489998|80.559998|79.129997|79.870003|6182400|69.816429
KHC|2017-09-21|79.989998|80.459999|78.940002|79.010002|2962700|69.064659
KHC|2017-09-22|79.010002|79.239998|77.400002|77.519997|4792600|67.762207
KHC|2017-09-25|77.599998|78.449997|77.470001|78.419998|4332600|68.548927
KHC|2017-09-26|78.599998|78.910004|78.029999|78.589996|3160300|68.697525
KHC|2017-09-27|78.639999|78.800003|77.800003|78.230003|3278800|68.382851
KHC|2017-09-28|78.279999|78.75|77.730003|77.970001|2804500|68.155579
KHC|2017-09-29|78.029999|78.268997|77.440002|77.550003|3781800|67.788445
KHC|2017-10-02|77.550003|78.269997|76.889999|77.849998|3635900|68.05069
KHC|2017-10-03|77.949997|78.139999|77.290001|77.82|2372900|68.02446
KHC|2017-10-04|77.230003|78.150002|76.760002|77.769997|3681100|67.980751
KHC|2017-10-05|77.949997|78.485001|77.699997|78.25|2845300|68.40033
KHC|2017-10-06|78.839996|78.940002|77.985001|78.18|2355900|68.339149
KHC|2017-10-09|78.290001|78.620003|77.195|77.330002|2673700|67.59613
KHC|2017-10-10|77.75|78.25|77.660004|78.139999|2984700|68.304161
KHC|2017-10-11|78.059998|78.660004|77.919998|78.190002|2327700|68.347893
KHC|2017-10-12|78.349998|78.648003|78.040001|78.150002|2485400|68.31292
KHC|2017-10-13|78.550003|78.599998|77.660004|77.739998|3707800|67.954521
KHC|2017-10-16|77.790001|78.095001|77.480003|77.650002|3432300|67.875854
KHC|2017-10-17|77.730003|78.010002|77.339996|77.540001|4373400|67.779701
KHC|2017-10-18|77.410004|77.461998|76.669998|77.099998|3279400|67.395096
KHC|2017-10-19|77|77.087997|76.309998|76.470001|3965000|66.844383
KHC|2017-10-20|76.769997|77.099998|76.120003|76.709999|4761200|67.054184
KHC|2017-10-23|76.879997|77.099998|76.449997|77.059998|4240900|67.360115
KHC|2017-10-24|77.120003|77.419998|76.93|77.220001|3061500|67.499992
KHC|2017-10-25|76.730003|77.419998|76.230003|77.330002|3927100|67.59613
KHC|2017-10-26|77.589996|77.940002|77.150002|77.300003|2849600|67.569916
KHC|2017-10-27|76.82|77.470001|76.235001|77.300003|3751800|67.569916
KHC|2017-10-30|77.199997|77.220001|75.209999|75.269997|5216300|65.795433
KHC|2017-10-31|76.18|77.400002|76.019997|77.330002|4836100|67.59613
KHC|2017-11-01|77.709999|77.860001|77.080002|77.699997|4052600|67.919563
KHC|2017-11-02|76.839996|78.190002|75.510002|78.029999|6533400|68.208031
KHC|2017-11-03|77.870003|78.190002|77.57|78|4077600|68.181793
KHC|2017-11-06|78.089996|78.220001|76.510002|77|4682000|67.307671
KHC|2017-11-07|76.93|78.639999|76.489998|78.18|3421700|68.339149
KHC|2017-11-08|78.639999|80.089996|78.220001|79.580002|4058700|69.562912
KHC|2017-11-09|79.260002|79.940002|79.019997|79.410004|3431600|69.414322
KHC|2017-11-10|78.970001|79.879997|78.970001|79.720001|3403000|69.685295
KHC|2017-11-13|79.660004|80.370003|79.599998|79.849998|3237500|69.79892
KHC|2017-11-14|79.540001|79.879997|79.029999|79.379997|2839200|69.388084
KHC|2017-11-15|79.489998|79.889999|78.57|78.779999|3277400|68.863617
KHC|2017-11-16|78.720001|80.160004|78.510002|79.68|3028900|70.207329
KHC|2017-11-17|79.629997|80.07|79.275002|79.629997|4263200|70.163261
KHC|2017-11-20|79.699997|80.959999|79.629997|79.93|3736700|70.427589
KHC|2017-11-21|80.120003|80.290001|79.760002|80.010002|2455600|70.498093
KHC|2017-11-22|80.040001|80.199997|79.589996|79.82|2923900|70.330673
KHC|2017-11-24|80.25|80.349998|79.540001|79.760002|1144800|70.277802
KHC|2017-11-27|79.760002|80.040001|79.449997|79.610001|4605000|70.145653
KHC|2017-11-28|79.699997|79.860001|78.714996|78.980003|3165500|69.590538
KHC|2017-11-29|78.949997|81.559998|78.830002|81.089996|4067400|71.449692
KHC|2017-11-30|81.440002|82.18|80.5|81.370003|4409700|71.696396
KHC|2017-12-01|80.949997|81.599998|80.290001|81.209999|3360800|71.555428
KHC|2017-12-04|81.32|82.290001|81.165001|81.919998|2908100|72.181007
KHC|2017-12-05|82.050003|82.480003|80.510002|80.639999|3248000|71.053177
KHC|2017-12-06|80.75|81.139999|80.239998|80.489998|2582100|70.921028
KHC|2017-12-07|80.169998|80.5|79.309998|79.360001|2532300|69.925362
KHC|2017-12-08|79.599998|79.706001|77.934998|78.480003|5332600|69.149979
KHC|2017-12-11|78.18|78.389999|77.190002|78.370003|3988400|69.053055
KHC|2017-12-12|78.330002|79.089996|78.120003|78.949997|3140800|69.564102
KHC|2017-12-13|79.25|79.599998|78.769997|79.279999|3028300|69.854866
KHC|2017-12-14|79.279999|79.699997|78.870003|78.980003|3321300|69.590538
KHC|2017-12-15|79.800003|79.830002|79.010002|79.540001|6684900|70.083977
KHC|2017-12-18|79.980003|80.360001|79.290001|79.370003|2721100|69.934174
KHC|2017-12-19|79.519997|79.82|78.389999|78.519997|2889900|69.185219
KHC|2017-12-20|78.809998|78.889999|77.32|77.379997|3802400|68.180756
KHC|2017-12-21|77.839996|78.169998|77.07|77.879997|4562400|68.621307
KHC|2017-12-22|78.139999|78.599998|77.879997|78.239998|3091400|68.93853
KHC|2017-12-26|78.120003|78.470001|78|78.110001|2532000|68.823967
KHC|2017-12-27|78.239998|78.599998|77.949997|77.980003|1757300|68.709427
KHC|2017-12-28|78.220001|78.290001|77.720001|77.919998|1883800|68.65657
KHC|2017-12-29|77.699997|78.68|77.690002|77.760002|2443700|68.515594
KHC|2018-01-02|78.220001|78.309998|76.879997|77.019997|4009000|67.863556
KHC|2018-01-03|77.330002|77.589996|76.900002|77.010002|3369300|67.854744
KHC|2018-01-04|77.230003|78.220001|77.059998|77.910004|3608500|68.647751
KHC|2018-01-05|78.040001|78.330002|77.230003|77.839996|4152500|68.586067
KHC|2018-01-08|77.82|78.580002|77.82|78.480003|3126900|69.149979
KHC|2018-01-09|78.540001|78.720001|78.050003|78.620003|3436500|69.273338
KHC|2018-01-10|78.650002|78.650002|77.400002|77.889999|3823700|68.630127
KHC|2018-01-11|78.019997|78.199997|77.019997|77.129997|3493700|67.960464
KHC|2018-01-12|77.349998|77.57|76.599998|77.349998|4223500|68.154312
KHC|2018-01-16|77.970001|78.919998|77.559998|78.639999|5327800|69.290962
KHC|2018-01-17|79.110001|80.669998|78.790001|80.07|6547600|70.550949
KHC|2018-01-18|80.160004|80.599998|79.019997|79.269997|3447200|69.846054
KHC|2018-01-19|79.529999|79.959999|79.099998|79.660004|3749400|70.189697
KHC|2018-01-22|79.82|80.449997|79.760002|80.169998|3988300|70.639061
KHC|2018-01-23|79.760002|80.529999|79.559998|80.269997|2833000|70.72718
KHC|2018-01-24|80.5|80.589996|79.709999|79.860001|3119600|70.365929
KHC|2018-01-25|80|80.445|79.382004|79.669998|2927300|70.198517
KHC|2018-01-26|79.900002|80|78.400002|79.389999|4772400|69.951797
KHC|2018-01-29|79.169998|79.879997|78.389999|78.419998|3280500|69.097115
KHC|2018-01-30|78.639999|79.660004|78.43|78.5|3334300|69.167595
KHC|2018-01-31|78.620003|78.879997|77.849998|78.389999|4855700|69.070686
KHC|2018-02-01|78.120003|78.949997|77.599998|78.57|3119800|69.229286
KHC|2018-02-02|78.120003|78.339996|76.650002|77.190002|5239700|68.013336
KHC|2018-02-05|77.290001|77.939003|74.175003|74.260002|5372900|65.431671
KHC|2018-02-06|73.839996|74.32|72.050003|74.309998|7556400|65.475739
KHC|2018-02-07|73.839996|74.709999|73.519997|73.550003|6753700|64.806076
KHC|2018-02-08|73.599998|74.040001|71.25|71.580002|8210800|63.070282
KHC|2018-02-09|72|72.660004|70.245003|71.379997|6871000|62.894051
KHC|2018-02-12|71.519997|72.629997|71.449997|71.809998|4372900|63.272942
KHC|2018-02-13|71.519997|71.989998|70.68|71.709999|4043600|63.184834
KHC|2018-02-14|71.339996|72.040001|70.699997|71.919998|5503100|63.369854
KHC|2018-02-15|72.190002|72.779999|70.650002|72.709999|7410900|64.065941
KHC|2018-02-16|69.940002|71.25|67.650002|70.800003|14988800|62.383011
KHC|2018-02-20|70.779999|70.800003|68.019997|68.690002|8715200|60.523857
KHC|2018-02-21|68.919998|68.93|67.440002|67.470001|6647900|59.448902
KHC|2018-02-22|67.379997|68.249001|67.050003|67.639999|5972000|59.598679
KHC|2018-02-23|67.959999|69.110001|67.349998|69.019997|5740900|60.814621
KHC|2018-02-26|69.599998|70|68.559998|69.739998|7520500|61.449028
KHC|2018-02-27|69.610001|70.014999|67.860001|67.870003|5412100|59.80135
KHC|2018-02-28|68.269997|68.589996|67.029999|67.050003|6193000|59.078827
KHC|2018-03-01|67.139999|67.988998|66.360001|66.889999|5209600|58.937851
KHC|2018-03-02|67.019997|67.610001|66.519997|67.169998|4820800|59.184559
KHC|2018-03-05|66.720001|67.730003|66.720001|67.43|3910800|59.413658
KHC|2018-03-06|67.699997|67.870003|67.230003|67.769997|3539400|59.713223
KHC|2018-03-07|67.349998|67.589996|66.730003|67.459999|3316500|59.440083
KHC|2018-03-08|67.169998|67.360001|66.464996|66.989998|3508400|59.577934
KHC|2018-03-09|67.199997|67.599998|66.529999|67.230003|4911000|59.791382
KHC|2018-03-12|67.260002|67.889999|67.099998|67.699997|2653200|60.209381
KHC|2018-03-13|67.839996|67.949997|67.160004|67.370003|3360700|59.91589
KHC|2018-03-14|67.610001|67.910004|66.220001|66.580002|3900900|59.213306
KHC|2018-03-15|66.400002|66.669998|65.114998|65.459999|4870800|58.217213
KHC|2018-03-16|65.449997|65.839996|64.940002|65.360001|7204500|58.128284
KHC|2018-03-19|65.18|65.360001|63.580002|63.950001|6947200|56.87429
KHC|2018-03-20|64.029999|64.209999|62.82|63.18|7502500|56.189491
KHC|2018-03-21|62.529999|62.759998|61.75|61.990002|7088700|55.131161
KHC|2018-03-22|61.73|61.959999|60.490002|60.529999|8156600|53.832699
KHC|2018-03-23|60.73|61.657001|59.950001|60.029999|6316300|53.388012
KHC|2018-03-26|60.880001|61.73|60.529999|61.650002|5310600|54.828777
KHC|2018-03-27|61.740002|61.98|60.389999|60.700001|5276500|53.983887
KHC|2018-03-28|60.84|61.959999|60.750999|61.369999|4778200|54.579754
KHC|2018-03-29|61.790001|62.619999|61.685001|62.290001|5001900|55.397964
KHC|2018-04-02|61.939999|62|59.790001|60.060001|5294200|53.4147
KHC|2018-04-03|60.619999|60.66|59.48|60.240002|6325300|53.574787
KHC|2018-04-04|59.790001|61.823002|59.726002|61.380001|4764400|54.58865
KHC|2018-04-05|61.700001|61.900002|60.950001|61.310001|4272700|54.526394
KHC|2018-04-06|61.09|61.98|60.16|60.540001|3932000|53.841587
KHC|2018-04-09|60.889999|61.400002|60.34|60.650002|4669300|53.939419
KHC|2018-04-10|61.650002|61.82|60.619999|61.25|4667400|54.473026
KHC|2018-04-11|60.849998|61.830002|60.779999|61.540001|3852600|54.730953
KHC|2018-04-12|61.529999|61.705002|60.779999|60.939999|5145800|54.197334
KHC|2018-04-13|61.07|61.130001|60.490002|60.919998|3746000|54.179543
KHC|2018-04-16|60.02|61.310001|59.919998|61.189999|5446000|54.419666
KHC|2018-04-17|61.689999|61.810001|61.09|61.689999|4444100|54.864342
KHC|2018-04-18|61.66|61.799999|60.349998|60.790001|5525800|54.063934
KHC|2018-04-19|60.75|60.889999|59.630001|59.73|7461800|53.121212
KHC|2018-04-20|59.849998|60.158001|57.549999|58.220001|9765800|51.778286
KHC|2018-04-23|58|58.189999|57.41|57.68|7905100|51.298035
KHC|2018-04-24|57.950001|58|56.110001|56.529999|8266800|50.275272
KHC|2018-04-25|56.52|57.400002|56.290001|56.849998|6766600|50.559868
KHC|2018-04-26|57.029999|57.466|56.509998|57.330002|5147400|50.986763
KHC|2018-04-27|57.43|58.259998|57.360001|57.66|4096100|51.280247
KHC|2018-04-30|57.900002|58.16|56.360001|56.380001|6761600|50.141869
KHC|2018-05-01|56.32|56.439999|55.299999|55.700001|6350200|49.537113
KHC|2018-05-02|55.880001|55.950001|54.110001|54.200001|9045100|48.203075
KHC|2018-05-03|56.27|56.400002|54.939999|54.950001|10380800|48.87009
KHC|2018-05-04|55|58.450001|54.689999|58.009998|9221300|51.591515
KHC|2018-05-07|58.5|59.244999|58.189999|58.830002|7337400|52.320797
KHC|2018-05-08|58.689999|59.130001|57.619999|58.759998|7163200|52.258537
KHC|2018-05-09|58.939999|59.32|58.09|58.48|5002300|52.009518
KHC|2018-05-10|58.75|59.349998|58.549999|59.040001|3934200|52.507557
KHC|2018-05-11|58.970001|59.860001|58.970001|59.240002|3980300|52.685432
KHC|2018-05-14|59.369999|59.599998|58.919998|59.279999|4228700|52.721004
KHC|2018-05-15|59.16|59.490002|58.619999|59.040001|5662600|52.507557
KHC|2018-05-16|59.060001|59.32|58.529999|59.290001|4334000|52.729897
KHC|2018-05-17|58.720001|58.84|57.720001|58.060001|4694100|52.186096
KHC|2018-05-18|57.610001|57.66|55.715|56.790001|9529000|51.04459
KHC|2018-05-21|57|57.349998|56.202|56.450001|4588300|50.738987
KHC|2018-05-22|56.580002|57.256001|56.209999|56.580002|4179500|50.855835
KHC|2018-05-23|56.299999|57.080002|56.299999|56.98|3134900|51.215363
KHC|2018-05-24|57|57.16|56.380001|57.060001|2750600|51.287273
KHC|2018-05-25|57.119999|58.119999|57.099998|57.77|3296000|51.925434
KHC|2018-05-29|57.57|57.860001|56.939999|57.400002|4231400|51.592873
KHC|2018-05-30|57.650002|59.060001|57.439999|58.84|5587300|52.887192
KHC|2018-05-31|58.790001|58.939999|57.150002|57.48|6787400|51.66478
KHC|2018-06-01|57.639999|58.18|57.279999|57.650002|4745600|51.817585
KHC|2018-06-04|57.849998|58.66|57.75|58.419998|3626300|52.509682
KHC|2018-06-05|58.779999|58.792|57.667|57.919998|4920300|52.060261
KHC|2018-06-06|58.09|58.09|57.009998|57.919998|4826800|52.060261
KHC|2018-06-07|57.509998|58.16|57.07|57.669998|4501800|51.835552
KHC|2018-06-08|57.790001|58.59|57.669998|58.470001|4266700|52.554619
KHC|2018-06-11|58.599998|60.139999|58.580002|59.880001|5252000|53.821968
KHC|2018-06-12|60.23|60.650002|59.290001|60.119999|4309300|54.037693
KHC|2018-06-13|60.360001|60.68|59.650002|60.099998|3477900|54.019714
KHC|2018-06-14|60.389999|61.009998|59.939999|60.669998|3572700|54.532047
KHC|2018-06-15|60.810001|61.639999|60.389999|61.610001|7616400|55.376953
KHC|2018-06-18|61.43|62.650002|60.470001|60.869999|4491300|54.711815
KHC|2018-06-19|60.59|62.27|60.5|62.139999|5974300|55.853333
KHC|2018-06-20|62.27|63.34|62|63.040001|6027600|56.662285
KHC|2018-06-21|63.049999|63.200001|62.25|62.57|4956000|56.239834
KHC|2018-06-22|62.810001|63.450001|62.66|63.209999|4247200|56.815083
KHC|2018-06-25|62.849998|64.540001|62.82|63.32|4976500|56.913948
KHC|2018-06-26|63.580002|63.610001|62.349998|63.209999|4190400|56.815083
KHC|2018-06-27|62.990002|63.814999|62.509998|62.689999|3250100|56.347683
KHC|2018-06-28|62.84|63.32|62.505001|62.650002|3688000|56.311729
KHC|2018-06-29|62.91|63.23|62.130001|62.82|3812500|56.464535
KHC|2018-07-02|62.5|62.59|61.52|62.09|3666600|55.808392
KHC|2018-07-03|62.330002|63.130001|62.330002|62.639999|1674000|56.302746
KHC|2018-07-05|63.279999|64|62.639999|63.950001|2834300|57.480213
KHC|2018-07-06|64|64.620003|63.669998|64.43|3330000|57.911655
KHC|2018-07-09|64.650002|64.75|63.619999|63.970001|3079900|57.498192
KHC|2018-07-10|64.339996|64.339996|63.330002|64|3112900|57.525158
KHC|2018-07-11|63.91|64.279999|63.509998|63.740002|2520900|57.291466
KHC|2018-07-12|63.93|64.050003|63.290001|63.639999|2659900|57.201576
KHC|2018-07-13|63.639999|64.589996|63.5|63.849998|3997900|57.390327
KHC|2018-07-16|63.889999|63.990002|62.59|62.639999|4164900|56.302746
KHC|2018-07-17|62.639999|63.380001|62.549999|63.049999|5032300|56.671265
KHC|2018-07-18|63.049999|63.18|61.540001|61.59|5196400|55.358974
KHC|2018-07-19|61.310001|62.009998|60.880001|61.34|6839500|55.13427
KHC|2018-07-20|61.27|61.380001|60.549999|60.689999|5809500|54.550026
KHC|2018-07-23|60.400002|60.889999|60.139999|60.299999|4857500|54.199482
KHC|2018-07-24|60.299999|60.470001|59.150002|59.669998|6374000|53.633221
KHC|2018-07-25|59.709999|60.16|58.939999|59.84|3713900|53.786018
KHC|2018-07-26|60.720001|61.700001|60.23|60.48|4082200|54.361271
KHC|2018-07-27|60.599998|61.049|59.887001|60.259998|3771100|54.163532
KHC|2018-07-30|60.099998|60.619999|59.82|60.279999|3743100|54.181503
KHC|2018-07-31|60.610001|61.169998|60.009998|60.25|6484800|54.154537
KHC|2018-08-01|60|60.099998|59.25|59.279999|4013200|53.282677
KHC|2018-08-02|59.099998|59.650002|58.243|59.400002|6445100|53.390533
KHC|2018-08-03|61|64.989998|60.380001|64.480003|16199700|57.956593
KHC|2018-08-06|63.849998|64.120003|62.150002|62.299999|7453200|55.997147
KHC|2018-08-07|62.5|62.540001|61.075001|61.32|6542400|55.116291
KHC|2018-08-08|60.080002|60.849998|59.5|60.279999|11053800|54.181503
KHC|2018-08-09|60.419998|60.619999|59.68|60|6568700|53.929836
KHC|2018-08-10|59.759998|60|59.099998|59.650002|5118000|53.615242
KHC|2018-08-13|59.48|59.709999|58.830002|59.279999|5790400|53.282677
KHC|2018-08-14|59.5|60.060001|59.43|59.52|4439900|53.498394
KHC|2018-08-15|59.560001|59.580002|58.98|59.09|5299600|53.1119
KHC|2018-08-16|58.970001|60.150002|58.830002|60.029999|6261800|54.5336
KHC|2018-08-17|60.299999|61.310001|59.77|61.02|6417000|55.432961
KHC|2018-08-20|61.029999|61.681999|60.610001|60.639999|4647000|55.087746
KHC|2018-08-21|60.75|60.75|59.59|59.84|4849800|54.360996
KHC|2018-08-22|59.98|60.099998|59.34|59.549999|3224800|54.097553
KHC|2018-08-23|59.259998|59.490002|58.75|58.799999|5179800|53.416222
KHC|2018-08-24|58.919998|59.419998|58.759998|59.029999|4513200|53.625168
KHC|2018-08-27|59.349998|59.869999|59.18|59.57|3496800|54.115723
KHC|2018-08-28|59.509998|59.869999|58.790001|58.790001|4293500|53.407146
KHC|2018-08-29|58.900002|59.369999|58.560001|59.299999|5188900|53.870445
KHC|2018-08-30|59.130001|59.57|58.165001|58.220001|5063800|52.889332
KHC|2018-08-31|58.355|58.57|57.630001|58.27|5520300|52.934753
KHC|2018-09-04|58.450001|58.619999|56.549999|56.66|6918700|51.472168
KHC|2018-09-05|56.650002|57.714001|56.290001|57|7064200|51.781033
KHC|2018-09-06|57.040001|57.25|56.060001|56.799999|8822100|51.599346
KHC|2018-09-07|56.689999|56.720001|56.169998|56.59|6815900|51.408573
KHC|2018-09-10|56.900002|57.48|56.810001|57.240002|8285300|51.999058
KHC|2018-09-11|57.349998|57.865002|56.689999|57.759998|7617300|52.471447
KHC|2018-09-12|58.23|59.529999|57.799999|59.119999|6699000|53.706928
KHC|2018-09-13|59.25|59.91|58.900002|59.490002|5891500|54.043045
KHC|2018-09-14|59.299999|59.359001|58.599998|58.970001|3953700|53.57066
KHC|2018-09-17|58.02|58.490002|57.700001|58.349998|7494000|53.007423
KHC|2018-09-18|57.849998|58.049999|56.380001|57.099998|7285100|51.87188
KHC|2018-09-19|57.32|57.450001|56.82|56.889999|5079400|51.681107
KHC|2018-09-20|57.279999|57.944|57.220001|57.57|5364600|52.298843
KHC|2018-09-21|57.93|57.939999|57.049999|57.119999|11543500|51.890049
KHC|2018-09-24|57|57.299999|56.235001|56.52|4729000|51.344986
KHC|2018-09-25|56.650002|56.842999|55.599998|55.66|3813200|50.563725
KHC|2018-09-26|55.91|55.919998|55.07|55.169998|5436500|50.118591
KHC|2018-09-27|55.110001|55.775002|54.32|55.040001|7881900|50.000496
KHC|2018-09-28|54.98|55.439999|54.400002|55.110001|6505300|50.064079
KHC|2018-10-01|55.490002|55.935001|55.224998|55.540001|6208700|50.454712
KHC|2018-10-02|55.57|56.290001|55.459999|55.93|3930000|50.809002
KHC|2018-10-03|56.07|56.5|55.380001|55.599998|5395100|50.50922
KHC|2018-10-04|55.450001|55.880001|55.139999|55.52|4349500|50.436539
KHC|2018-10-05|55.700001|56.040001|55.23|55.889999|4163400|50.772667
KHC|2018-10-08|55.849998|57.310001|55.849998|57.060001|6060700|51.835541
KHC|2018-10-09|57.299999|57.48|55.59|56.07|8535700|50.936188
KHC|2018-10-10|55.810001|57.029999|55.73|55.740002|7799600|50.636406
KHC|2018-10-11|55.970001|56.23|53.57|53.82|9593800|48.892197
KHC|2018-10-12|53.939999|54.43|53.029999|54.240002|9452500|49.273743
KHC|2018-10-15|54.049999|54.959999|54.049999|54.470001|4829800|49.482685
KHC|2018-10-16|54.709999|55.66|54.490002|55.439999|4813700|50.363869
KHC|2018-10-17|55.41|57.02|55.299999|56.400002|7094000|51.23597
KHC|2018-10-18|56.41|56.919998|55.43|55.540001|6075400|50.454712
KHC|2018-10-19|56.150002|57.755001|56.099998|57.560001|8880700|52.289761
KHC|2018-10-22|57.66|58.080002|56.09|56.209999|7390000|51.063362
KHC|2018-10-23|56.200001|56.861|55.529999|56.599998|6429000|51.41766
KHC|2018-10-24|56.419998|57.380001|55.705002|55.779999|5833800|50.672741
KHC|2018-10-25|55.759998|56.540001|55.34|55.98|5712800|50.854427
KHC|2018-10-26|55.509998|55.580002|54.299999|54.650002|6480000|49.646202
KHC|2018-10-29|55.169998|56.110001|54.720001|55.52|6301400|50.436539
KHC|2018-10-30|55.619999|56.43|55.330002|55.849998|6015500|50.736328
KHC|2018-10-31|55.5|55.544998|53.77|54.970001|8888100|49.936905
KHC|2018-11-01|55.130001|56.5|54.610001|56.200001|7427700|51.054279
KHC|2018-11-02|52.25|52.52|50.410999|50.73|22310600|46.085121
KHC|2018-11-05|51.07|53|51.040001|52.389999|10481500|47.593132
KHC|2018-11-06|52.77|53.720001|52.43|53.459999|6724000|48.565159
KHC|2018-11-07|53.849998|54.029999|52.900002|53.549999|5379400|48.646915
KHC|2018-11-08|53.25|53.599998|52.939999|53.310001|5031800|48.428894
KHC|2018-11-09|53.360001|54.145|53.07|53.990002|5712700|49.046631
KHC|2018-11-12|54.029999|54.869999|53.509998|53.669998|5540900|48.755928
KHC|2018-11-13|53.75|54.27|52.98|53.380001|5511400|48.492481
KHC|2018-11-14|53.43|53.560001|52.169998|52.639999|5601600|47.82024
KHC|2018-11-15|52|52.27|51.450001|51.990002|6902900|47.797256
KHC|2018-11-16|52.009998|52.900002|51.77|52.080002|11005000|47.880001
KHC|2018-11-19|51.970001|52.740002|51.73|51.889999|6378100|47.705322
KHC|2018-11-20|52.049999|52.365002|50.709999|50.939999|5967000|46.831928
KHC|2018-11-21|51.029999|51.48|50.720001|51.16|4154900|47.034191
KHC|2018-11-23|51.029999|51.5|50.830002|51.040001|2018700|46.923866
KHC|2018-11-26|51.560001|51.720001|50.950001|51.07|4527200|46.95145
KHC|2018-11-27|50.93|51.855|50.584999|51.799999|5269200|47.622578
KHC|2018-11-28|51.32|51.41|50.619999|51.18|6212700|47.052578
KHC|2018-11-29|50.959999|51.654999|50.830002|51.189999|4840300|47.061771
KHC|2018-11-30|51.110001|51.290001|50.779999|51.119999|6402800|46.997421
KHC|2018-12-03|51.400002|51.66|50.880001|51.419998|5849600|47.273228
KHC|2018-12-04|51.400002|51.689999|49.860001|49.98|6460000|45.949356
KHC|2018-12-06|50|50.23|48.52|49.52|8413300|45.526447
KHC|2018-12-07|49.400002|49.945|48.514999|48.709999|5152600|44.781765
KHC|2018-12-10|48.860001|49|47.189999|48.27|7708700|44.377258
KHC|2018-12-11|48.709999|49.310001|48.130001|48.380001|6550200|44.47839
KHC|2018-12-12|48.950001|49.169998|48.23|48.259998|7351700|44.368057
KHC|2018-12-13|48.369999|48.632|48|48.470001|4683500|44.561127
KHC|2018-12-14|48.360001|48.450001|47.374001|47.459999|5653400|43.632576
KHC|2018-12-17|47.5|47.985001|46.369999|46.82|7994300|43.044189
KHC|2018-12-18|46.98|47.240002|45.880001|46.150002|7852600|42.428226
KHC|2018-12-19|46.5|46.880001|44.869999|45.09|11399300|41.453705
KHC|2018-12-20|45.080002|45.48|44.419998|44.849998|11469400|41.233063
KHC|2018-12-21|45.049999|45.900002|43.945999|44.049999|13230600|40.497581
KHC|2018-12-24|44.060001|44.220001|42.439999|42.540001|5241100|39.109356
KHC|2018-12-26|42.66|43.290001|41.599998|43.290001|9547100|39.798866
KHC|2018-12-27|43.220001|43.790001|42.279999|43.759998|9022000|40.230965
KHC|2018-12-28|43.889999|44.549999|43.389999|43.57|8321800|40.056293
KHC|2018-12-31|42.91|43.419998|42.34|43.040001|9206000|39.569027
KHC|2019-01-02|42.75|43.720001|42.285|43.34|6417800|39.844837
KHC|2019-01-03|43.150002|43.880001|42.98|43.310001|7613500|39.817257
KHC|2019-01-04|44.080002|44.639999|43.5|44.490002|6452600|40.9021
KHC|2019-01-07|44.490002|45.709999|44.009998|45.330002|6711400|41.674355
KHC|2019-01-08|45.610001|45.734001|45.040001|45.369999|8308100|41.711132
KHC|2019-01-09|45.310001|45.470001|44.77|45.130001|6628800|41.490486
KHC|2019-01-10|45.150002|45.669998|44.790001|45.599998|6153000|41.922581
KHC|2019-01-11|45.790001|45.868|44.785|45.610001|4879400|41.931774
KHC|2019-01-14|45.57|46.419998|45.439999|46.25|7977200|42.520164
KHC|2019-01-15|46.66|46.919998|46.240002|46.91|6086900|43.12693
KHC|2019-01-16|47|47.34|46.639999|46.84|8449400|43.062576
KHC|2019-01-17|46.919998|47.099998|46.310001|47.080002|7363900|43.283226
KHC|2019-01-18|47.419998|47.799999|47|47.529999|6141000|43.696934
KHC|2019-01-22|47.84|47.900002|46.509998|47.279999|6959800|43.467094
KHC|2019-01-23|47.529999|47.700001|46.580002|47.060001|5213900|43.264839
KHC|2019-01-24|46.580002|47.075001|46.400002|46.540001|6063000|42.78677
KHC|2019-01-25|46.84|47.240002|46.66|46.75|5422000|42.979836
KHC|2019-01-28|46.779999|47.110001|46.060001|46.900002|6545800|43.117741
KHC|2019-01-29|47.040001|47.259998|46.41|46.880001|4440500|43.099358
KHC|2019-01-30|47|47.139999|46.52|46.75|5414300|42.979836
KHC|2019-01-31|46.970001|48.099998|46.939999|48.060001|8319600|44.184193
KHC|2019-02-01|48.139999|48.240002|47.525002|47.759998|4740200|43.908382
KHC|2019-02-04|47.82|47.98|47.389999|47.73|6251500|43.880806
KHC|2019-02-05|47.619999|48.16|47.459999|48.139999|6145700|44.257744
KHC|2019-02-06|47.950001|48.07|47.485001|47.689999|5012400|43.844028
KHC|2019-02-07|47.07|47.693001|46.82|47.23|9556900|43.421127
KHC|2019-02-08|47.200001|47.48|46.639999|47.459999|5278600|43.632576
KHC|2019-02-11|47.5|47.75|46.880001|47.330002|5152500|43.513065
KHC|2019-02-12|47.59|48.470001|47.5|48.110001|5363900|44.230164
KHC|2019-02-13|48.310001|48.419998|47.610001|47.639999|6021400|43.798065
KHC|2019-02-14|47.48|47.66|46.889999|47.34|4390000|43.522255
KHC|2019-02-15|47.82|48.09|47.34|47.619999|5758800|43.779675
KHC|2019-02-19|47.82|48.380001|47.630001|47.77|7443900|43.91758
KHC|2019-02-20|47.900002|48.5|47.630001|48.259998|7048900|44.368057
KHC|2019-02-21|48.389999|48.66|47.849998|48.18|10117900|44.294514
KHC|2019-02-22|35.849998|36|34.509998|34.950001|135204800|32.131454
KHC|2019-02-25|35|35.419998|34.060001|34.23|47394300|31.469519
KHC|2019-02-26|34.240002|34.509998|33.040001|33.119999|36361600|30.44903
KHC|2019-02-27|33.150002|33.25|32.049999|32.200001|28284100|29.603226
KHC|2019-02-28|32.419998|33.639999|31.82|33.189999|39658300|30.513388
KHC|2019-03-01|33.41|33.490002|32.349998|32.400002|20796800|29.787096
KHC|2019-03-04|32.900002|33.549999|32.77|33.23|19256700|30.550158
KHC|2019-03-05|33.380001|33.389999|32.66|33.040001|13556300|30.375483
KHC|2019-03-06|33.130001|33.200001|32.75|32.860001|8978600|30.209999
KHC|2019-03-07|32.630001|32.630001|31.809999|31.889999|15205600|29.67951
KHC|2019-03-08|31.690001|32.299999|31.6|32.099998|12460800|29.874952
KHC|2019-03-11|31.99|32.189999|31.650999|32.169998|12449900|29.940098
KHC|2019-03-12|32.200001|32.419998|31.856001|31.99|10361500|29.772579
KHC|2019-03-13|32.07|32.310001|31.9|32.299999|8688600|30.06109
KHC|2019-03-14|32.34|32.5|31.85|31.870001|8199900|29.660898
KHC|2019-03-15|31.950001|32.220001|31.65|32.09|16516500|29.865646
KHC|2019-03-18|31.799999|32.099998|31.530001|32.029999|13719500|29.809803
KHC|2019-03-19|31.969999|32.48|31.879999|32.130001|10194500|29.902874
KHC|2019-03-20|32.099998|32.18|31.74|32.02|10093500|29.800497
KHC|2019-03-21|32.040001|32.849998|31.92|32.75|11186100|30.479897
KHC|2019-03-22|32.830002|32.849998|32.189999|32.290001|12098300|30.051785
KHC|2019-03-25|32.27|32.540001|32.029999|32.5|7663500|30.247229
KHC|2019-03-26|32.540001|33.049999|32.509998|32.900002|7464000|30.619501
KHC|2019-03-27|32.900002|33.189999|32.41|32.639999|8391900|30.377525
KHC|2019-03-28|32.700001|33.029999|32.68|32.889999|6577200|30.610195
KHC|2019-03-29|32.669998|33.049999|32.549999|32.650002|8130000|30.386831
KHC|2019-04-01|32.799999|32.98|32.415001|32.5|7969100|30.247229
KHC|2019-04-02|32.560001|32.73|32.02|32.080002|9344000|29.85634
KHC|2019-04-03|32.240002|32.360001|32.02|32.25|8431100|30.014557
KHC|2019-04-04|32.299999|32.790001|32.110001|32.689999|7574200|30.424055
KHC|2019-04-05|32.689999|33.200001|32.619999|33.169998|8852400|30.870781
KHC|2019-04-08|33.23|33.369999|32.959999|33.189999|6571100|30.8894
KHC|2019-04-09|33.16|33.23|32.849998|32.950001|6398800|30.666037
KHC|2019-04-10|32.98|33.07|32.700001|32.98|6323800|30.693956
KHC|2019-04-11|33.080002|33.195|32.799999|32.990002|6022200|30.703268
KHC|2019-04-12|33.119999|33.32|32.91|33.07|5278400|30.777718
KHC|2019-04-15|33.09|33.18|32.84|33.139999|5232900|30.842863
KHC|2019-04-16|33.07|33.5|33.009998|33.040001|4618200|30.749796
KHC|2019-04-17|33.049999|33.110001|32.849998|32.889999|6532700|30.610195
KHC|2019-04-18|33.02|33.080002|32.849998|32.959999|6834200|30.675341
KHC|2019-04-22|33.529999|33.779999|32.810001|32.900002|10441400|30.619501
KHC|2019-04-23|32.93|33.174999|32.849998|33.099998|9615900|30.805634
KHC|2019-04-24|32.860001|32.900002|32.328999|32.759998|8443100|30.489204
KHC|2019-04-25|32.669998|32.740002|32.439999|32.52|6196300|30.265842
KHC|2019-04-26|32.700001|33.099998|32.575001|33.060001|6908200|30.768408
KHC|2019-04-29|33.16|33.326|33.029999|33.27|5963400|30.963852
KHC|2019-04-30|33.310001|33.470001|33.060001|33.240002|9695000|30.935934
KHC|2019-05-01|33.200001|33.57|32.93|32.990002|7402700|30.703268
KHC|2019-05-02|32.700001|32.830002|31.82|32.18|12276800|29.949408
KHC|2019-05-03|32.349998|32.66|32.035|32.580002|6995800|30.321684
KHC|2019-05-06|32.349998|32.939999|32.310001|32.77|10303800|30.49851
KHC|2019-05-07|32.630001|32.959999|32.200001|32.5|8719100|30.247229
KHC|2019-05-08|32.5|32.619999|32.259998|32.43|5778600|30.182079
KHC|2019-05-09|32.299999|32.639999|31.969999|32.580002|6838900|30.321684
KHC|2019-05-10|32.560001|32.73|31.67|32.650002|9250000|30.386831
KHC|2019-05-13|32.290001|32.43|31.82|31.969999|7944100|29.753963
KHC|2019-05-14|32.080002|32.400002|31.98|32.27|7267300|30.033169
KHC|2019-05-15|32.200001|32.439999|31.860001|32.400002|5744000|30.15416
KHC|2019-05-16|32.369999|32.73|32.290001|32.459999|5135600|30.209999
KHC|2019-05-17|32.41|32.869999|32.205002|32.529999|5852500|30.275146
KHC|2019-05-20|32.32|32.360001|31.639999|31.790001|9077200|29.586443
KHC|2019-05-21|31.92|32.18|31.530001|31.98|6531900|29.763273
KHC|2019-05-22|31.98|32.110001|31.705|31.879999|6141600|29.670202
KHC|2019-05-23|31.709999|31.76|31.200001|31.450001|7162100|29.27001
KHC|2019-05-24|31.620001|31.73|31.030001|31.110001|8283900|28.953577
KHC|2019-05-28|31.1|31.120001|29.01|29.059999|24476400|27.045673
KHC|2019-05-29|28.889999|28.950001|28.43|28.68|13150600|26.692015
KHC|2019-05-30|28.280001|28.309999|27.25|27.4|15970500|25.861429
KHC|2019-05-31|27.27|27.68|26.959999|27.65|10453400|26.097389
KHC|2019-06-03|27.68|28.49|27.67|28.42|12485500|26.824152
KHC|2019-06-04|28.49|28.732|28.4|28.67|11999700|27.060118
KHC|2019-06-05|28.85|28.85|28.27|28.469999|12103200|26.871346
KHC|2019-06-06|28.440001|28.639999|28.17|28.620001|9267400|27.012922
KHC|2019-06-07|28.700001|28.950001|28.610001|28.74|11638400|27.126184
KHC|2019-06-10|30.1|30.5|29.85|30.309999|24143900|28.608025
KHC|2019-06-11|30.299999|30.35|29.799999|30.24|17107800|28.541954
KHC|2019-06-12|30.209999|30.370001|29.969999|30.129999|13484200|28.438133
KHC|2019-06-13|30.1|30.68|30.1|30.41|10592300|28.70241
KHC|2019-06-14|30.49|30.530001|29.98|30.309999|11839700|28.608025
KHC|2019-06-17|30.370001|30.434999|30.120001|30.17|7957600|28.475887
KHC|2019-06-18|30.43|30.49|30.120001|30.27|10298700|28.570271
KHC|2019-06-19|30.17|31.004999|30.110001|30.959999|11185600|29.221527
KHC|2019-06-20|31.15|31.365|30.92|31.129999|8706200|29.381981
KHC|2019-06-21|31.110001|31.5|30.791|31.48|12099000|29.712326
KHC|2019-06-24|31.34|31.48|30.485001|30.52|10618400|28.806236
KHC|2019-06-25|30.389999|30.85|30.353001|30.68|7514700|28.957249
KHC|2019-06-26|30.41|30.950001|30.16|30.84|7541900|29.108265
KHC|2019-06-27|30.68|30.83|30.549999|30.77|5051500|29.042194
KHC|2019-06-28|30.9|31.07|30.68|31.040001|7589100|29.297037
KHC|2019-07-01|31.26|31.440001|30.33|30.459999|8103600|28.749601
KHC|2019-07-02|30.43|30.639999|30.23|30.52|8013900|28.806236
KHC|2019-07-03|30.84|31.33|30.638|31.25|7003100|29.495241
KHC|2019-07-05|31.209999|31.215|30.524|30.99|5234200|29.249842
KHC|2019-07-08|30.99|31.049999|30.58|30.690001|4360000|28.966688
KHC|2019-07-09|30.6|30.809999|30.434999|30.5|5011400|28.787357
KHC|2019-07-10|30.6|31.35|30.58|31.299999|6607400|29.542435
KHC|2019-07-11|31.43|31.58|30.610001|30.65|5846400|28.928932
KHC|2019-07-12|30.65|30.92|30.549999|30.799999|4348200|29.070509
KHC|2019-07-15|30.870001|30.92|30.559999|30.68|4572400|28.957249
KHC|2019-07-16|30.68|30.745001|30.24|30.32|4747100|28.617464
KHC|2019-07-17|30.389999|30.52|30.26|30.440001|3901500|28.730724
KHC|2019-07-18|30.440001|31.145|30.353001|31.049999|6940700|29.306471
KHC|2019-07-19|30.98|31.719999|30.76|31.540001|9416200|29.768961
KHC|2019-07-22|31.58|31.84|31.309999|31.49|7678900|29.721766
KHC|2019-07-23|31.51|32.389999|31.450001|31.950001|6696300|30.155937
KHC|2019-07-24|31.940001|32.080002|31.58|32.07|7024400|30.269196
KHC|2019-07-25|31.809999|32.18|31.334999|31.549999|5788100|29.778397
KHC|2019-07-26|31.67|31.950001|31.440001|31.85|3745800|30.061552
KHC|2019-07-29|31.9|31.965|31.549999|31.76|4465100|29.976604
KHC|2019-07-30|31.629999|31.860001|31.309999|31.84|4082000|30.052114
KHC|2019-07-31|31.870001|32.259998|31.465|32.009998|10875600|30.212564
KHC|2019-08-01|32.099998|33.25|31.629999|32.529999|10753300|30.703365
KHC|2019-08-02|32.619999|32.689999|31.790001|32.209999|5842700|30.401335
KHC|2019-08-05|31.77|31.940001|31.219999|31.440001|9686200|29.674574
KHC|2019-08-06|31.440001|31.5|30.549999|30.58|8156700|28.862864
KHC|2019-08-07|30.530001|31|29.49|30.870001|10723200|29.13658
KHC|2019-08-08|26.73|28.24|26.049999|28.219999|44732500|26.635382
KHC|2019-08-09|27.639999|27.790001|26.440001|26.5|19596000|25.011967
KHC|2019-08-12|26.5|26.6|25.74|26.290001|14773100|24.813757
KHC|2019-08-13|26.120001|26.666|25.950001|25.959999|16317800|24.502289
KHC|2019-08-14|25.85|26.280001|25.190001|25.52|14678700|24.086994
KHC|2019-08-15|25.5|25.577999|24.885|25.059999|9911700|23.652824
KHC|2019-08-16|25.200001|25.65|25.101|25.41|9915600|23.983171
KHC|2019-08-19|25.700001|25.870001|25.440001|25.709999|6874800|24.266325
KHC|2019-08-20|25.280001|25.41|25.09|25.139999|6652700|24.103336
KHC|2019-08-21|25.17|25.469999|25.030001|25.27|5564900|24.227976
KHC|2019-08-22|25.290001|25.719999|25.219999|25.620001|7445200|24.563543
KHC|2019-08-23|25.610001|25.85|25.26|25.33|7904100|24.2855
KHC|2019-08-26|25.530001|25.655001|25.25|25.58|7259600|24.525192
KHC|2019-08-27|25.58|25.6|24.98|25|7210900|23.969109
KHC|2019-08-28|24.959999|25.27|24.860001|25.17|4094100|24.132099
KHC|2019-08-29|25.41|25.559999|25.299999|25.33|5963500|24.2855
KHC|2019-08-30|25.530001|25.809999|25.41|25.52|6646600|24.467667
KHC|2019-09-03|25.42|26.139999|25.219999|26.059999|8199000|24.985399
KHC|2019-09-04|26.26|26.360001|25.91|26.26|6442900|25.177151
KHC|2019-09-05|26.360001|27|26.360001|26.59|7322500|25.493544
KHC|2019-09-06|26.67|27.459999|26.459999|27.280001|10224700|26.155092
KHC|2019-09-09|27.32|28.16|27.25|28.08|9061200|26.922102
KHC|2019-09-10|28.1|28.969999|28.08|28.959999|8596700|27.765814
KHC|2019-09-11|29.110001|29.68|28.780001|29.280001|10297200|28.07262
KHC|2019-09-12|29.57|29.709999|28.98|29.030001|7024000|27.832928
KHC|2019-09-13|29.190001|29.485001|29.07|29.25|5371500|28.043856
KHC|2019-09-16|29.129999|29.76|29.07|29.620001|6108700|28.398602
KHC|2019-09-17|28.49|28.719999|28.24|28.360001|25364700|27.190557
KHC|2019-09-18|28.299999|28.559999|28.1|28.41|9318700|27.238495
KHC|2019-09-19|28.4|28.5|28.040001|28.15|8174500|26.989214
KHC|2019-09-20|28.110001|28.469999|28.02|28.139999|8794700|26.979628
KHC|2019-09-23|28.200001|28.280001|27.924999|28.200001|8673100|27.037155
KHC|2019-09-24|28.209999|28.26|27.684999|27.93|7334900|26.778288
KHC|2019-09-25|27.98|28.200001|27.868999|28.139999|5874100|26.979628
KHC|2019-09-26|28.200001|28.290001|27.889999|28.01|6775800|26.854988
KHC|2019-09-27|28.1|28.23|27.705|27.84|5192400|26.691999
KHC|2019-09-30|27.889999|28.02|27.620001|27.934999|4796200|26.783081
KHC|2019-10-01|27.93|28|27.219999|27.34|4771700|26.212618
KHC|2019-10-02|27.209999|27.24|26.27|26.549999|7133100|25.455193
KHC|2019-10-03|26.49|26.559999|25.969999|26.540001|5414000|25.445606
KHC|2019-10-04|26.530001|27|26.41|26.975|3582200|25.862667
KHC|2019-10-07|27.030001|27.184999|26.719999|26.940001|4042400|25.829113
KHC|2019-10-08|26.879999|27|26.530001|26.709999|5536500|25.608595
KHC|2019-10-09|26.870001|26.92|26.535|26.73|3759900|25.627769
KHC|2019-10-10|26.790001|27.066999|26.715|26.940001|3611200|25.829113
KHC|2019-10-11|27.030001|27.32|26.969999|27.08|9311700|25.963339
KHC|2019-10-14|27.08|27.395|26.785|27.32|4037800|26.193441
KHC|2019-10-15|27.299999|27.620001|27.103001|27.49|5021500|26.35643
KHC|2019-10-16|27.52|27.82|27.385|27.440001|4074600|26.308495
KHC|2019-10-17|27.5|27.82|27.280001|27.77|4333100|26.624886
KHC|2019-10-18|27.83|28.165001|27.6|27.610001|5437000|26.471483
KHC|2019-10-21|27.610001|28.02|27.41|27.809999|5091700|26.663237
KHC|2019-10-22|27.83|28.57|27.530001|28.5|6029900|27.324783
KHC|2019-10-23|28.469999|28.610001|28.07|28.610001|6883900|27.430248
KHC|2019-10-24|28.629999|28.631001|28.120001|28.450001|5071700|27.276846
KHC|2019-10-25|28.42|28.584999|28.209999|28.379999|3981700|27.209732
KHC|2019-10-28|28.360001|28.48|28.129999|28.370001|5500300|27.200144
KHC|2019-10-29|28.370001|28.4|28.035|28.139999|6071300|26.979628
KHC|2019-10-30|28.1|28.68|27.940001|28.5|9601500|27.324783
KHC|2019-10-31|30.09|32.463001|28.5|32.330002|38732500|30.996853
KHC|2019-11-01|32.119999|33.380001|32.119999|32.610001|15048800|31.265305
KHC|2019-11-04|32.900002|33.41|32.740002|33.330002|9696400|31.955616
KHC|2019-11-05|33.290001|33.290001|32.380001|32.91|7719500|31.552935
KHC|2019-11-06|33.139999|33.43|32.970001|33.139999|7070300|31.773447
KHC|2019-11-07|33.169998|33.25|32.48|32.720001|5570100|31.370771
KHC|2019-11-08|32.759998|32.91|32.5|32.849998|4422700|31.495407
KHC|2019-11-11|32.889999|32.889999|32.575001|32.759998|3763900|31.409119
KHC|2019-11-12|32.709999|33.220001|32.580002|32.98|5993200|31.620049
KHC|2019-11-13|32.869999|33.419998|32.715|33.299999|5227000|31.926849
KHC|2019-11-14|32.490002|32.490002|30.610001|30.959999|14509400|30.044235
KHC|2019-11-15|30.959999|31.5|30.92|31.299999|6952100|30.374178
KHC|2019-11-18|31.24|31.299999|30.41|31.01|7257300|30.092756
KHC|2019-11-19|31.110001|31.493|31.030001|31.299999|6661500|30.374178
KHC|2019-11-20|31.15|31.440001|30.959999|31.09|5271400|30.170389
KHC|2019-11-21|31|31|30.16|30.24|8815000|29.345531
KHC|2019-11-22|30.35|30.639999|30.219999|30.540001|4664400|29.636658
KHC|2019-11-25|30.620001|31.129999|30.395|31.059999|7140600|30.141277
KHC|2019-11-26|31.200001|31.25|30.280001|30.469999|8846200|29.568727
KHC|2019-11-27|30.709999|30.85|30.325001|30.370001|4407500|29.471687
KHC|2019-11-29|30.32|30.559999|30.16|30.5|2442200|29.597841
KHC|2019-12-02|30.5|30.955|30.33|30.950001|5816500|30.034531
KHC|2019-12-03|30.83|30.9|30.469999|30.799999|5573200|29.888968
KHC|2019-12-04|30.790001|31.280001|30.75|31.030001|5448200|30.112165
KHC|2019-12-05|31.280001|31.68|31.09|31.25|4606300|30.325657
KHC|2019-12-06|31.280001|31.35|30.950001|31.09|6496100|30.170389
KHC|2019-12-09|31.24|32.240002|31.139999|31.93|8128000|30.985544
KHC|2019-12-10|32.049999|32.23|31.82|31.879999|5544500|30.937021
KHC|2019-12-11|31.940001|32.125|31.59|31.6|5443200|30.665304
KHC|2019-12-12|31.65|32.130001|31.620001|31.940001|5689800|30.995249
KHC|2019-12-13|32|32.119999|31.409|31.6|5174500|30.665304
KHC|2019-12-16|31.76|32|31.549999|31.74|4744400|30.801163
KHC|2019-12-17|31.690001|31.784|31.355|31.620001|6137700|30.684713
KHC|2019-12-18|31.700001|31.9|31.624001|31.75|6317600|30.810869
KHC|2019-12-19|31.860001|32.110001|31.610001|31.9|7941000|30.95643
KHC|2019-12-20|32.029999|32.25|31.780001|32.220001|12601700|31.266966
KHC|2019-12-23|32.200001|32.299999|31.82|31.92|6822800|30.97584
KHC|2019-12-24|31.93|32.080002|31.865|31.98|1594400|31.034063
KHC|2019-12-26|31.950001|31.98|31.5|31.629999|3957800|30.694418
KHC|2019-12-27|31.719999|31.885|31.530001|31.620001|4089700|30.684713
KHC|2019-12-30|31.67|31.809999|31.559999|31.709999|3856500|30.772051
KHC|2019-12-31|31.700001|32.314999|31.540001|32.130001|6069400|31.179628
KHC|2020-01-02|32.290001|32.419998|31.5|31.610001|6008700|30.675011
KHC|2020-01-03|31.5|31.65|31.219999|31.24|5012700|30.315952
KHC|2020-01-06|31.17|31.469999|30.9|31.309999|4714700|30.383881
KHC|2020-01-07|31.25|31.285|30.51|30.76|7165700|29.850151
KHC|2020-01-08|30.74|30.940001|30.35|30.59|5802900|29.685179
KHC|2020-01-09|30.67|30.690001|29.940001|30.58|8938400|29.675474
KHC|2020-01-10|30.59|30.874001|30.57|30.700001|4578200|29.791927
KHC|2020-01-13|30.91|31.174999|30.700001|31.16|4269100|30.238319
KHC|2020-01-14|31.129999|31.75|31.120001|31.73|6794100|30.79146
KHC|2020-01-15|31.690001|31.959999|31.540001|31.6|4243700|30.665304
KHC|2020-01-16|31.700001|32.02|31.65|31.73|3950400|30.79146
KHC|2020-01-17|31.799999|31.860001|30.950001|31.030001|6645000|30.112165
KHC|2020-01-21|30.959999|31.120001|30.405001|31.01|7106600|30.092756
KHC|2020-01-22|31.08|31.084|30.5|30.67|4535000|29.762814
KHC|2020-01-23|30.530001|30.790001|30.34|30.68|4280600|29.772518
KHC|2020-01-24|30.700001|30.725|30.09|30.41|5951500|29.510504
KHC|2020-01-27|30.15|30.475|29.855|30.35|5806100|29.452278
KHC|2020-01-28|30.450001|30.67|30.084999|30.129999|5645000|29.238785
KHC|2020-01-29|30.110001|30.110001|29.594999|29.620001|9042600|28.743872
KHC|2020-01-30|29.610001|29.99|29.27|29.940001|6169800|29.054405
KHC|2020-01-31|29.9|29.92|29.035|29.200001|8211800|28.336296
KHC|2020-02-03|29.200001|29.379999|28.92|29.15|6306500|28.287773
KHC|2020-02-04|29.5|29.620001|29.09|29.15|7607100|28.287773
KHC|2020-02-05|29.360001|29.950001|29.110001|29.370001|9092800|28.501266
KHC|2020-02-06|29.32|29.6|28.92|29.059999|6544800|28.200436
KHC|2020-02-07|28.959999|30.299999|28.709999|29.540001|13268800|28.666239
KHC|2020-02-10|29.65|29.85|29.4|29.690001|5775800|28.8118
KHC|2020-02-11|29.889999|30.15|29.620001|30.01|7123300|29.122335
KHC|2020-02-12|30.17|30.549999|29.945|30.040001|8096300|29.151449
KHC|2020-02-13|29.115999|29.23|27.360001|27.77|37333600|26.948591
KHC|2020-02-14|27.85|27.92|26.459999|26.879999|23915700|26.084915
KHC|2020-02-18|26.77|27.450001|26.299999|27.33|16772400|26.521606
KHC|2020-02-19|27.360001|27.452999|27.110001|27.309999|7947900|26.502197
KHC|2020-02-20|27.27|27.778|27.15|27.42|7005900|26.608946
KHC|2020-02-21|27.200001|27.51|27.17|27.26|6716800|26.453678
KHC|2020-02-24|26.959999|27.139999|26.26|26.629999|12622200|25.842312
KHC|2020-02-25|26.620001|26.700001|25.75|26.07|11732200|25.298876
KHC|2020-02-26|26.23|26.24|25.360001|25.639999|11768200|24.881596
KHC|2020-02-27|25.379999|25.49|24.76|24.969999|14098600|24.231413
KHC|2020-02-28|24.549999|24.809999|24.01|24.77|16285200|24.037331
KHC|2020-03-02|24.75|26.08|24.57|26.07|14470800|25.298876
KHC|2020-03-03|26|26.52|25.254999|25.5|11011400|24.745737
KHC|2020-03-04|25.93|26.48|25.6|26.450001|8588100|25.667637
KHC|2020-03-05|25.83|26.75|25.73|26.65|12581900|25.861721
KHC|2020-03-06|25.66|26.389999|25.620001|26.030001|8694600|25.260059
KHC|2020-03-09|24.08|24.700001|23.67|23.959999|16231400|23.251287
KHC|2020-03-10|24.67|24.889999|23.49|24.5|12339200|23.775316
KHC|2020-03-11|23.91|24.24|23.305|23.66|11763400|22.960163
KHC|2020-03-12|21.9|22.07|20.040001|20.059999|15386400|19.801411
KHC|2020-03-13|21.24|23.99|20.700001|23.969999|15014300|23.661009
KHC|2020-03-16|20.9|23.57|19.99|22.02|14821500|21.736147
KHC|2020-03-17|22.209999|23.91|20.84|23.83|12594400|23.522814
KHC|2020-03-18|22.34|24|21.927999|23.690001|11805700|23.384619
KHC|2020-03-19|23.16|23.559999|21.92|22.280001|12585300|21.992794
KHC|2020-03-20|22.450001|23.24|21.780001|22.280001|12908300|21.992794
KHC|2020-03-23|22.290001|23.299999|20.67|20.77|14829300|20.50226
KHC|2020-03-24|21.790001|23.365|21.530001|22.99|11706200|22.693642
KHC|2020-03-25|23.389999|24.32|22.879999|22.959999|15683100|22.664028
KHC|2020-03-26|23.24|27.379999|22.98|24.77|12900700|24.450697
KHC|2020-03-27|24|25.18|23.610001|24.24|8529400|23.927528
KHC|2020-03-30|24.639999|25.299999|24.040001|25.17|8008400|24.845539
KHC|2020-03-31|25.110001|25.49|24.395|24.74|7037500|24.421082
KHC|2020-04-01|24.02|24.385|23.5|23.68|6098600|23.374746
KHC|2020-04-02|23.48|24.790001|23.360001|24.639999|7376700|24.322371
KHC|2020-04-03|24.389999|25.475|24.389999|25.32|9217500|24.993607
KHC|2020-04-06|26|26.120001|25.559999|25.91|7757500|25.576
KHC|2020-04-07|26.969999|27.48|26.040001|26.610001|12177900|26.266977
KHC|2020-04-08|26.75|27.5|26.610001|27.32|7458600|26.967825
KHC|2020-04-09|27.35|28.495001|27.35|28.110001|11111900|27.747641
KHC|2020-04-13|27.9|28.174999|27.34|27.93|6711500|27.569962
KHC|2020-04-14|28.09|28.674999|27.93|28.450001|6668600|28.08326
KHC|2020-04-15|28|28.09|27.41|28.049999|6209600|27.688414
KHC|2020-04-16|28.5|29.41|28.200001|29.23|9266000|28.853203
KHC|2020-04-17|29.120001|29.49|28.645|29.33|8131600|28.951914
KHC|2020-04-20|28.98|29.799999|28.879999|29.17|6184200|28.793976
KHC|2020-04-21|28.93|29.129999|28.309999|28.469999|6143300|28.102999
KHC|2020-04-22|28.83|28.940001|28.450001|28.76|4638700|28.389261
KHC|2020-04-23|28.620001|29.049999|28.459999|28.530001|4418300|28.162228
KHC|2020-04-24|28.59|29.334999|28.59|29.23|7276600|28.853203
KHC|2020-04-27|29.5|30.25|29.35|30.190001|7071600|29.800829
KHC|2020-04-28|30.48|30.77|30.055|30.43|6920900|30.037735
KHC|2020-04-29|30.540001|31.035|30.17|30.530001|7681100|30.136446
KHC|2020-04-30|30.129999|30.889999|29.530001|30.33|10026500|29.939024
KHC|2020-05-01|29.99|30.24|29.15|29.379999|6200700|29.001268
KHC|2020-05-04|29.139999|29.24|28.450001|28.93|6662800|28.55707
KHC|2020-05-05|29|29.485001|28.860001|28.940001|7385600|28.566942
KHC|2020-05-06|29.139999|29.57|28.879999|29.4|6164200|29.021011
KHC|2020-05-07|29.58|29.719999|28.73|28.83|4934300|28.458359
KHC|2020-05-08|29.09|29.665001|28.93|29.559999|5297400|29.178949
KHC|2020-05-11|29.309999|29.575001|29.26|29.33|3929600|28.951914
KHC|2020-05-12|29.34|29.780001|29.34|29.379999|4700200|29.001268
KHC|2020-05-13|29.440001|29.52|28.48|28.76|6637400|28.389261
KHC|2020-05-14|28.5|28.934999|28.120001|28.799999|4866400|28.428745
KHC|2020-05-15|28.709999|29.32|28.559999|29.200001|5349400|28.823591
KHC|2020-05-18|30.059999|31.139999|29.950001|30.870001|12873400|30.472063
KHC|2020-05-19|30.82|30.93|29.9|29.91|6538500|29.524437
KHC|2020-05-20|30.15|30.48|29.98|30.24|4609500|29.850183
KHC|2020-05-21|30.059999|30.110001|29.59|29.709999|4170800|29.327015
KHC|2020-05-22|29.57|29.99|29.559999|29.950001|3283400|29.563923
KHC|2020-05-26|30.360001|30.735001|30.139999|30.215|5977800|29.825506
KHC|2020-05-27|30.360001|31.059999|30.27|31.030001|5170600|30.630001
KHC|2020-05-28|30.620001|30.75|30.26|30.389999|3709900|30.389999
KHC|2020-05-29|30.27|30.59|29.77|30.469999|6856500|30.469999
KHC|2020-06-01|30.5|30.780001|30.32|30.424999|5396200|30.424999
KHC|2020-06-02|30.49|31.459999|30.42|31.43|7215400|31.43
KHC|2020-06-03|31.5|31.83|31.280001|31.309999|5623100|31.309999
KHC|2020-06-04|30.974001|31.5|30.82|31.49|6157000|31.49
KHC|2020-06-05|31.73|32.639999|31.690001|32.619999|19534500|32.619999
KHC|2020-06-08|32.540001|34|32.509998|33.970001|11939500|33.970001
KHC|2020-06-09|33.299999|33.5|32.740002|33.099998|5874900|33.099998
KHC|2020-06-10|33.09|33.189999|32.400002|32.5|5541200|32.5
KHC|2020-06-11|31.719999|31.91|31.139999|31.18|6965100|31.18
KHC|2020-06-12|31.790001|31.98|31.23|31.799999|5436600|31.799999
KHC|2020-06-15|31.26|32.119999|30.99|32.119999|5008100|32.119999
KHC|2020-06-16|32.580002|32.900002|32.02|32.73|5833900|32.73
KHC|2020-06-17|32.919998|33.380001|32.759998|32.799999|5040200|32.799999
KHC|2020-06-18|32.610001|33.200001|32.5|33.18|3839700|33.18
KHC|2020-06-19|33.25|33.700001|33.07|33.48|9231500|33.48
KHC|2020-06-22|33.07|33.369999|32.799999|33.150002|6773000|33.150002
KHC|2020-06-23|33.200001|33.376999|32.305|32.400002|7113900|32.400002
KHC|2020-06-24|32.25|32.314999|31.67|32.130001|5962600|32.130001
KHC|2020-06-25|31.950001|32.07|31.51|31.879999|4871100|31.879999
KHC|2020-06-26|31.889999|31.889999|30.799999|30.9|7293900|30.9
KHC|2020-06-29|31|31.709999|31|31.639999|5010500|31.639999
KHC|2020-06-30|31.639999|32.049999|31.499001|31.889999|5854100|31.889999
KHC|2020-07-01|31.93|32.029999|31.485001|31.67|4482300|31.67
KHC|2020-07-02|31.950001|32.209999|31.73|31.809999|4284800|31.809999
KHC|2020-07-06|32.080002|32.34|31.85|32|4839400|32
KHC|2020-07-07|31.790001|32.275002|31.780001|32.049999|5106400|32.049999
KHC|2020-07-08|32.040001|32.16|31.48|31.860001|3668400|31.860001
KHC|2020-07-09|31.639999|31.754999|31.16|31.370001|3731700|31.370001
KHC|2020-07-10|31.35|32.310001|31.35|32.279999|5302700|32.279999
KHC|2020-07-13|32.509998|32.950001|32.18|32.509998|6236300|32.509998
KHC|2020-07-14|32.299999|33.435001|32.279999|33.310001|7868100|33.310001
KHC|2020-07-15|33.5|33.5|33.049999|33.150002|5105700|33.150002
KHC|2020-07-16|33.57|34.689999|33.439999|34.400002|9726600|34.400002
KHC|2020-07-17|34.610001|35.189999|34.369999|35.009998|8459800|35.009998
