symbol|date|open|high|low|close|volume|adj
LW|2016-11-10|32.040001|32.349998|29.82|30.33|35019100|28.951548
LW|2016-11-11|29.799999|30.09|28.85|29.889999|6020100|28.531546
LW|2016-11-14|29.34|30.43|28.75|30.190001|4481900|28.817915
LW|2016-11-15|29.639999|30.700001|29.620001|30.43|3667200|29.047005
LW|2016-11-16|30.77|32.040001|30.610001|31.700001|4342300|30.259287
LW|2016-11-17|31.4|33.064999|30.635|32.509998|5252000|31.032465
LW|2016-11-18|32.139999|33.099998|31.790001|32.68|4253400|31.194748
LW|2016-11-21|32.259998|32.5|31.290001|31.74|5036700|30.297464
LW|2016-11-22|31.52|33.150002|30.43|32.700001|5601700|31.213839
LW|2016-11-23|32.700001|33.470001|32.5|33.02|3619500|31.519295
LW|2016-11-25|32.759998|32.779999|32.27|32.59|827800|31.108835
LW|2016-11-28|32.27|33.5|32.169998|32.740002|1928500|31.252022
LW|2016-11-29|33.049999|33.360001|32.720001|33.189999|2139500|31.681564
LW|2016-11-30|33.259998|34.299999|33|33.48|2764900|31.958385
LW|2016-12-01|33.040001|33.259998|32.185001|32.509998|2914900|31.032465
LW|2016-12-02|32.16|33.209999|32.009998|32.990002|1213100|31.49066
LW|2016-12-05|32.869999|33.759998|32.75|33.650002|2004700|32.12067
LW|2016-12-06|33.450001|33.860001|33.209999|33.82|1622900|32.282932
LW|2016-12-07|34.07|34.98|34|34.75|3809400|33.17067
LW|2016-12-08|34.91|36|34.610001|35.93|2603000|34.297043
LW|2016-12-09|35.82|36.509998|35.599998|36.380001|1993100|34.726585
LW|2016-12-12|36.380001|37.215|36.310001|36.73|1258300|35.060669
LW|2016-12-13|36.970001|37.09|35.669998|36.580002|1814000|34.917492
LW|2016-12-14|36.619999|37|34.970001|35.150002|3886300|33.552494
LW|2016-12-15|35.060001|35.264|34.150002|34.380001|1555100|32.817486
LW|2016-12-16|34.34|35.470001|34.279999|35.259998|3784000|33.657482
LW|2016-12-19|35.310001|35.84|34.27|34.48|1983200|32.912937
LW|2016-12-20|34.220001|35.110001|34.200001|34.950001|944900|33.361588
LW|2016-12-21|34.639999|35.220001|34.459999|35.02|703600|33.428391
LW|2016-12-22|35|36.619999|34.799999|36.330002|1438500|34.678856
LW|2016-12-23|36.41|37.07|35.970001|36.849998|888300|35.175224
LW|2016-12-27|36.650002|37.490002|36.610001|37.34|822200|35.642952
LW|2016-12-28|37.25|37.66|37.009998|37.23|533800|35.537956
LW|2016-12-29|37.369999|37.959999|37.143002|37.77|658500|36.053413
LW|2016-12-30|37.740002|38.52|37.674999|37.849998|773000|36.129772
LW|2017-01-03|37.709999|38.599998|37.360001|37.490002|2007000|35.786137
LW|2017-01-04|37.669998|38.41|36.424999|36.98|1712300|35.299313
LW|2017-01-05|36.98|37.709999|36.48|36.619999|1099600|34.955677
LW|2017-01-06|36.419998|36.959999|36.060001|36.830002|1368000|35.156136
LW|2017-01-09|36.810001|37.09|36.099998|36.889999|1333800|35.213402
LW|2017-01-10|38.790001|38.959999|36.189999|36.84|3712600|35.165684
LW|2017-01-11|36.700001|37.200001|36.02|36.889999|2185900|35.213402
LW|2017-01-12|36.689999|37.009998|36.119999|36.959999|1235200|35.280228
LW|2017-01-13|36.889999|37.299999|36.549999|37.220001|1010200|35.5284
LW|2017-01-17|37.139999|37.220001|36.75|36.889999|1907200|35.213402
LW|2017-01-18|36.75|36.880001|36.41|36.639999|1214200|34.974766
LW|2017-01-19|36.790001|37|36.330002|36.959999|890400|35.280228
LW|2017-01-20|36.950001|37.560001|36.77|37.110001|1337000|35.423405
LW|2017-01-23|36.98|37.419998|36.466|36.77|2035300|35.098854
LW|2017-01-24|36.66|37.669998|36.59|37.490002|1199600|35.786137
LW|2017-01-25|37.450001|37.799999|36.439999|36.669998|1183300|35.003395
LW|2017-01-26|36.389999|36.869999|36.25|36.330002|1015300|34.85709
LW|2017-01-27|36.400002|36.540001|35.810001|36.439999|1088400|34.962627
LW|2017-01-30|36.200001|36.93|36.200001|36.779999|912300|35.288837
LW|2017-01-31|36.68|37.549999|36.68|37.360001|1625200|35.845329
LW|2017-02-01|37.580002|37.970001|37.16|37.77|2212200|36.238701
LW|2017-02-02|37.700001|38.810001|37.610001|38.419998|2496300|36.86235
LW|2017-02-03|38.490002|39.470001|38.459999|38.900002|1495200|37.322899
LW|2017-02-06|39.130001|39.349998|38.721001|39.240002|1097600|37.649109
LW|2017-02-07|39.25|39.799999|38.98|39.41|1362100|37.812214
LW|2017-02-08|39.279999|39.689999|38.580002|39.16|1575200|37.572353
LW|2017-02-09|39.16|39.52|38.689999|39.080002|1138900|37.495594
LW|2017-02-10|39|39.57|38.599998|39.27|868900|37.677891
LW|2017-02-13|39.240002|39.709999|38.830002|39.43|1128300|37.831409
LW|2017-02-14|39.330002|39.740002|39.25|39.650002|1098400|38.042488
LW|2017-02-15|39.5|39.75|39.200001|39.630001|1387700|38.0233
LW|2017-02-16|39.57|40.16|39.560001|39.900002|1034800|38.282349
LW|2017-02-17|39.77|39.950001|39.299999|39.619999|1488000|38.013702
LW|2017-02-21|39.560001|40.130001|39.299999|39.619999|1295400|38.013702
LW|2017-02-22|39.41|40|39.41|39.849998|800800|38.234379
LW|2017-02-23|39.950001|39.950001|39.27|39.5|564200|37.898567
LW|2017-02-24|39.5|39.66|39.321999|39.580002|374900|37.975327
LW|2017-02-27|39.700001|39.700001|39.080002|39.48|603400|37.879375
LW|2017-02-28|39.439999|39.790001|39.189999|39.189999|653800|37.601135
LW|2017-03-01|39.099998|40.040001|39.07|39.950001|734400|38.33033
LW|2017-03-02|39.700001|40.389999|39.556999|40.220001|818900|38.589378
LW|2017-03-03|40.080002|40.466999|39.529999|40.400002|1254100|38.762085
LW|2017-03-06|40.369999|40.610001|40.060001|40.419998|1784400|38.781273
LW|2017-03-07|40.259998|41.049999|40.044998|40.740002|1684000|39.088299
LW|2017-03-08|40.650002|41.080002|40.419998|40.720001|1926500|39.069107
LW|2017-03-09|40.790001|41.099998|40.540001|40.98|1533800|39.318569
LW|2017-03-10|41.02|41.599998|40.863998|41.400002|1544100|39.721539
LW|2017-03-13|41.389999|41.610001|41.310001|41.529999|1383900|39.846264
LW|2017-03-14|41.5|42.25|41.323002|42.209999|992300|40.498688
LW|2017-03-15|42.439999|43.470001|42.279999|42.360001|2309500|40.642612
LW|2017-03-16|42.279999|42.5|41.75|41.990002|1065300|40.287621
LW|2017-03-17|41.939999|42.389999|41.669998|42.25|1609000|40.537075
LW|2017-03-20|42.310001|42.630001|42.091|42.48|1693200|40.757755
LW|2017-03-21|42.59|43.125|42.540001|42.869999|1640100|41.131939
LW|2017-03-22|43.02|43.48|42.43|42.439999|1391700|40.719372
LW|2017-03-23|42.400002|43.279999|42.220001|43.009998|1135600|41.266258
LW|2017-03-24|43|43.235001|42.669998|42.669998|1338300|40.940048
LW|2017-03-27|42.529999|43.02|42.220001|42.959999|812700|41.218292
LW|2017-03-28|42.860001|43.200001|42.66|42.919998|901800|41.179913
LW|2017-03-29|42.880001|42.950001|42.52|42.639999|704000|40.911266
LW|2017-03-30|42.700001|42.700001|42.060001|42.09|640800|40.38356
LW|2017-03-31|42.07|42.145|41.810001|42.060001|1003800|40.354782
LW|2017-04-03|42.009998|42.25|41.75|42|914700|40.297215
LW|2017-04-04|42.080002|42.220001|41.540001|42.189999|1297300|40.479507
LW|2017-04-05|42.130001|42.5|41.700001|41.740002|816300|40.047756
LW|2017-04-06|43.119999|43.400002|40.610001|43.139999|2956500|41.390987
LW|2017-04-07|42.130001|43.259998|41.75|42.990002|2618100|41.247078
LW|2017-04-10|42.939999|43.009998|42.18|42.759998|1236700|41.026402
LW|2017-04-11|42.779999|42.889999|42.094002|42.880001|1170500|41.141537
LW|2017-04-12|42.900002|42.950001|42.080002|42.16|717600|40.450729
LW|2017-04-13|42.18|42.34|41.869999|41.869999|531800|40.172482
LW|2017-04-17|41.889999|42.259998|41.755001|42.23|508300|40.517883
LW|2017-04-18|42.27|42.439999|41.990002|42.380001|812900|40.661808
LW|2017-04-19|42.290001|42.389999|42.009998|42.200001|526300|40.489101
LW|2017-04-20|42.310001|42.740002|42.02|42.599998|415600|40.872887
LW|2017-04-21|42.57|42.57|42.040001|42.259998|679600|40.546661
LW|2017-04-24|42.529999|42.709999|42.200001|42.669998|555600|40.940048
LW|2017-04-25|42.84|42.93|42.279999|42.459999|840100|40.738571
LW|2017-04-26|42.330002|42.380001|41.959999|42.240002|901200|40.707237
LW|2017-04-27|42.139999|42.849998|42.130001|42.639999|991400|41.092728
LW|2017-04-28|42.59|42.639999|41.549999|41.75|1186100|40.235023
LW|2017-05-01|41.860001|41.970001|41.349998|41.799999|1440300|40.283207
LW|2017-05-02|41.68|42.02|40.91|41.389999|1039700|39.888088
LW|2017-05-03|41.169998|41.439999|40.830002|40.900002|800600|39.415871
LW|2017-05-04|41.18|41.400002|40.75|41.259998|959100|39.762806
LW|2017-05-05|41.18|41.634998|41.18|41.57|595200|40.061554
LW|2017-05-08|41.419998|41.619999|41.119999|41.580002|739200|40.071194
LW|2017-05-09|41.619999|41.900002|41.310001|41.75|715000|40.235023
LW|2017-05-10|41.68|42.470001|41.650002|42.470001|1017200|40.928898
LW|2017-05-11|42.330002|42.5|41.919998|42.200001|1006900|40.66869
LW|2017-05-12|42.07|42.369999|42.07|42.200001|523100|40.66869
LW|2017-05-15|42.139999|42.959999|42.139999|42.93|601600|41.3722
LW|2017-05-16|43.23|44.509998|43.099998|44.470001|1805900|42.856319
LW|2017-05-17|44.470001|44.709999|44.029999|44.169998|1248000|42.567211
LW|2017-05-18|44.049999|44.220001|43.720001|43.939999|2490800|42.345547
LW|2017-05-19|44.419998|44.84|44.049999|44.380001|740200|42.769592
LW|2017-05-22|44.5|44.75|44.290001|44.580002|531800|42.96233
LW|2017-05-23|44.509998|44.73|44.16|44.220001|650800|42.615391
LW|2017-05-24|44.68|45.509998|44.400002|45.490002|1182000|43.839317
LW|2017-05-25|45.580002|45.919998|45.400002|45.630001|561400|43.974232
LW|2017-05-26|45.549999|45.810001|45.310001|45.66|434200|44.003143
LW|2017-05-30|45.5|46.32|45.41|46.169998|756900|44.494633
LW|2017-05-31|46.310001|46.82|46.310001|46.41|879700|44.725925
LW|2017-06-01|46.48|47.400002|46.330002|47.32|740500|45.602913
LW|2017-06-02|47.560001|47.990002|47|47.380001|634100|45.660732
LW|2017-06-05|47.150002|47.459999|46.41|46.709999|653600|45.01503
LW|2017-06-06|46.650002|46.705002|45.939999|46.669998|568100|44.97649
LW|2017-06-07|46.759998|47.209999|46.325001|46.91|691100|45.207783
LW|2017-06-08|46.900002|46.91|46.48|46.5|374000|44.812664
LW|2017-06-09|46.580002|46.759998|45.849998|46.029999|862700|44.359715
LW|2017-06-12|46.16|46.279999|45.200001|45.43|611500|43.781487
LW|2017-06-13|45.599998|46.240002|45.470001|45.98|592500|44.311535
LW|2017-06-14|45.799999|46.130001|45.459999|45.59|760000|43.93568
LW|2017-06-15|45.459999|45.639999|45.060001|45.32|480300|43.67548
LW|2017-06-16|45.18|45.27|43.889999|45.07|1658200|43.434544
LW|2017-06-19|44.959999|45.650002|44.959999|45.549999|906200|43.897121
LW|2017-06-20|45.860001|45.93|45.48|45.73|447500|44.070599
LW|2017-06-21|45.91|46.18|45.57|45.82|812100|44.157337
LW|2017-06-22|45.830002|46.009998|45.41|45.59|310800|43.93568
LW|2017-06-23|45.540001|45.73|45.310001|45.560001|2435400|43.906765
LW|2017-06-26|45.619999|45.740002|45.060001|45.34|483000|43.694752
LW|2017-06-27|45.279999|45.369999|44.52|44.689999|591400|43.068333
LW|2017-06-28|44.860001|45.740002|44.650002|45.369999|663600|43.723667
LW|2017-06-29|45.299999|45.310001|44.040001|44.130001|762100|42.52866
LW|2017-06-30|44.290001|44.509998|43.959999|44.040001|652600|42.441929
LW|2017-07-03|44.02|44.16|43.32|43.860001|618100|42.268459
LW|2017-07-05|43.669998|44.07|43.259998|43.27|820600|41.699867
LW|2017-07-06|43.130001|43.240002|42.744999|42.900002|726300|41.343296
LW|2017-07-07|43.009998|43.400002|42.759998|43.099998|516800|41.53603
LW|2017-07-10|43.200001|43.259998|42.580002|42.740002|1034900|41.18911
LW|2017-07-11|42.810001|43.810001|42.580002|43.790001|1129600|42.201
LW|2017-07-12|44|44.529999|43.75|44|931900|42.403374
LW|2017-07-13|44.029999|44.189999|43.48|43.77|696700|42.181728
LW|2017-07-14|43.799999|44.09|43.605|43.650002|358100|42.066082
LW|2017-07-17|43.669998|44.18|43.400002|43.990002|512500|42.393738
LW|2017-07-18|44.02|44.34|43.855|44.130001|568800|42.52866
LW|2017-07-19|44.200001|44.57|44.049999|44.380001|592600|42.769592
LW|2017-07-20|44.439999|44.509998|44.220001|44.279999|470100|42.67321
LW|2017-07-21|44.299999|45.200001|44.27|45|1989000|43.367088
LW|2017-07-24|44.810001|45.259998|44.459999|44.75|961900|43.126167
LW|2017-07-25|47.380001|49.939999|45.02|45.68|3175200|44.022415
LW|2017-07-26|45.509998|46.009998|44.18|44.279999|1260000|42.67321
LW|2017-07-27|44.290001|44.540001|43.720001|43.860001|1866100|42.268459
LW|2017-07-28|43.689999|44.181|43.599998|43.82|951100|42.229916
LW|2017-07-31|43.650002|44.150002|43.643002|43.98|1196700|42.384102
LW|2017-08-01|44.209999|44.259998|43.91|44.040001|1093500|42.441929
LW|2017-08-02|43.860001|44.130001|43.25|43.759998|1002600|42.352402
LW|2017-08-03|43.740002|43.740002|43.119999|43.220001|691500|41.829777
LW|2017-08-04|43.41|43.619999|42.900002|43.619999|441600|42.216904
LW|2017-08-07|43.619999|44.110001|43.41|43.860001|555500|42.449188
LW|2017-08-08|43.740002|43.759998|43.209999|43.560001|789300|42.158836
LW|2017-08-09|43.450001|43.810001|43|43.509998|690700|42.110439
LW|2017-08-10|43.43|44.380001|43.279999|44.34|620000|42.91375
LW|2017-08-11|44.330002|44.810001|44.080002|44.810001|452800|43.368633
LW|2017-08-14|44.869999|45.060001|44.695|44.810001|690800|43.368633
LW|2017-08-15|44.900002|45.080002|44.700001|45.02|439800|43.571869
LW|2017-08-16|45.110001|45.57|44.919998|45.360001|523200|43.900944
LW|2017-08-17|45.290001|45.900002|45.119999|45.369999|729800|43.91061
LW|2017-08-18|45.209999|45.310001|44.860001|45.27|755600|43.813831
LW|2017-08-21|45.139999|45.580002|45.014|45.450001|697200|43.988041
LW|2017-08-22|45.5|45.970001|45.389999|45.66|858600|44.191284
LW|2017-08-23|45.57|45.740002|45.029999|45.59|709100|44.123535
LW|2017-08-24|45.610001|45.610001|44.814999|45|1029500|43.552513
LW|2017-08-25|45.060001|45.23|44.810001|45.040001|983000|43.591228
LW|2017-08-28|45.189999|45.189999|44.720001|44.880001|981200|43.436375
LW|2017-08-29|44.779999|45.16|44.73|45.07|975900|43.620258
LW|2017-08-30|45.110001|45.240002|44.68|45.169998|731800|43.717049
LW|2017-08-31|45.110001|45.709999|45.009998|45.48|652000|44.017071
LW|2017-09-01|45.720001|46.150002|45.549999|45.990002|545600|44.510674
LW|2017-09-05|46.049999|46.23|45.560001|45.740002|1071500|44.268711
LW|2017-09-06|45.740002|45.805|45.02|45.32|730500|43.862221
LW|2017-09-07|45.389999|45.580002|45.040001|45.279999|721100|43.823505
LW|2017-09-08|45.209999|45.900002|44.919998|45.439999|631400|43.978363
LW|2017-09-11|45.669998|46.130001|45.48|45.630001|567100|44.162254
LW|2017-09-12|45.669998|46.009998|45.509998|46|714000|44.520348
LW|2017-09-13|46.040001|46.744999|46.040001|46.549999|848300|45.052662
LW|2017-09-14|46.490002|46.549999|46.009998|46.07|636300|44.588097
LW|2017-09-15|46.16|46.509998|46.119999|46.389999|1962700|44.8978
LW|2017-09-18|46.299999|46.450001|45.869999|46.279999|583100|44.791336
LW|2017-09-19|46.290001|46.43|45.990002|46.389999|666400|44.8978
LW|2017-09-20|46.369999|46.720001|46.18|46.650002|815700|45.149445
LW|2017-09-21|46.720001|46.744999|45.830002|45.860001|284600|44.384853
LW|2017-09-22|45.98|46.139999|45.330002|45.380001|380800|43.920292
LW|2017-09-25|45.360001|45.599998|45.02|45.169998|857600|43.717049
LW|2017-09-26|45.259998|45.82|45.169998|45.529999|598000|44.065468
LW|2017-09-27|45.830002|46.240002|45.630001|46.040001|686400|44.559059
LW|2017-09-28|45.98|46.630001|45.875|46.580002|685700|45.081692
LW|2017-09-29|46.459999|47.150002|46.459999|46.889999|910200|45.381725
LW|2017-10-02|46.799999|48.169998|46.681999|47.540001|1324700|46.010815
LW|2017-10-03|47.540001|47.610001|46.959999|47.169998|1275800|45.652718
LW|2017-10-04|48.669998|48.849998|46.299999|48.41|2031300|46.852821
LW|2017-10-05|48.84|49.139999|48.540001|48.59|905800|47.027039
LW|2017-10-06|48.59|49.130001|48.59|49.130001|760100|47.549671
LW|2017-10-09|49.139999|49.209999|48.709999|48.830002|545200|47.259323
LW|2017-10-10|49.09|49.240002|48.849998|49.040001|781700|47.462559
LW|2017-10-11|49.049999|49.75|48.950001|49.369999|739300|47.781952
LW|2017-10-12|49.360001|49.726002|49|49.700001|504700|48.10133
LW|2017-10-13|49.889999|50.040001|49.611|50|534800|48.391685
LW|2017-10-16|50|50.82|50|50.689999|665600|49.05949
LW|2017-10-17|50.549999|50.599998|49.91|50.220001|1048600|48.60461
LW|2017-10-18|50.380001|50.564999|50.220001|50.560001|763000|48.933674
LW|2017-10-19|50.470001|50.68|50.130001|50.299999|487800|48.682022
LW|2017-10-20|50.41|50.778|50.23|50.630001|501300|49.001423
LW|2017-10-23|50.610001|51.080002|50.52|50.900002|710000|49.262733
LW|2017-10-24|50.66|51.200001|50.450001|50.720001|409700|49.08852
LW|2017-10-25|51.049999|51.16|50.351002|50.619999|596400|48.991741
LW|2017-10-26|50.650002|50.93|50.57|50.599998|298900|48.972382
LW|2017-10-27|50.610001|50.869999|50.080002|50.82|374500|49.185307
LW|2017-10-30|50.700001|50.970001|50.259998|50.380001|475500|48.75946
LW|2017-10-31|50.529999|51.560001|50.401001|50.990002|478900|49.349842
LW|2017-11-01|51.02|51.970001|51.02|51.349998|650400|49.698254
LW|2017-11-02|51.099998|51.860001|50.900002|51.799999|996700|50.317516
LW|2017-11-03|51.73|52.43|51.459999|52.119999|660600|50.628353
LW|2017-11-06|52.400002|52.470001|51.720001|52.060001|446600|50.570076
LW|2017-11-07|52.189999|52.349998|51.450001|51.66|435800|50.181522
LW|2017-11-08|51.73|52.41|51.669998|52.389999|465000|50.890633
LW|2017-11-09|52.200001|52.450001|51.57|51.619999|415200|50.142658
LW|2017-11-10|51.360001|52.240002|50.599998|51.959999|733100|50.472931
LW|2017-11-13|51.880001|52.849998|51.799999|52.779999|747900|51.26947
LW|2017-11-14|52.709999|54.009998|52.48|53.389999|809600|51.862011
LW|2017-11-15|53.290001|53.290001|52.700001|52.740002|1070200|51.230614
LW|2017-11-16|52.98|54.029999|52.98|53.450001|1499100|51.920296
LW|2017-11-17|53.209999|53.994999|53.16|53.209999|853000|51.68716
LW|2017-11-20|53.209999|53.91|53.209999|53.689999|617700|52.153427
LW|2017-11-21|53.73|54.205002|53.630001|53.740002|726500|52.202
LW|2017-11-22|53.740002|54.27|53.470001|54.25|541100|52.697395
LW|2017-11-24|54.400002|54.650002|54.18|54.439999|130900|52.881962
LW|2017-11-27|54.43|54.48|53.98|54.029999|997500|52.483696
LW|2017-11-28|54.080002|54.450001|53.720001|54.029999|2590800|52.483696
LW|2017-11-29|53.98|54.369999|53.490002|53.950001|1096900|52.405987
LW|2017-11-30|53.939999|54.485001|53.75|54.369999|2492700|52.813957
LW|2017-12-01|54.5|54.93|53.860001|54.860001|1410000|53.28994
LW|2017-12-04|55.009998|55.158001|54.619999|54.950001|795300|53.377361
LW|2017-12-05|55.099998|55.099998|54.439999|54.450001|666000|52.891678
LW|2017-12-06|54.450001|54.900002|54.360001|54.450001|559600|52.891678
LW|2017-12-07|54.25|55.16|54.248001|54.98|1004800|53.406509
LW|2017-12-08|55.049999|56.419998|54.950001|56.200001|1608000|54.591595
LW|2017-12-11|56.150002|57.200001|56.099998|56.880001|1390400|55.252129
LW|2017-12-12|56.98|57.040001|55.650002|55.75|672700|54.154469
LW|2017-12-13|55.900002|56.080002|55.700001|55.799999|923600|54.203037
LW|2017-12-14|55.709999|55.950001|55.41|55.450001|493700|53.863049
LW|2017-12-15|55.32|55.75|55.200001|55.5|2592300|53.911625
LW|2017-12-18|55.650002|56.5|55.529999|56.119999|1000100|54.513878
LW|2017-12-19|56.330002|56.689999|55.759998|55.849998|787900|54.25161
LW|2017-12-20|56.029999|56.080002|55.360001|55.98|1110100|54.377884
LW|2017-12-21|56.040001|56.25|55.299999|55.43|776200|53.843628
LW|2017-12-22|55.68|55.990002|55.380001|55.82|835800|54.222469
LW|2017-12-26|55.810001|55.860001|55.110001|55.18|492000|53.60078
LW|2017-12-27|55.330002|55.73|55.200001|55.459999|571100|53.872765
LW|2017-12-28|55.630001|56.07|55.419998|55.860001|668100|54.261318
LW|2017-12-29|55.919998|57.509998|55.82|56.450001|1163400|54.834435
LW|2018-01-02|56.490002|56.77|55.169998|55.369999|938900|53.785336
LW|2018-01-03|55.599998|56.439999|55.220001|56.060001|1631600|54.455593
LW|2018-01-04|55.549999|57.990002|53.200001|57.220001|3492400|55.582401
LW|2018-01-05|57.240002|58|56.740002|57.700001|2317200|56.048664
LW|2018-01-08|57.82|58.689999|57.290001|58.560001|958600|56.884048
LW|2018-01-09|58.490002|58.700001|57.98|58.040001|891700|56.378933
LW|2018-01-10|58.259998|58.455002|57.57|57.869999|997800|56.213795
LW|2018-01-11|58.02|58.240002|57.529999|58|1429700|56.340076
LW|2018-01-12|57.990002|58.439999|57.619999|58.279999|1095800|56.612061
LW|2018-01-16|58.400002|59.09|58.345001|58.52|1013600|56.845192
LW|2018-01-17|58.740002|59.630001|58.5|59.34|680100|57.641724
LW|2018-01-18|59.369999|59.529999|58.629002|59.029999|1657000|57.340599
LW|2018-01-19|59.18|60.279999|59.18|60.040001|976700|58.321693
LW|2018-01-22|60.27|60.849998|60.040001|60.299999|794100|58.574253
LW|2018-01-23|60.16|60.66|59.849998|60.32|577400|58.593678
LW|2018-01-24|60.400002|60.75|59.799999|59.869999|828300|58.156563
LW|2018-01-25|60.07|60.459999|58.900002|59.240002|704600|57.544586
LW|2018-01-26|59.23|59.860001|58.799999|59.799999|445000|58.088562
LW|2018-01-29|59.490002|60.23|59.080002|59.09|709100|57.398872
LW|2018-01-30|58.669998|59.095001|58.040001|58.25|950300|56.58292
LW|2018-01-31|58.459999|59.139999|58.189999|58.599998|861000|56.922897
LW|2018-02-01|58.400002|58.799999|57.009998|57.400002|1690200|55.939819
LW|2018-02-02|57.150002|57.650002|56.224998|56.790001|1788400|55.345337
LW|2018-02-05|56.740002|57.529999|56.169998|56.34|2142200|54.906776
LW|2018-02-06|55.220001|56.740002|54.34|55.799999|2049700|54.380516
LW|2018-02-07|55.669998|57.23|55.518002|56.93|1652700|55.481773
LW|2018-02-08|57.130001|57.5|54.689999|54.73|1622100|53.33773
LW|2018-02-09|55.080002|55.564999|52.919998|54.459999|1810400|53.074608
LW|2018-02-12|54.779999|55.465|54.349998|55.080002|1267300|53.678837
LW|2018-02-13|54.959999|55.07|54.220001|54.540001|1404800|53.152569
LW|2018-02-14|54.330002|54.830002|53.93|54.240002|1668100|52.860203
LW|2018-02-15|54.459999|55.400002|53.869999|55.400002|3528800|53.990696
LW|2018-02-16|55.07|55.849998|54.849998|55.580002|1263800|54.166115
LW|2018-02-20|55.279999|55.57|54.240002|54.290001|1143100|52.908928
LW|2018-02-21|54.419998|54.959999|53.470001|53.509998|877100|52.148769
LW|2018-02-22|53.52|54.27|53.290001|53.75|1400100|52.382668
LW|2018-02-23|53.98|54.75|53.310001|54.709999|707000|53.318249
LW|2018-02-26|54.939999|55.07|54.349998|54.619999|623700|53.230537
LW|2018-02-27|54.619999|54.91|54.389999|54.389999|530100|53.006386
LW|2018-02-28|54.580002|54.821999|54.080002|54.09|941000|52.714016
LW|2018-03-01|54.080002|55.119999|53.990002|54.459999|776000|53.074608
LW|2018-03-02|54.23|55.43|54.040001|55.369999|731200|53.961452
LW|2018-03-05|55.209999|55.93|55.009998|55.880001|1070700|54.458485
LW|2018-03-06|55.849998|56.84|55.605|56.82|784800|55.374573
LW|2018-03-07|56.310001|56.639999|55.860001|56.310001|872200|54.877548
LW|2018-03-08|56.360001|56.900002|56.169998|56.669998|846300|55.228386
LW|2018-03-09|56.990002|57.389999|56.66|57.330002|966600|55.871601
LW|2018-03-12|57.459999|57.669998|56.849998|57.259998|798000|55.803375
LW|2018-03-13|57.32|57.59|56.360001|56.470001|391700|55.033474
LW|2018-03-14|56.75|56.919998|55.900002|56.080002|468300|54.653404
LW|2018-03-15|56.220001|56.639999|55.290001|55.619999|502200|54.205097
LW|2018-03-16|55.720001|56.25|55.23|55.66|1027100|54.24408
LW|2018-03-19|55.52|55.860001|55.189999|55.470001|976200|54.058914
LW|2018-03-20|55.669998|55.959999|55.509998|55.689999|422400|54.273319
LW|2018-03-21|55.529999|55.695|54.580002|55.360001|769300|53.95171
LW|2018-03-22|55|55.77|54.57|54.580002|636900|53.191551
LW|2018-03-23|54.75|54.959999|54.040001|54.049999|806600|52.675034
LW|2018-03-26|54.529999|56.610001|54.485001|56.43|1135000|54.994492
LW|2018-03-27|57.310001|57.540001|55.77|56|1010600|54.575436
LW|2018-03-28|55.970001|56.560001|55.790001|56.389999|832600|54.955509
LW|2018-03-29|56.759998|58.5|56.759998|58.220001|1344500|56.73896
LW|2018-04-02|58.5|58.900002|57.450001|58.07|1876100|56.592766
LW|2018-04-03|58.439999|59.5|57.580002|59.130001|1578900|57.625813
LW|2018-04-04|58.73|59.669998|58.25|59.43|1883600|57.918175
LW|2018-04-05|62|62.834999|60.060001|61.470001|3817100|59.906281
LW|2018-04-06|61.299999|62.560001|60.939999|61.779999|1652400|60.208397
LW|2018-04-09|62.18|63.07|61.779999|62.290001|1087700|60.705421
LW|2018-04-10|63|63.970001|62.380001|63.77|1306900|62.14777
LW|2018-04-11|63.330002|63.869999|63.279999|63.759998|1569100|62.138023
LW|2018-04-12|63.84|64.089996|63.080002|63.32|1163700|61.709225
LW|2018-04-13|63.630001|64.25|63.009998|64.120003|1476700|62.488865
LW|2018-04-16|64.25|64.949997|63.869999|64.730003|1246900|63.083351
LW|2018-04-17|64.849998|65.550003|64.459999|65.5|2760600|63.833767
LW|2018-04-18|65.5|65.970001|64.959999|65.510002|1868200|63.843502
LW|2018-04-19|65.470001|65.610001|64.730003|65.25|685500|63.590115
LW|2018-04-20|65.25|65.57|64.580002|65.360001|2933100|63.697327
LW|2018-04-23|65.639999|66.099998|65.459999|65.660004|537000|63.989693
LW|2018-04-24|66.040001|66.129997|65.040001|65.440002|665200|63.775295
LW|2018-04-25|65.330002|65.959999|65.050003|65.849998|814300|64.17485
LW|2018-04-26|66.040001|66.75|65.610001|66.410004|1045900|64.720612
LW|2018-04-27|66.540001|66.849998|66.339996|66.589996|474200|64.896027
LW|2018-04-30|66.57|66.660004|65.269997|65.32|810100|63.65834
LW|2018-05-01|65.029999|65.150002|64.459999|64.970001|945900|63.317253
LW|2018-05-02|64.910004|65.25|64|64.139999|878600|62.508354
LW|2018-05-03|64.110001|64.309998|63.465|64.040001|721600|62.597553
LW|2018-05-04|63.939999|65.650002|63.860001|65.089996|700300|63.623898
LW|2018-05-07|65.370003|66.349998|64.874001|66.209999|961600|64.718681
LW|2018-05-08|66.07|66.739998|65.860001|66.660004|557300|65.158539
LW|2018-05-09|66.75|68.309998|66.669998|67.730003|1146700|66.204445
LW|2018-05-10|68.279999|68.349998|67.720001|68.029999|841400|66.497681
LW|2018-05-11|68.18|68.699997|67.739998|67.93|730800|66.399925
LW|2018-05-14|68.099998|68.410004|67.474998|67.620003|693700|66.096931
LW|2018-05-15|67.25|67.730003|67|67.309998|831100|65.793892
LW|2018-05-16|67.279999|67.305|66.769997|67.139999|603200|65.627731
LW|2018-05-17|67.169998|67.300003|66.68|67|726600|65.490883
LW|2018-05-18|66.669998|67.099998|66.550003|66.790001|581500|65.285614
LW|2018-05-21|67.160004|67.370003|66.559998|66.739998|676000|65.236732
LW|2018-05-22|66.279999|66.309998|64.169998|65.040001|1506600|63.575027
LW|2018-05-23|64.830002|65.330002|64.830002|65.160004|547100|63.692326
LW|2018-05-24|65.160004|65.555|64.959999|65.199997|907000|63.731415
LW|2018-05-25|65.129997|66.07|64.959999|65.43|1288600|63.956242
LW|2018-05-29|64.980003|65.330002|64.169998|64.559998|806100|63.105835
LW|2018-05-30|64.809998|65.389999|64.660004|65|784400|63.535934
LW|2018-05-31|65|65.059998|63.75|63.75|740500|62.314083
LW|2018-06-01|64.120003|64.43|63.639999|64.110001|799300|62.665981
LW|2018-06-04|64.32|65.279999|64.169998|65.279999|741500|63.809612
LW|2018-06-05|65.230003|65.809998|64.510002|65.730003|1382300|64.249489
LW|2018-06-06|65.720001|65.720001|63.349998|64.660004|1178700|63.203587
LW|2018-06-07|64.489998|65.57|64.150002|64.860001|1227700|63.399082
LW|2018-06-08|64.989998|66.313004|64.800003|65.68|768200|64.200615
LW|2018-06-11|65.669998|65.93|65.360001|65.360001|554400|63.887825
LW|2018-06-12|65.550003|65.959999|65.290001|65.690002|593100|64.210388
LW|2018-06-13|65.800003|66.089996|65.330002|65.339996|1218500|63.868267
LW|2018-06-14|65.529999|66.019997|65.169998|65.849998|513700|64.366776
LW|2018-06-15|65.809998|65.900002|64.720001|64.93|1262100|63.467503
LW|2018-06-18|64.5|65.07|64.470001|64.93|644400|63.467503
LW|2018-06-19|64.870003|66.650002|64.519997|66.379997|1463000|64.884842
LW|2018-06-20|66.629997|67.599998|66.139999|67.480003|2094000|65.960083
LW|2018-06-21|67.610001|67.910004|67.190002|67.290001|2038400|65.774353
LW|2018-06-22|67.550003|68.150002|67.059998|67.879997|1102700|66.351059
LW|2018-06-25|68.059998|68.370003|67.57|68.150002|805400|66.614983
LW|2018-06-26|68.419998|69.550003|68.150002|68.629997|1033900|67.084167
LW|2018-06-27|68.75|69.07|67.82|68.160004|588600|66.624763
LW|2018-06-28|68.209999|68.980003|68.099998|68.720001|606700|67.172142
LW|2018-06-29|68.980003|69.339996|68.419998|68.510002|857500|66.966873
LW|2018-07-02|68.120003|68.199997|67.620003|67.989998|763100|66.45858
LW|2018-07-03|68.129997|68.629997|67.940002|68.370003|514500|66.830025
LW|2018-07-05|68.519997|69.93|68.269997|69.879997|1000200|68.306
LW|2018-07-06|69.699997|70.5|69.699997|70.190002|375100|68.609039
LW|2018-07-09|70.209999|71.040001|70.029999|70.379997|832500|68.794754
LW|2018-07-10|70.779999|71.010002|70.029999|70.279999|1437100|68.696999
LW|2018-07-11|70.209999|70.650002|69.790001|70.199997|447000|68.618813
LW|2018-07-12|70.349998|70.57|70.089996|70.540001|887500|68.951149
LW|2018-07-13|70.57|71.290001|70.510002|70.849998|674500|69.254158
LW|2018-07-16|70.690002|70.860001|70.025002|70.199997|539700|68.618813
LW|2018-07-17|70.199997|70.919998|70.110001|70.730003|498300|69.136871
LW|2018-07-18|70.690002|70.93|70.290001|70.589996|549500|69.000023
LW|2018-07-19|70.480003|70.800003|69.841003|70.379997|944800|68.794754
LW|2018-07-20|70.480003|70.860001|70.07|70.419998|825900|68.833847
LW|2018-07-23|70.519997|70.669998|68.805|69.019997|1380400|67.46537
LW|2018-07-24|68.870003|69.550003|68.089996|68.339996|2183000|66.800697
LW|2018-07-25|68.629997|71.315002|68.099998|70.410004|1789700|68.824066
LW|2018-07-26|70.919998|71.019997|68.25|70.050003|1632400|68.472183
LW|2018-07-27|70.139999|70.489998|69.75|69.800003|834500|68.227821
LW|2018-07-30|69.519997|70.300003|69.410004|70.239998|659300|68.657906
LW|2018-07-31|70.349998|70.519997|70.059998|70.269997|656000|68.687218
LW|2018-08-01|70.290001|70.370003|69.529999|69.699997|428900|68.130066
LW|2018-08-02|69.220001|70.75|69.040001|70.529999|460300|69.131058
LW|2018-08-03|70.669998|72.18|70.669998|72.160004|633400|70.728737
LW|2018-08-06|72.339996|73.190002|71.830002|72.580002|924900|71.140404
LW|2018-08-07|72.620003|72.629997|71.669998|71.769997|601200|70.346466
LW|2018-08-08|71.809998|71.93|71.099998|71.410004|301300|69.993599
LW|2018-08-09|71.389999|71.739998|70.809998|71.629997|681500|70.209244
LW|2018-08-10|71.5|72.364998|70.949997|71.089996|399200|69.679947
LW|2018-08-13|71.050003|71.510002|70.459999|70.919998|758800|69.513321
LW|2018-08-14|71.120003|72.040001|70.959999|71.699997|604900|70.277855
LW|2018-08-15|71.459999|71.709999|68.940002|69.260002|977000|67.886253
LW|2018-08-16|69.290001|69.75|66.449997|66.589996|1606200|65.269211
LW|2018-08-17|66.129997|66.129997|63.02|65.589996|1891500|64.289047
LW|2018-08-20|65.779999|66|65.18|65.629997|1355900|64.328247
LW|2018-08-21|65.629997|66.110001|65|65.239998|1734800|63.945988
LW|2018-08-22|65.32|66.25|65.010002|66.18|1132700|64.86734
LW|2018-08-23|65.860001|67.379997|65.800003|67.080002|745600|65.749496
LW|2018-08-24|66.910004|67.379997|66.720001|67.029999|1001600|65.700478
LW|2018-08-27|67.449997|68.459999|67.349998|68.120003|878500|66.768867
LW|2018-08-28|67.910004|68.650002|67.669998|67.900002|602000|66.55323
LW|2018-08-29|68.209999|68.370003|67.629997|67.730003|373500|66.386604
LW|2018-08-30|67.540001|67.93|66.910004|67.120003|457400|65.788696
LW|2018-08-31|67.199997|67.720001|66.830002|67.599998|462000|66.259171
LW|2018-09-04|67.650002|67.889999|67.050003|67.169998|570000|65.8377
LW|2018-09-05|66.830002|67.510002|66.540001|67.300003|549500|65.965126
LW|2018-09-06|67.029999|67.540001|66.809998|67.220001|783300|65.886703
LW|2018-09-07|67.019997|67.245003|66.714996|66.830002|377600|65.504448
LW|2018-09-10|67.040001|67.208|66.849998|67.029999|410100|65.700478
LW|2018-09-11|66.720001|67.389999|66.487999|67.129997|390600|65.798508
LW|2018-09-12|67.220001|67.470001|66.459999|67.139999|464100|65.808304
LW|2018-09-13|67.120003|67.790001|66.610001|67.349998|508000|66.01413
LW|2018-09-14|67.349998|68.190002|67.220001|68.010002|533600|66.661049
LW|2018-09-17|68.059998|68.059998|66.68|66.690002|602900|65.367218
LW|2018-09-18|66.5|67.833|65.589996|66.839996|1182800|65.514244
LW|2018-09-19|66.970001|67.209999|65.209999|65.260002|1646600|63.965591
LW|2018-09-20|65.269997|66.269997|64.68|66.129997|1029100|64.818329
LW|2018-09-21|66.919998|67.489998|66.730003|67|1450600|65.671074
LW|2018-09-24|66.809998|67.209999|65.870003|66.43|1674600|65.112381
LW|2018-09-25|66.459999|67.139999|66.239998|67.099998|700400|65.769096
LW|2018-09-26|67.080002|67.25|66.470001|66.699997|1040900|65.377029
LW|2018-09-27|66.290001|66.410004|65.239998|65.589996|1582800|64.289047
LW|2018-09-28|65.379997|66.669998|65.050003|66.599998|1398000|65.279007
LW|2018-10-01|66.959999|67|65.800003|65.940002|1468500|64.632103
LW|2018-10-02|69.660004|72.470001|68.25|72|3305800|70.571899
LW|2018-10-03|72.940002|73.900002|72.190002|72.239998|1437900|70.807137
LW|2018-10-04|72.080002|73.440002|71.809998|73.25|1373800|71.797112
LW|2018-10-05|73.440002|74.830002|73.279999|74.699997|1516300|73.218353
LW|2018-10-08|74.360001|75.089996|73.349998|73.989998|1962400|72.52243
LW|2018-10-09|74.099998|75.809998|73.830002|74.620003|1729400|73.139938
LW|2018-10-10|74.639999|74.839996|73|73.220001|4301600|71.767708
LW|2018-10-11|72.989998|73.089996|71.875|72.129997|1545100|70.699326
LW|2018-10-12|72.660004|73.190002|72.089996|72.959999|1023100|71.512856
LW|2018-10-15|73.059998|73.660004|72.5|73.18|601300|71.728508
LW|2018-10-16|73.529999|75.339996|73.330002|75.269997|972800|73.777039
LW|2018-10-17|75.120003|76.254997|74.5|76.110001|893200|74.600395
LW|2018-10-18|76.110001|76.779999|75.019997|75.650002|694000|74.149506
LW|2018-10-19|76.349998|76.839996|75.989998|76.57|757300|75.051254
LW|2018-10-22|76.959999|77.699997|76.43|77.150002|720800|75.619751
LW|2018-10-23|76.580002|78.349998|75.82|78.160004|869000|76.609718
LW|2018-10-24|78.25|79.970001|78.080002|79.050003|1673300|77.482079
LW|2018-10-25|78.129997|78.75|77.349998|78.050003|1289400|76.5019
LW|2018-10-26|77.510002|77.870003|76.699997|77.010002|972800|75.482544
LW|2018-10-29|77.699997|78.959999|76.709999|77.199997|1351000|75.668762
LW|2018-10-30|77.330002|78.681999|76.029999|76.790001|1541800|75.266899
LW|2018-10-31|76.82|79.059998|76.230003|78.160004|1343400|76.609718
LW|2018-11-01|78.160004|78.209999|76.519997|77.230003|934900|75.88385
LW|2018-11-02|77.449997|78.230003|76.300003|76.980003|1008800|75.638199
LW|2018-11-05|77.029999|78.705002|77.010002|78.629997|1032700|77.259438
LW|2018-11-06|78.639999|80.43|78.629997|80.260002|1220100|78.861038
LW|2018-11-07|80.400002|81.629997|80.400002|80.809998|832900|79.401436
LW|2018-11-08|80.599998|81.849998|80.330002|81.68|1323800|80.256287
LW|2018-11-09|81.5|82.035004|81.139999|82.019997|901200|80.590355
LW|2018-11-12|82|82.809998|81.32|82.139999|1195000|80.70826
LW|2018-11-13|82.169998|83.459999|81.739998|83.349998|1127300|81.897171
LW|2018-11-14|83.339996|83.860001|82.699997|82.989998|1483800|81.543449
LW|2018-11-15|81.900002|82.769997|80.550003|82.209999|1196800|80.777039
LW|2018-11-16|82.199997|83.639999|82.059998|82.650002|1079300|81.209373
LW|2018-11-19|82.379997|83.080002|80.629997|80.809998|1469300|79.401436
LW|2018-11-20|80.5|80.769997|79.82|80.599998|1087000|79.195107
LW|2018-11-21|80.660004|82.029999|80.650002|81.790001|676300|80.364365
LW|2018-11-23|81.389999|82.059998|80.660004|81.150002|480000|79.735527
LW|2018-11-26|81.739998|81.839996|79.980003|80.370003|1703500|78.969116
LW|2018-11-27|78.360001|79.589996|77.190002|77.550003|3391800|76.198273
LW|2018-11-28|77.5|78.230003|76.139999|77.099998|2684600|75.756119
LW|2018-11-29|77.300003|78.769997|76.660004|76.739998|2621800|75.40239
LW|2018-11-30|76.900002|77.650002|75.830002|76.699997|39405400|75.363091
LW|2018-12-03|77.330002|77.400002|74.639999|75.580002|3214500|74.262604
LW|2018-12-04|75.860001|76.870003|75.300003|75.489998|3021000|74.174171
LW|2018-12-06|75.5|76.300003|72.980003|74.129997|2525500|72.837875
LW|2018-12-07|74.300003|74.519997|73.190002|73.449997|1580800|72.169731
LW|2018-12-10|73.639999|73.639999|72.290001|73.370003|2327900|72.091141
LW|2018-12-11|73.900002|75.790001|73.669998|75.169998|1820500|73.859749
LW|2018-12-12|75.610001|77.203003|75.599998|76.389999|1750700|75.058487
LW|2018-12-13|76.349998|77.870003|76.190002|77.690002|1376300|76.335831
LW|2018-12-14|77.470001|77.720001|75.5|75.830002|1780300|74.508247
LW|2018-12-17|75.699997|76.699997|75.205002|75.440002|2019200|74.125061
LW|2018-12-18|75.959999|76.495003|75.029999|75.629997|1660400|74.311729
LW|2018-12-19|75.989998|77.360001|74.720001|74.989998|1771900|73.682892
LW|2018-12-20|74.75|75.400002|72.709999|73.400002|1965600|72.120613
LW|2018-12-21|73.75|75.209999|73.290001|73.599998|2323600|72.317123
LW|2018-12-24|73.580002|74.43|70.910004|71.529999|548400|70.283211
LW|2018-12-26|71.900002|73.650002|71.660004|73.370003|2635100|72.091141
LW|2018-12-27|72.790001|73.739998|71.57|73.730003|1473700|72.444862
LW|2018-12-28|74.07|74.489998|72.93|73.610001|823000|72.32695
LW|2018-12-31|73.610001|73.75|72.699997|73.559998|849600|72.277817
LW|2019-01-02|73.230003|74.089996|72.169998|73.660004|2203800|72.376076
LW|2019-01-03|73.139999|73.879997|72.769997|72.980003|2178800|71.707924
LW|2019-01-04|75.099998|76.879997|74.660004|75.580002|2716400|74.262604
LW|2019-01-07|75.589996|75.589996|69.849998|70.550003|3497900|69.320297
LW|2019-01-08|70.610001|71.610001|69.809998|70.910004|2914300|69.674011
LW|2019-01-09|71.160004|71.209999|69.669998|69.720001|1763500|68.504761
LW|2019-01-10|69.720001|69.889999|68.900002|69.860001|1403300|68.642311
LW|2019-01-11|69.860001|69.860001|69|69.470001|968000|68.259117
LW|2019-01-14|69.459999|69.459999|65.870003|67.639999|1960700|66.461006
LW|2019-01-15|67.650002|69.139999|67.43|68.900002|1738800|67.699043
LW|2019-01-16|69.220001|71.110001|69.209999|70.18|1986100|68.956726
LW|2019-01-17|70|71.25|69.919998|70.900002|1487100|69.664185
LW|2019-01-18|71.129997|71.760002|70.68|70.879997|1927600|69.644524
LW|2019-01-22|70.889999|71.470001|70.330002|70.75|1429000|69.5168
LW|2019-01-23|71.940002|73.599998|71.580002|72.730003|1791300|71.462288
LW|2019-01-24|71.989998|72.5|70.839996|71.360001|1286100|70.116173
LW|2019-01-25|71.769997|72|70.5|71.099998|1437900|69.860695
LW|2019-01-28|70.629997|71.519997|70.129997|71.400002|2788400|70.155472
LW|2019-01-29|71.330002|72.760002|71.330002|72.440002|1236200|71.177338
LW|2019-01-30|72.709999|73|72.260002|72.580002|846500|71.314903
LW|2019-01-31|72.139999|72.449997|71.07|72.300003|1343600|71.236076
LW|2019-02-01|72.480003|72.550003|71.605003|72.400002|1837400|71.334602
LW|2019-02-04|72.160004|72.330002|70.839996|71.300003|1440300|70.250786
LW|2019-02-05|71.389999|72.010002|71.18|71.639999|945500|70.585785
LW|2019-02-06|71.480003|71.629997|70.739998|71.309998|782900|70.260643
LW|2019-02-07|70.949997|71.370003|70.230003|70.610001|1310700|69.570946
LW|2019-02-08|70.290001|70.620003|70.010002|70.620003|1095300|69.580803
LW|2019-02-11|70.860001|71|69.809998|70.389999|1202700|69.354172
LW|2019-02-12|70.339996|70.769997|69|69.019997|1521300|68.004333
LW|2019-02-13|69.220001|69.489998|68.370003|68.559998|2659200|67.551109
LW|2019-02-14|68.330002|69.519997|67.919998|68.970001|2305400|67.955078
LW|2019-02-15|69.519997|69.889999|69|69.510002|1393100|68.487137
LW|2019-02-19|69.459999|70.440002|69.400002|70.300003|1552100|69.265503
LW|2019-02-20|70.169998|70.419998|69.870003|70.059998|1480300|69.029037
LW|2019-02-21|70|70.989998|69.900002|70.980003|990100|69.935501
LW|2019-02-22|70.050003|70.860001|69.650002|70.5|962100|69.462563
LW|2019-02-25|70.800003|70.959999|69.269997|69.489998|1164700|68.467422
LW|2019-02-26|69.769997|70.050003|68.93|69|1826300|67.984634
LW|2019-02-27|68.839996|69.114998|67.839996|69.099998|1306900|68.083168
LW|2019-02-28|69.199997|69.660004|68.639999|69.309998|1265700|68.290077
LW|2019-03-01|69.690002|70.970001|69.120003|70.949997|1156800|69.905937
LW|2019-03-04|70.93|70.940002|70.010002|70.790001|2055500|69.748299
LW|2019-03-05|70.730003|71.160004|70.432999|71.160004|1255300|70.112862
LW|2019-03-06|71.25|71.75|70.410004|70.540001|1349400|69.501984
LW|2019-03-07|70.550003|71.205002|70.18|70.510002|1737100|69.472427
LW|2019-03-08|70.459999|70.459999|69.794998|70.010002|1011200|68.979774
LW|2019-03-11|69.959999|70.459999|69.599998|70.209999|1504200|69.176834
LW|2019-03-12|70.43|70.474998|69.599998|69.699997|1347900|68.674332
LW|2019-03-13|69.709999|70.010002|69.400002|69.839996|1163900|68.812263
LW|2019-03-14|69.980003|69.980003|68.129997|68.190002|1990000|67.186562
LW|2019-03-15|68.040001|69.57|67.959999|69.510002|3240500|68.487137
LW|2019-03-18|69.379997|70.370003|69.239998|69.900002|1581000|68.871391
LW|2019-03-19|70.139999|70.330002|69.360001|69.709999|860800|68.684189
LW|2019-03-20|69.860001|70.154999|68.879997|69.370003|1150000|68.349197
LW|2019-03-21|69.550003|71|69.199997|71|1108400|69.955215
LW|2019-03-22|71.269997|72.029999|70.830002|71.660004|1241200|70.605499
LW|2019-03-25|71.57|73.279999|71.5|72.830002|1798100|71.758278
LW|2019-03-26|72.860001|73.18|72.230003|73|1276300|71.925781
LW|2019-03-27|73.110001|73.370003|72.110001|72.269997|1378900|71.206512
LW|2019-03-28|72.489998|74.345001|72.190002|73.919998|2104800|72.832237
LW|2019-03-29|74.18|75.239998|73.32|74.940002|2903400|73.837227
LW|2019-04-01|74.790001|75.43|73.709999|73.970001|2302700|72.8815
LW|2019-04-02|79|79.099998|73.120003|74.360001|6500100|73.26577
LW|2019-04-03|74.540001|75.43|73.080002|73.089996|2836200|72.01445
LW|2019-04-04|73.080002|73.150002|70.300003|70.32|2401900|69.28521
LW|2019-04-05|70.190002|71.660004|69.639999|71.629997|2512700|70.575935
LW|2019-04-08|71.919998|73.199997|71.720001|72.870003|1527900|71.797699
LW|2019-04-09|72.669998|72.940002|71.949997|72.919998|1220500|71.846954
LW|2019-04-10|73.080002|73.529999|72.245003|72.400002|1176900|71.334602
LW|2019-04-11|72.330002|72.580002|71.269997|71.629997|1192400|70.575935
LW|2019-04-12|71.489998|71.550003|70.580002|71.110001|1008100|70.063591
LW|2019-04-15|71.139999|71.650002|70.93|71.199997|900300|70.152267
LW|2019-04-16|71.220001|71.629997|69.629997|69.660004|1209600|68.634918
LW|2019-04-17|69.75|69.959999|68.589996|68.629997|1186000|67.620071
LW|2019-04-18|68.620003|68.620003|67.080002|67.620003|2237200|66.624954
LW|2019-04-22|67.730003|68.93|67.190002|68.900002|1404000|67.886116
LW|2019-04-23|68.75|69.809998|68.75|69.480003|1194300|68.457581
LW|2019-04-24|69.660004|69.809998|68.82|69.290001|1303600|68.27037
LW|2019-04-25|68.720001|69.669998|68.660004|69.199997|760000|68.181694
LW|2019-04-26|69.410004|70.199997|68.68|69.690002|955400|68.66449
LW|2019-04-29|69.470001|69.510002|68|68.550003|1482700|67.54126
LW|2019-04-30|68.57|70.169998|68.07|70.050003|1541400|69.019196
LW|2019-05-01|69.940002|70.650002|69.900002|70.099998|1274000|69.068451
LW|2019-05-02|69.769997|69.769997|65.230003|66.370003|3550000|65.580452
LW|2019-05-03|66.529999|67.160004|65.459999|67.099998|2289800|66.301765
LW|2019-05-06|66.510002|67.690002|66.290001|67.5|1260900|66.697006
LW|2019-05-07|68.610001|68.830002|66.830002|68.25|2877900|67.438087
LW|2019-05-08|68.150002|68.629997|67.889999|68.300003|2047200|67.487488
LW|2019-05-09|68.18|68.730003|67.93|68.629997|1444000|67.813553
LW|2019-05-10|68.459999|68.459999|67.220001|67.449997|1225000|66.647591
LW|2019-05-13|66.989998|67.209999|65.43|66.540001|2145700|65.748421
LW|2019-05-14|66.760002|67.834999|66.580002|67.019997|1980300|66.22271
LW|2019-05-15|67.080002|68.120003|66.660004|67.07|2318900|66.272125
LW|2019-05-16|67.25|68.050003|66.849998|66.879997|2356500|66.084373
LW|2019-05-17|66.830002|67.830002|65.949997|67.629997|1512700|66.825455
LW|2019-05-20|67.629997|68.419998|67.459999|67.540001|1487200|66.736526
LW|2019-05-21|67.57|67.955002|65.220001|65.360001|2769600|64.582458
LW|2019-05-22|65.360001|65.949997|63.57|63.66|1931600|62.902683
LW|2019-05-23|63.290001|63.490002|62.459999|63.080002|1958000|62.329586
LW|2019-05-24|63.18|63.450001|61.919998|62.130001|2018100|61.390888
LW|2019-05-28|62.130001|62.319|60.080002|60.790001|4988700|60.06683
LW|2019-05-29|60.599998|60.740002|59.639999|59.93|2360800|59.21706
LW|2019-05-30|59.91|60.424999|59.610001|60.049999|1227000|59.335632
LW|2019-05-31|59.84|59.924999|59.16|59.25|1327000|58.545147
LW|2019-06-03|59.25|60.349998|59.189999|60.240002|1154800|59.523369
LW|2019-06-04|60.360001|61.259998|60.060001|61.23|3288800|60.501591
LW|2019-06-05|61.59|62.419998|61.040001|62.349998|1624400|61.608269
LW|2019-06-06|62.139999|62.57|61.52|62.389999|1387700|61.647797
LW|2019-06-07|62.580002|62.75|60.66|60.990002|1569000|60.26445
LW|2019-06-10|60.900002|61.605|60.490002|61.419998|1089800|60.689331
LW|2019-06-11|61.419998|62.349998|61.419998|61.919998|921000|61.183384
LW|2019-06-12|62.139999|62.605999|61.240002|61.369999|691300|60.639927
LW|2019-06-13|61.43|61.509998|60.650002|61.209999|1135900|60.481831
LW|2019-06-14|61.330002|61.91|61.209999|61.709999|1295100|60.975883
LW|2019-06-17|61.439999|61.52|59.605|59.849998|1304100|59.138012
LW|2019-06-18|59.990002|60.18|58.830002|58.970001|1070900|58.268482
LW|2019-06-19|60.759998|61.439999|59.150002|61.32|1646700|60.590523
LW|2019-06-20|61.439999|62.150002|61.130001|61.34|1041300|60.610287
LW|2019-06-21|61.330002|61.889999|60.452|60.84|1955300|60.116234
LW|2019-06-24|60.790001|61.419998|60.439999|60.759998|1045100|60.037182
LW|2019-06-25|60.830002|62.810001|60.540001|62.540001|2027400|61.796009
LW|2019-06-26|62.119999|63.290001|62.07|63|2281300|62.250538
LW|2019-06-27|62.740002|62.740002|61.110001|61.700001|1315000|60.966
LW|2019-06-28|61.849998|63.380001|61.700001|63.360001|2422000|62.606255
LW|2019-07-01|63.529999|63.630001|62.279999|62.529999|1064400|61.786129
LW|2019-07-02|62.84|63.549999|62.540001|62.619999|998700|61.875057
LW|2019-07-03|62.650002|63.959999|62.650002|63.720001|670900|62.961975
LW|2019-07-05|63.540001|64.379997|63.299999|64.339996|706100|63.574593
LW|2019-07-08|64.43|64.779999|63.959999|64.389999|956400|63.623997
LW|2019-07-09|64.370003|65.349998|63.639999|65.080002|2706600|64.305794
LW|2019-07-10|65|66.889999|64.769997|66.199997|2535000|65.412468
LW|2019-07-11|66.290001|67.754997|66.25|67.580002|2758600|66.776054
LW|2019-07-12|67.599998|67.760002|65.889999|65.93|2027500|65.145676
LW|2019-07-15|66|66.809998|65.410004|66.370003|1269400|65.580452
LW|2019-07-16|66.629997|67.014999|66.349998|66.790001|1250400|65.995445
LW|2019-07-17|66.709999|67.139999|66.470001|67.080002|810900|66.281998
LW|2019-07-18|67.199997|68.059998|66.669998|67.959999|892500|67.151535
LW|2019-07-19|68.050003|68.849998|67.940002|68.57|1647200|67.754272
LW|2019-07-22|68.639999|68.769997|67.5|67.559998|1979700|66.756287
LW|2019-07-23|65.629997|65.629997|63.130001|63.66|3855700|62.902683
LW|2019-07-24|63.189999|64.120003|62.029999|63.490002|2441700|62.734711
LW|2019-07-25|63.099998|64.900002|63.009998|64.790001|1483600|64.019241
LW|2019-07-26|65.120003|65.199997|64.080002|64.68|1319900|63.910553
LW|2019-07-29|64.860001|65.739998|64.480003|65.550003|1061900|64.77021
LW|2019-07-30|65.709999|67.75|65.330002|67.540001|1642100|66.736526
LW|2019-07-31|67.699997|67.699997|66.404999|67.120003|2230500|66.321526
LW|2019-08-01|67.260002|67.779999|66.529999|66.550003|1137600|65.954842
LW|2019-08-02|66.699997|67.379997|66.239998|67.059998|1101600|66.460274
LW|2019-08-05|66.629997|66.809998|64.550003|65.360001|1022100|64.775482
LW|2019-08-06|65.410004|66.099998|64.779999|64.949997|1225500|64.369141
LW|2019-08-07|64.830002|65.779999|63.689999|65.620003|970800|65.033157
LW|2019-08-08|65.080002|67.260002|65.080002|66.839996|1236900|66.242233
LW|2019-08-09|67.050003|67.199997|66.220001|67.059998|544000|66.460274
LW|2019-08-12|66.860001|68.010002|66.647003|67.900002|504500|67.292763
LW|2019-08-13|67.910004|68.379997|67.129997|67.300003|1410200|66.698128
LW|2019-08-14|67.230003|67.720001|66.470001|66.800003|1232400|66.202599
LW|2019-08-15|66.940002|68.199997|66.769997|67.900002|749100|67.292763
LW|2019-08-16|68.190002|69.18|67.449997|68.809998|793700|68.194618
LW|2019-08-19|69.040001|70.379997|68.989998|70.120003|1447100|69.492905
LW|2019-08-20|69.839996|69.839996|67.919998|68.25|1249600|67.639633
LW|2019-08-21|68.510002|69.139999|68.230003|68.440002|732500|67.827934
LW|2019-08-22|68.629997|69.959999|68.470001|69.510002|752700|68.888367
LW|2019-08-23|69.419998|69.949997|68.099998|68.400002|673500|67.788292
LW|2019-08-26|68.830002|69.120003|68.470001|68.870003|600400|68.254089
LW|2019-08-27|68.879997|69.260002|67.940002|68.449997|630000|67.837837
LW|2019-08-28|68.559998|69.160004|68.169998|68.769997|470600|68.154976
LW|2019-08-29|69.199997|70.010002|68.879997|69.919998|429100|69.294693
LW|2019-08-30|70.279999|70.769997|70.110001|70.389999|772900|69.76049
LW|2019-09-03|70.099998|71.400002|69.809998|71.360001|611700|70.721825
LW|2019-09-04|71.589996|72.480003|71.285004|72.379997|896900|71.732697
LW|2019-09-05|72.760002|72.830002|71.629997|71.790001|920300|71.147972
LW|2019-09-06|71.970001|72.440002|71.139999|71.220001|843600|70.583069
LW|2019-09-09|71.300003|71.480003|70.339996|71.059998|526900|70.4245
LW|2019-09-10|70.769997|70.779999|69.760002|70.57|693000|69.938881
LW|2019-09-11|70.599998|71.769997|70.019997|71.580002|657700|70.93985
LW|2019-09-12|71.849998|72.220001|71.599998|71.949997|522300|71.306541
LW|2019-09-13|71.830002|73|71.349998|72.150002|913400|71.504753
LW|2019-09-16|72.260002|73.650002|71.940002|73.190002|955700|72.535454
LW|2019-09-17|72.879997|74.010002|72.651001|74|1109400|73.338211
LW|2019-09-18|74.120003|74.290001|72.940002|73.75|1059200|73.090446
LW|2019-09-19|73.730003|74.010002|73.474998|73.629997|1055300|72.971512
LW|2019-09-20|74|74.220001|72.809998|73.519997|1409700|72.862495
LW|2019-09-23|73.68|74.440002|73.220001|74.139999|956200|73.476952
LW|2019-09-24|74.279999|74.809998|73.660004|73.860001|906600|73.199455
LW|2019-09-25|73.639999|74.330002|73.160004|73.860001|987100|73.199455
LW|2019-09-26|74.129997|74.489998|73.559998|73.589996|940700|72.93187
LW|2019-09-27|73.839996|73.839996|72.669998|73.360001|722700|72.703934
LW|2019-09-30|73.339996|73.489998|72.260002|72.720001|1651100|72.069656
LW|2019-10-01|72.82|74.745003|72.82|73.57|2015100|72.912056
LW|2019-10-02|73.599998|74.669998|72.510002|73.349998|2914300|72.694016
LW|2019-10-03|73.540001|77.879997|73.470001|77.879997|2599200|77.183502
LW|2019-10-04|78|79.389999|76.989998|77.769997|1333500|77.074493
LW|2019-10-07|77.540001|77.716003|75.699997|75.910004|1338600|75.231133
LW|2019-10-08|75.760002|76.970001|75.230003|76.57|1345400|75.885223
LW|2019-10-09|76.57|76.980003|75.730003|75.959999|573100|75.280678
LW|2019-10-10|75.790001|76.919998|75.43|76.410004|829500|75.726654
LW|2019-10-11|76.550003|76.879997|76.029999|76.089996|521700|75.409515
LW|2019-10-14|76.190002|76.345001|75.519997|75.839996|458500|75.161751
LW|2019-10-15|75.940002|76.199997|75.160004|75.5|721100|74.824783
LW|2019-10-16|75.699997|76.230003|74.949997|76.230003|762000|75.548264
LW|2019-10-17|76.410004|77.529999|76.220001|77.050003|724700|76.360931
LW|2019-10-18|77.129997|77.32|76.620003|76.970001|612100|76.281647
LW|2019-10-21|76.970001|77.18|76.589996|76.82|581500|76.132988
LW|2019-10-22|77.18|77.18|75.18|75.330002|696000|74.656311
LW|2019-10-23|75.330002|75.540001|74.169998|74.809998|1137200|74.140961
LW|2019-10-24|74.809998|74.809998|73.75|74.599998|760400|73.932838
LW|2019-10-25|74.879997|75.309998|74.220001|75|728100|74.329262
LW|2019-10-28|75.150002|76.419998|75.150002|76.029999|675400|75.350052
LW|2019-10-29|75.989998|77.165001|75.705002|77.019997|649400|76.3312
LW|2019-10-30|77.139999|78.099998|76.699997|77.75|613000|77.054672
LW|2019-10-31|77.580002|78.220001|76.620003|78.040001|941600|77.54155
LW|2019-11-01|78.339996|78.519997|77.394997|77.57|867800|77.074547
LW|2019-11-04|77.440002|77.989998|76.760002|77.209999|1387600|76.716843
LW|2019-11-05|77.040001|77.489998|76.620003|76.860001|739200|76.36908
LW|2019-11-06|76.949997|79.230003|76.949997|79.07|835100|78.564964
LW|2019-11-07|79.209999|79.419998|78.290001|79|801000|78.495407
LW|2019-11-08|78.93|79|78.389999|78.949997|460400|78.445732
LW|2019-11-11|78.720001|80.489998|78.695999|80.489998|673200|79.975891
LW|2019-11-12|80.410004|80.809998|79.709999|80.120003|903600|79.608261
LW|2019-11-13|79.989998|81.300003|79.769997|81|784500|80.482635
LW|2019-11-14|81.07|81.470001|80.290001|81.040001|658000|80.522385
LW|2019-11-15|81.199997|82.940002|81.050003|82.940002|1442500|82.410248
LW|2019-11-18|82.699997|84.330002|82.470001|83.360001|2253800|82.82756
LW|2019-11-19|83.529999|84.25|83.18|83.75|961400|83.215073
LW|2019-11-20|83.709999|84.224998|83.165001|83.489998|819100|82.956734
LW|2019-11-21|83.239998|83.470001|82.230003|82.839996|952800|82.310883
LW|2019-11-22|83.07|83.32|82.580002|82.910004|678800|82.38044
LW|2019-11-25|83.269997|83.75|83.120003|83.43|800900|82.897118
LW|2019-11-26|83.699997|84.110001|83.169998|83.849998|2606900|83.31443
LW|2019-11-27|83.849998|84.25|83.599998|84.019997|917400|83.483345
LW|2019-11-29|83.970001|84.379997|83.599998|83.980003|544800|83.443604
LW|2019-12-02|83.809998|84.18|82.82|84.029999|1691700|83.493279
LW|2019-12-03|83.949997|84.779999|83.599998|84.410004|951300|83.870857
LW|2019-12-04|84.220001|84.989998|83.730003|84.129997|1152600|83.592644
LW|2019-12-05|84.349998|84.800003|84.099998|84.410004|681100|83.870857
LW|2019-12-06|84.400002|84.959999|84.139999|84.220001|687800|83.682068
LW|2019-12-09|84.260002|84.355003|83.919998|84.160004|707300|83.622459
LW|2019-12-10|84.290001|84.5|83.945|84.019997|638100|83.483345
LW|2019-12-11|84.269997|84.860001|83.970001|84.379997|476200|83.841042
LW|2019-12-12|84.360001|85.080002|83.519997|84.110001|821900|83.572769
LW|2019-12-13|83.889999|84.559998|83.300003|84.099998|1395800|83.562836
LW|2019-12-16|84.050003|84.584999|83.458|83.970001|1172900|83.43367
LW|2019-12-17|84.029999|84.779999|83.964996|84.089996|723200|83.552895
LW|2019-12-18|84.309998|84.440002|83.43|84.169998|968600|83.632385
LW|2019-12-19|84.389999|84.910004|83.889999|84.199997|1027500|83.662193
LW|2019-12-20|84.860001|86.239998|84.214996|85.830002|2257200|85.281784
LW|2019-12-23|86.230003|86.230003|85.449997|85.5|553400|84.953896
LW|2019-12-24|85.559998|85.82|85.139999|85.139999|444600|84.596191
LW|2019-12-26|85.18|86.160004|85.150002|86.150002|370100|85.599747
LW|2019-12-27|86.220001|86.589996|85.839996|86.07|427700|85.520256
LW|2019-12-30|85.959999|86.050003|85.230003|85.449997|397000|84.904205
LW|2019-12-31|85.519997|86.07|84.870003|86.029999|1044800|85.480507
LW|2020-01-02|85.769997|86.07|83.946999|84.089996|1593400|83.552895
LW|2020-01-03|87.150002|94.459999|86.190002|93.559998|3940600|92.96241
LW|2020-01-06|92.449997|92.510002|90.480003|90.699997|1960200|90.120682
LW|2020-01-07|90.550003|91.919998|90.199997|91.209999|1768800|90.627419
LW|2020-01-08|91.199997|92.25|91.029999|91.260002|1516400|90.677109
LW|2020-01-09|91.949997|91.989998|90.580002|90.790001|945700|90.210106
LW|2020-01-10|90.830002|91.269997|90.209999|90.480003|908900|89.902084
LW|2020-01-13|90.269997|91.910004|90.269997|91.230003|1586800|90.647301
LW|2020-01-14|91.059998|91.589996|90.370003|90.669998|685500|90.090866
LW|2020-01-15|90.730003|92.019997|90.669998|90.879997|809300|90.29953
LW|2020-01-16|90.940002|91.690002|90.589996|91|682000|90.41877
LW|2020-01-17|91.209999|91.43|90.489998|90.5|908500|89.921959
LW|2020-01-21|90.519997|91.440002|90.489998|91.199997|1010900|90.617477
LW|2020-01-22|91.230003|92.160004|91.07|91.190002|1001400|90.607552
LW|2020-01-23|90.949997|91.459999|90.654999|90.889999|901300|90.309471
LW|2020-01-24|91.089996|91.160004|90.290001|90.690002|519000|90.110748
LW|2020-01-27|90.639999|91.699997|90.269997|90.43|907200|89.852409
LW|2020-01-28|90.110001|91.989998|89.800003|91.660004|1016500|91.074547
LW|2020-01-29|91.599998|92.639999|90.800003|92.050003|739700|91.462059
LW|2020-01-30|91.529999|92.349998|91.239998|92.120003|740200|91.760887
LW|2020-01-31|91.870003|92.760002|91.220001|91.309998|932900|90.954041
LW|2020-02-03|91.669998|91.959999|91.07|91.75|1438200|91.392326
LW|2020-02-04|92.209999|92.989998|91.785004|92.279999|660600|91.920265
LW|2020-02-05|92.379997|93.480003|92.059998|92.580002|973400|92.219093
LW|2020-02-06|92.769997|93.589996|92.510002|93.169998|1128200|92.806793
LW|2020-02-07|93.379997|94.529999|93.040001|94.449997|611000|94.081802
LW|2020-02-10|94.43|94.970001|94.190002|94.580002|580400|94.211296
LW|2020-02-11|94.610001|95.419998|94.400002|95.129997|676700|94.759148
LW|2020-02-12|94.980003|95.419998|94.150002|94.510002|465400|94.141571
LW|2020-02-13|94.599998|95.419998|94.230003|95.089996|506400|94.719307
LW|2020-02-14|95.139999|95.599998|94.540001|95.169998|466200|94.798996
LW|2020-02-18|94.940002|95.93|94.699997|95.870003|962800|95.496269
LW|2020-02-19|95.980003|96.32|94.129997|94.349998|534200|93.982193
LW|2020-02-20|94.230003|94.959999|93.860001|94.919998|527600|94.549973
LW|2020-02-21|94.919998|95.139999|94.535004|94.839996|421700|94.470276
LW|2020-02-24|94|95.610001|93.650002|95.32|713900|94.94841
LW|2020-02-25|95.199997|96.110001|93.739998|93.769997|937400|93.404449
LW|2020-02-26|94.010002|95.025002|92.485001|92.540001|778500|92.179253
LW|2020-02-27|92.099998|92.839996|89.440002|89.449997|983200|89.101295
LW|2020-02-28|88.099998|88.269997|85.410004|86.889999|2623100|86.551277
LW|2020-03-02|86.940002|88.449997|85.209999|86.650002|2420900|86.31221
LW|2020-03-03|86.440002|88.32|84.973999|85.5|1628800|85.166695
LW|2020-03-04|86.559998|88.279999|86.169998|88.089996|1446500|87.74659
LW|2020-03-05|87.32|87.945|85.949997|86.360001|1368900|86.023338
LW|2020-03-06|83.779999|84.129997|80.169998|83.370003|2409500|83.044998
LW|2020-03-09|79.760002|79.989998|73.25|73.379997|1633300|73.093941
LW|2020-03-10|75|75|70.879997|72.730003|2145400|72.44648
LW|2020-03-11|71.010002|73|70.175003|71.43|2586500|71.151543
LW|2020-03-12|67.57|68.93|62.240002|63.360001|2194800|63.113003
LW|2020-03-13|65.779999|66.360001|60.389999|63.849998|2633100|63.601089
LW|2020-03-16|58.32|60.98|51.470001|52.439999|2337400|52.235569
LW|2020-03-17|53.349998|53.810001|49.040001|53.130001|2960400|52.922882
LW|2020-03-18|50.400002|51.09|39.060001|45.009998|2218200|44.834534
LW|2020-03-19|43.07|49.360001|42.779999|48.810001|2433300|48.619724
LW|2020-03-20|49.450001|51.209999|47.43|47.630001|2763700|47.444324
LW|2020-03-23|46.060001|48.759998|42.43|47.709999|1847000|47.52401
LW|2020-03-24|49.860001|57.650002|49.75|55.040001|3074900|54.825436
LW|2020-03-25|55|57.889999|54.169998|56.330002|2533600|56.110409
LW|2020-03-26|56.889999|61.459999|56.122002|58.84|1826300|58.610622
LW|2020-03-27|56.509998|58.27|53.900002|57.25|1975700|57.026821
LW|2020-03-30|57.77|60|56.240002|57.639999|2033000|57.415298
LW|2020-03-31|57.790001|60.139999|56.43|57.099998|2603700|56.877403
LW|2020-04-01|52|52.459999|48.119999|51|3141100|50.801186
LW|2020-04-02|49.75|52.185001|48.59|49.880001|3217500|49.685555
LW|2020-04-03|49.880001|50.75|48.759998|50.200001|1692100|50.004307
LW|2020-04-06|52.709999|53.509998|51.384998|51.82|1977700|51.617989
LW|2020-04-07|54.52|58.52|53.119999|55.099998|2614700|54.885201
LW|2020-04-08|55.43|58.419998|55.139999|57.75|1857500|57.524872
LW|2020-04-09|58.709999|62.27|58.009998|58.400002|2046900|58.17234
LW|2020-04-13|58.389999|58.700001|55.610001|58.259998|1071800|58.032883
LW|2020-04-14|59.09|62.220001|59.09|60.700001|2045400|60.463371
LW|2020-04-15|58.610001|58.650002|54.5|55.91|2021700|55.692043
LW|2020-04-16|56.360001|58.09|55.830002|57.549999|1221500|57.325649
LW|2020-04-17|59.299999|61.290001|58.459999|59.919998|1533700|59.686409
LW|2020-04-20|59.240002|60.41|57.334999|57.509998|1245400|57.285805
LW|2020-04-21|55.220001|56.98|55.220001|55.709999|1341100|55.492825
LW|2020-04-22|56.68|57.278999|55.208|56.330002|981800|56.110409
LW|2020-04-23|56.34|57.990002|55.91|56.689999|1418000|56.469002
LW|2020-04-24|57.09|58.5|56.209999|57.779999|1152800|57.554752
LW|2020-04-27|57.939999|59.398998|57.830002|58.549999|1069200|58.321751
LW|2020-04-28|59.860001|60.43|59.02|60.16|1373100|59.925476
LW|2020-04-29|61.419998|65.419998|60.369999|64.889999|2033300|64.637039
LW|2020-04-30|63.43|64.449997|60.740002|61.360001|2377600|61.1208
LW|2020-05-01|60.540001|61|58.029999|58.349998|884100|58.122532
LW|2020-05-04|57.68|58.110001|56.610001|57.700001|898800|57.475067
LW|2020-05-05|58.360001|60.02|58.360001|58.970001|1021700|58.740116
LW|2020-05-06|59.130001|60.395|58.880001|59|1071400|58.77
LW|2020-05-07|59.689999|59.970001|55.34|55.419998|1966200|55.419998
LW|2020-05-08|56.98|62.005001|56.314999|61.540001|1920400|61.540001
LW|2020-05-11|60.75|61.549999|59.435001|59.66|902900|59.66
LW|2020-05-12|60.110001|60.57|58.18|58.23|1040000|58.23
LW|2020-05-13|57.959999|58.419998|53.889999|54.779999|1271600|54.779999
LW|2020-05-14|53.799999|55.09|52.27|54.509998|1114700|54.509998
LW|2020-05-15|54.209999|54.209999|51.720001|52.09|1289000|52.09
LW|2020-05-18|54.029999|56.84|54.029999|56.369999|1416700|56.369999
LW|2020-05-19|56.099998|57.419998|55.380001|55.860001|1503800|55.860001
LW|2020-05-20|56.07|56.509998|54.035|56.27|2020100|56.27
LW|2020-05-21|56.119999|56.16|55.029999|55.830002|1449700|55.830002
LW|2020-05-22|56.200001|57.360001|55.720001|57.220001|1291900|57.220001
LW|2020-05-26|59.720001|60.970001|58.849998|60.700001|1923800|60.700001
LW|2020-05-27|61.73|62.869999|60|61.950001|1957400|61.950001
LW|2020-05-28|62.580002|62.580002|59.075001|59.619999|2104300|59.619999
LW|2020-05-29|58.959999|60.349998|58|60.060001|6912000|60.060001
LW|2020-06-01|60.919998|63.52|60.43|61.59|2174800|61.59
LW|2020-06-02|62.810001|62.82|60.599998|61.77|1573900|61.77
LW|2020-06-03|62.740002|65.410004|62.599998|64.779999|1708100|64.779999
LW|2020-06-04|64.349998|65.879997|63.970001|65.809998|1536100|65.809998
LW|2020-06-05|69.300003|71.370003|67.779999|71.25|3251700|71.25
LW|2020-06-08|71.32|74.809998|71.25|74.580002|4498500|74.580002
LW|2020-06-09|73.379997|73.489998|71.010002|71.900002|3542400|71.900002
LW|2020-06-10|71.339996|71.419998|69.160004|70.519997|1858600|70.519997
LW|2020-06-11|68.080002|68.18|63.110001|63.259998|1973400|63.259998
LW|2020-06-12|65.410004|66.629997|62.869999|64.970001|1142700|64.970001
LW|2020-06-15|63.060001|65.82|62.119999|65.519997|1084500|65.519997
LW|2020-06-16|68.440002|68.980003|66.220001|67.959999|1106200|67.959999
LW|2020-06-17|68.120003|68.879997|67.370003|67.830002|1352300|67.830002
LW|2020-06-18|66.769997|67.910004|66.449997|67.790001|850100|67.790001
LW|2020-06-19|68.900002|69.309998|66.190002|66.199997|1356900|66.199997
LW|2020-06-22|66.07|66.139999|64.845001|65.849998|868300|65.849998
LW|2020-06-23|66.550003|67.410004|66.260002|66.540001|1529300|66.540001
LW|2020-06-24|65.470001|66.019997|61.860001|63.049999|1390000|63.049999
LW|2020-06-25|62.330002|64.059998|61.98|63.860001|977800|63.860001
LW|2020-06-26|63.689999|63.689999|61.77|62.529999|1970000|62.529999
LW|2020-06-29|63.240002|64.114998|61.950001|63.259998|985900|63.259998
LW|2020-06-30|63.419998|64.540001|62.869999|63.93|873400|63.93
LW|2020-07-01|63.869999|64.510002|62.950001|63.419998|784300|63.419998
LW|2020-07-02|64.709999|64.709999|63.279999|63.459999|757200|63.459999
LW|2020-07-06|64.860001|65|63.450001|64.050003|775200|64.050003
LW|2020-07-07|63.580002|63.700001|62.459999|63.049999|1085100|63.049999
LW|2020-07-08|62.650002|63.080002|60.73|61.849998|1326800|61.849998
LW|2020-07-09|61.279999|61.360001|58.98|59.959999|1589400|59.959999
LW|2020-07-10|59.939999|63.09|59.759998|63.009998|994800|63.009998
LW|2020-07-13|63.68|64.639999|63.005001|63.799999|873000|63.799999
LW|2020-07-14|63.630001|66.230003|63.09|66.150002|1202400|66.150002
LW|2020-07-15|67.779999|68.800003|66.970001|68.260002|1308900|68.260002
LW|2020-07-16|67.839996|68.360001|66.690002|66.919998|1104700|66.919998
LW|2020-07-17|67.260002|67.43|66.080002|66.400002|1004400|66.400002
