symbol|date|open|high|low|close|volume|adj
NLOK|2019-03-08|21.629999|21.959999|21.5|21.950001|4091400|12.381197
NLOK|2019-03-11|21.98|22.51|21.98|22.379999|5087100|12.623746
NLOK|2019-03-12|22.360001|22.620001|22.32|22.459999|3749800|12.66887
NLOK|2019-03-13|22.49|23.08|22.459999|22.950001|5489300|12.945262
NLOK|2019-03-14|22.540001|23.25|22.450001|22.93|4309300|12.93398
NLOK|2019-03-15|23|23.219999|22.85|23.02|6255100|12.984746
NLOK|2019-03-18|23.02|23.360001|22.98|23.07|3371700|13.012949
NLOK|2019-03-19|23.23|23.35|23.059999|23.209999|3299800|13.091917
NLOK|2019-03-20|23.190001|23.280001|22.870001|23.139999|2801100|13.052432
NLOK|2019-03-21|23.1|23.639999|23.030001|23.59|3109800|13.306261
NLOK|2019-03-22|23.5|23.57|22.83|22.860001|3580900|12.894496
NLOK|2019-03-25|22.83|22.93|22.459999|22.879999|3268200|12.905775
NLOK|2019-03-26|23.040001|23.27|23.01|23.23|2506600|13.1032
NLOK|2019-03-27|23.190001|23.26|22.700001|22.84|3297400|12.883214
NLOK|2019-03-28|22.84|23.040001|22.51|22.940001|2237200|12.939621
NLOK|2019-03-29|23.07|23.120001|22.870001|22.99|4312500|12.967824
NLOK|2019-04-01|23.1|23.280001|22.99|23.190001|4215100|13.080637
NLOK|2019-04-02|23.219999|23.26|23.040001|23.15|3599300|13.058074
NLOK|2019-04-03|23.299999|23.530001|23.25|23.33|6957900|13.159604
NLOK|2019-04-04|23.43|23.51|22.77|23.040001|4393800|12.996027
NLOK|2019-04-05|23.059999|23.32|22.93|22.99|3999800|12.967824
NLOK|2019-04-08|23.709999|24.77|23.65|24.24|11619000|13.672902
NLOK|2019-04-09|24.07|24.24|23.82|23.879999|4925300|13.469839
NLOK|2019-04-10|23.870001|24.120001|23.52|23.74|4327800|13.390871
NLOK|2019-04-11|23.799999|23.98|23.719999|23.9|2283300|13.481122
NLOK|2019-04-12|24|24.030001|23.799999|23.959999|3912200|13.514965
NLOK|2019-04-15|23.99|24.5|23.99|24.41|4021800|13.768794
NLOK|2019-04-16|24.5|24.540001|24.129999|24.299999|4998100|13.706746
NLOK|2019-04-17|24.469999|24.77|24.34|24.469999|6602400|13.802639
NLOK|2019-04-18|24.549999|24.559999|24.059999|24.4|4528600|13.763153
NLOK|2019-04-22|24.25|24.42|24.049999|24.26|4024000|13.684185
NLOK|2019-04-23|24.32|24.49|23.950001|24.290001|5963100|13.701108
NLOK|2019-04-24|24.280001|24.43|24.139999|24.25|2914100|13.678544
NLOK|2019-04-25|24.24|24.33|23.969999|24.129999|3485400|13.610856
NLOK|2019-04-26|24.129999|24.27|24.049999|24.24|2483200|13.672902
NLOK|2019-04-29|24.27|24.389999|24.110001|24.33|3111000|13.723669
NLOK|2019-04-30|24.33|24.48|24.08|24.209999|2530900|13.655981
NLOK|2019-05-01|24.24|24.24|23.84|23.85|3784900|13.452918
NLOK|2019-05-02|23.799999|23.85|23.24|23.35|3918400|13.170887
NLOK|2019-05-03|23.540001|23.83|23.4|23.549999|5055600|13.283699
NLOK|2019-05-06|23.129999|23.309999|23.02|23.190001|4160000|13.080637
NLOK|2019-05-07|22.83|22.9|22.23|22.370001|5742800|12.618105
NLOK|2019-05-08|22.42|22.469999|22.24|22.26|4133200|12.556058
NLOK|2019-05-09|22.059999|22.309999|21.709999|22.17|10055600|12.505292
NLOK|2019-05-10|18.969999|19.690001|17.889999|19.389999|31089400|10.937194
NLOK|2019-05-13|19.16|19.629999|18.77|19.139999|12367200|10.796178
NLOK|2019-05-14|19.200001|19.66|19.120001|19.469999|10421600|10.98232
NLOK|2019-05-15|19.26|19.690001|19.16|19.49|10293300|10.9936
NLOK|2019-05-16|19.549999|19.940001|19.5|19.709999|8757800|11.117693
NLOK|2019-05-17|19.74|20.209999|19.58|19.84|10597500|11.191023
NLOK|2019-05-20|19.610001|20.26|19.6|20.049999|8884000|11.309477
NLOK|2019-05-21|20.17|20.66|20.17|20.530001|8287200|11.580228
NLOK|2019-05-22|20.280001|20.610001|20.209999|20.290001|8303600|11.444853
NLOK|2019-05-23|20.01|20.15|19.83|19.969999|6628500|11.264351
NLOK|2019-05-24|20.02|20.1|19.82|19.85|5645600|11.196664
NLOK|2019-05-28|19.870001|20.030001|19.379999|19.459999|8095800|10.976678
NLOK|2019-05-29|19.309999|19.32|18.940001|19.01|5716300|10.72285
NLOK|2019-05-30|19.040001|19.07|18.74|18.879999|5023100|10.649521
NLOK|2019-05-31|18.719999|18.92|18.540001|18.73|6124300|10.564913
NLOK|2019-06-03|18.65|18.65|17.5|17.98|10092600|10.141864
NLOK|2019-06-04|18.129999|18.889999|18.01|18.870001|9083500|10.643882
NLOK|2019-06-05|19|19.120001|18.77|19.08|5176600|10.762335
NLOK|2019-06-06|19.09|19.129999|18.889999|18.950001|8501400|10.689008
NLOK|2019-06-07|18.93|19.23|18.799999|19.15|9100100|10.844741
NLOK|2019-06-10|19.209999|19.610001|19.1|19.209999|7035100|10.878718
NLOK|2019-06-11|18.190001|18.9|18.059999|18.85|11119800|10.67485
NLOK|2019-06-12|18.709999|19.219999|18.540001|19.190001|7821900|10.867393
NLOK|2019-06-13|19.33|19.610001|19.190001|19.58|7998600|11.088251
NLOK|2019-06-14|19.559999|19.559999|19.110001|19.360001|5290800|10.963665
NLOK|2019-06-17|19.82|20.09|19.690001|19.76|8950100|11.190187
NLOK|2019-06-18|20|20.16|19.799999|19.969999|5723300|11.309111
NLOK|2019-06-19|19.99|20.200001|19.889999|20.15|5189800|11.411046
NLOK|2019-06-20|20.41|20.65|20.25|20.559999|8226700|11.64323
NLOK|2019-06-21|20.52|20.940001|20.370001|20.84|12187600|11.801795
NLOK|2019-06-24|20.84|21.219999|20.73|20.98|6205900|11.881079
NLOK|2019-06-25|21.02|21.139999|20.780001|20.799999|5919400|11.779144
NLOK|2019-06-26|20.9|21.1|20.790001|20.860001|4559600|11.813123
NLOK|2019-06-27|20.889999|21.280001|20.73|21.09|4610300|11.943373
NLOK|2019-06-28|21.15|21.82|21.15|21.76|9064500|12.322797
NLOK|2019-07-01|22.1|22.299999|21.879999|22.059999|4408500|12.492688
NLOK|2019-07-02|22.049999|22.299999|21.940001|22.1|5967600|12.515341
NLOK|2019-07-03|25.48|25.540001|24.950001|25.1|40299700|14.214255
NLOK|2019-07-05|24.9|25.1|24.879999|25|12122200|14.157625
NLOK|2019-07-08|25.93|26.07|25.540001|25.610001|20054900|14.503072
NLOK|2019-07-09|25.59|25.75|25.49|25.559999|12776600|14.474756
NLOK|2019-07-10|25.549999|26|25.440001|25.799999|16943500|14.610669
NLOK|2019-07-11|25.83|25.870001|25.379999|25.440001|8255500|14.406799
NLOK|2019-07-12|25.52|25.639999|25.450001|25.57|13338500|14.480418
NLOK|2019-07-15|22|22.84|21.559999|22.84|44445600|12.934406
NLOK|2019-07-16|22.66|23.65|22.5|23.57|10922200|13.347809
NLOK|2019-07-17|23.6|23.629999|22.66|22.68|8574300|12.843798
NLOK|2019-07-18|22.620001|23.08|22.559999|23|6762600|13.025014
NLOK|2019-07-19|23.139999|23.27|22.190001|22.27|11704600|12.611612
NLOK|2019-07-22|22.25|23|22.049999|22.709999|9252500|12.860786
NLOK|2019-07-23|22.75|22.879999|22.42|22.809999|6370900|12.917417
NLOK|2019-07-24|22.77|22.870001|22.66|22.690001|3704900|12.84946
NLOK|2019-07-25|22.66|22.719999|22.41|22.48|3848300|12.730536
NLOK|2019-07-26|22.530001|22.9|22.440001|22.73|4305900|12.872112
NLOK|2019-07-29|22.65|22.66|21.9|22.1|6273400|12.515341
NLOK|2019-07-30|22|22.129999|21.889999|21.93|4642300|12.419069
NLOK|2019-07-31|21.93|21.950001|21.27|21.559999|4799500|12.209536
NLOK|2019-08-01|21.57|21.98|21.4|21.540001|5033300|12.198211
NLOK|2019-08-02|21.42|21.51|21.09|21.15|3961300|11.977351
NLOK|2019-08-05|21|21.040001|20.24|20.34|8548500|11.518643
NLOK|2019-08-06|20.440001|20.67|20.1|20.459999|5352700|11.586599
NLOK|2019-08-07|20.280001|20.52|20.01|20.41|6540300|11.558286
NLOK|2019-08-08|22.879999|23.02|22.139999|22.92|16355400|12.979711
NLOK|2019-08-09|22.969999|23.049999|22.049999|22.99|29212800|13.019351
NLOK|2019-08-12|22.75|22.790001|21.450001|21.67|16064700|12.271831
NLOK|2019-08-13|21.559999|23.16|21.559999|23.120001|18658000|13.092972
NLOK|2019-08-14|22.719999|23.15|22.66|23.049999|11218300|13.053329
NLOK|2019-08-15|23.040001|23.299999|22.82|23.139999|9508100|13.104297
NLOK|2019-08-16|23.35|23.530001|23.200001|23.51|10457600|13.313832
NLOK|2019-08-19|23.65|23.889999|23.620001|23.85|9832200|13.506373
NLOK|2019-08-20|23.790001|23.799999|23.530001|23.76|5362200|13.455407
NLOK|2019-08-21|23.879999|23.93|23.57|23.709999|4405900|13.42709
NLOK|2019-08-22|23.709999|23.77|23.389999|23.530001|4721700|13.325156
NLOK|2019-08-23|23.41|23.549999|23.120001|23.219999|9098800|13.191648
NLOK|2019-08-26|23.5|23.5|23.190001|23.32|3666500|13.248461
NLOK|2019-08-27|23.49|23.49|23.049999|23.07|4646800|13.106432
NLOK|2019-08-28|22.99|23.059999|22.540001|22.950001|6661300|13.038259
NLOK|2019-08-29|23.24|23.309999|23.07|23.209999|4103000|13.185968
NLOK|2019-08-30|23.43|23.49|23.17|23.25|3483200|13.208693
NLOK|2019-09-03|23.139999|23.450001|22.959999|22.99|4972800|13.060982
NLOK|2019-09-04|23.120001|23.360001|23|23.309999|5459600|13.242779
NLOK|2019-09-05|23.5|23.549999|23.389999|23.469999|3686900|13.333678
NLOK|2019-09-06|23.450001|25.77|23.25|24.52|17027200|13.930201
NLOK|2019-09-09|24.67|24.77|24.129999|24.41|6912400|13.867707
NLOK|2019-09-10|24.309999|24.610001|24.25|24.43|5346100|13.87907
NLOK|2019-09-11|24.459999|24.809999|24.280001|24.73|6078400|14.049504
NLOK|2019-09-12|24.77|24.959999|24.49|24.540001|7629500|13.941563
NLOK|2019-09-13|24.5|24.52|24.07|24.459999|6278800|13.896112
NLOK|2019-09-16|24.35|24.57|24.25|24.26|6568700|13.78249
NLOK|2019-09-17|24.16|24.450001|24|24.43|5454100|13.87907
NLOK|2019-09-18|24.35|24.370001|23.91|24.02|5090400|13.646142
NLOK|2019-09-19|24.200001|24.280001|23.969999|23.98|4629300|13.623417
NLOK|2019-09-20|23.98|24.08|23.790001|23.879999|15038900|13.566605
NLOK|2019-09-23|23.809999|24.030001|23.629999|23.76|3645900|13.498432
NLOK|2019-09-24|23.870001|23.9|23.360001|23.370001|3960000|13.276867
NLOK|2019-09-25|23.34|23.889999|23.33|23.799999|6879600|13.521156
NLOK|2019-09-26|23.709999|23.809999|23.559999|23.74|2419800|13.48707
NLOK|2019-09-27|23.75|23.75|23.33|23.5|2299600|13.350721
NLOK|2019-09-30|23.52|23.74|23.469999|23.629999|3222300|13.424577
NLOK|2019-10-01|23.75|23.76|23.43|23.51|3179100|13.356403
NLOK|2019-10-02|23.01|23.360001|23|23.290001|3916300|13.231418
NLOK|2019-10-03|23.33|23.57|23.17|23.49|4997600|13.34504
NLOK|2019-10-04|23.559999|23.59|23.360001|23.48|3158000|13.339359
NLOK|2019-10-07|23.469999|23.74|23.280001|23.469999|3158400|13.333678
NLOK|2019-10-08|23.32|23.549999|23.139999|23.23|3581700|13.19733
NLOK|2019-10-09|23.42|23.629999|23.27|23.52|2737300|13.362085
NLOK|2019-10-10|23.469999|23.68|23.370001|23.49|2413500|13.34504
NLOK|2019-10-11|23.65|23.93|23.52|23.559999|6389500|13.384809
NLOK|2019-10-14|23.51|23.59|23.32|23.42|2253200|13.305272
NLOK|2019-10-15|23.42|23.709999|23.33|23.59|3269100|13.401854
NLOK|2019-10-16|23.49|23.52|23.360001|23.5|5744800|13.350721
NLOK|2019-10-17|23.629999|23.790001|23.440001|23.48|2653900|13.339359
NLOK|2019-10-18|23.51|23.51|23.01|23.01|3492900|13.072345
NLOK|2019-10-21|23.129999|23.299999|22.969999|23.08|2594900|13.112113
NLOK|2019-10-22|23.129999|23.299999|23|23.15|2158800|13.15188
NLOK|2019-10-23|23.08|23.139999|22.73|23.01|2933300|13.072345
NLOK|2019-10-24|23.17|23.23|22.74|23.030001|2992100|13.083707
NLOK|2019-10-25|22.950001|22.950001|22.6|22.690001|3655000|12.890548
NLOK|2019-10-28|22.82|22.9|22.719999|22.85|3058400|12.981447
NLOK|2019-10-29|22.75|23.209999|22.719999|23.1|5815700|13.123475
NLOK|2019-10-30|23.1|23.190001|22.889999|22.99|2275600|13.060982
NLOK|2019-10-31|22.969999|23.02|22.639999|22.879999|8044100|12.998489
NLOK|2019-11-01|23|23.440001|22.84|23.41|4139300|13.299591
NLOK|2019-11-04|23.59|24.030001|23.379999|23.75|8081600|13.492751
NLOK|2019-11-05|23.75|23.75|23.75|23.75|0|13.492751
NLOK|2019-11-06|24.209999|24.309999|23.860001|24|6178900|13.63478
NLOK|2019-11-07|24|24.41|23.889999|24.34|6995000|13.827939
NLOK|2019-11-08|24.360001|24.9|23.370001|24.83|7475200|14.106316
NLOK|2019-11-11|24.559999|24.620001|24.09|24.35|3935100|13.83362
NLOK|2019-11-12|24.379999|24.559999|24.110001|24.200001|5018400|13.748404
NLOK|2019-11-13|24.15|24.57|24.120001|24.57|2750300|13.958605
NLOK|2019-11-14|24.459999|24.639999|24.26|24.52|4614300|13.930201
NLOK|2019-11-15|24.66|24.860001|24.459999|24.83|3726400|14.106316
NLOK|2019-11-18|24.85|24.9|24.41|24.549999|2679100|13.947244
NLOK|2019-11-19|24.540001|24.799999|24.48|24.700001|2360500|14.032461
NLOK|2019-11-20|24.610001|24.780001|24.5|24.559999|2642900|13.952924
NLOK|2019-11-21|24.51|24.709999|24.49|24.57|2252600|13.958605
NLOK|2019-11-22|24.469999|24.68|24.379999|24.52|3284400|14.001432
NLOK|2019-11-25|24.559999|24.92|24.5|24.91|3094300|14.22413
NLOK|2019-11-26|24.889999|25|24.85|25|4153300|14.275523
NLOK|2019-11-27|25|25|24.75|24.92|3169900|14.22984
NLOK|2019-11-29|24.870001|24.940001|24.700001|24.9|2883700|14.21842
NLOK|2019-12-02|24.77|25.23|24.75|24.99|7530800|14.269812
NLOK|2019-12-03|24.610001|25.059999|24.559999|24.950001|6447900|14.246972
NLOK|2019-12-04|25.059999|25.43|24.52|25.379999|8873400|14.492509
NLOK|2019-12-05|25.4|25.65|25.27|25.49|23219500|14.555323
NLOK|2019-12-06|25.559999|25.629999|25.440001|25.459999|8381000|14.538192
NLOK|2019-12-09|25.299999|25.469999|25.299999|25.4|11637300|14.50393
NLOK|2019-12-10|26|26.629999|25.950001|26.280001|18273600|15.006429
NLOK|2019-12-11|26.290001|26.530001|25.99|26.379999|11937900|15.063531
NLOK|2019-12-12|26.17|26.709999|26.16|26.18|15058200|14.949327
NLOK|2019-12-13|26.129999|26.18|25.99|26|8161800|14.846543
NLOK|2019-12-16|26.09|26.200001|25.77|25.969999|8196000|14.829412
NLOK|2019-12-17|26.700001|26.700001|25.860001|25.92|6882000|14.800861
NLOK|2019-12-18|25.780001|26.190001|25.75|25.98|6771000|14.835122
NLOK|2019-12-19|25.889999|26.120001|25.780001|26.02|4952100|14.857964
NLOK|2019-12-20|26.200001|26.200001|25.48|25.51|30388500|14.566743
NLOK|2019-12-23|25.58|25.790001|25.48|25.73|6207100|14.692368
NLOK|2019-12-24|25.719999|25.860001|25.639999|25.68|1482100|14.663816
NLOK|2019-12-26|25.66|25.700001|25.43|25.450001|2809900|14.532481
NLOK|2019-12-27|25.530001|25.67|25.41|25.6|1700700|14.618134
NLOK|2019-12-30|25.6|25.709999|25.309999|25.48|2251700|14.549611
NLOK|2019-12-31|25.469999|25.639999|25.379999|25.52|2986700|14.572453
NLOK|2020-01-02|25.610001|26.030001|25.52|26.02|5273300|14.857964
NLOK|2020-01-03|25.73|25.969999|25.6|25.83|2706400|14.749469
NLOK|2020-01-06|25.98|26.77|25.92|26.389999|9985300|15.06924
NLOK|2020-01-07|26.389999|26.77|26.190001|26.75|7064500|15.274809
NLOK|2020-01-08|26.75|26.889999|26.450001|26.610001|7925900|15.194866
NLOK|2020-01-09|26.73|26.809999|26.370001|26.690001|4962200|15.240548
NLOK|2020-01-10|27.389999|27.459999|26.049999|26.49|19544500|15.126343
NLOK|2020-01-13|26.75|26.82|26.209999|26.6|25267200|15.189157
NLOK|2020-01-14|26.610001|27.049999|26.6|26.780001|16109500|15.29194
NLOK|2020-01-15|26.84|27.51|26.790001|27.5|14596500|15.703074
NLOK|2020-01-16|27.549999|27.940001|27.52|27.879999|14952800|15.920061
NLOK|2020-01-17|27.92|28.219999|27.85|28.129999|17502100|16.062819
NLOK|2020-01-21|28|28.6|27.950001|28.049999|23349600|16.017134
NLOK|2020-01-22|28.1|28.620001|28.040001|28.209999|14236600|16.1085
NLOK|2020-01-23|28.200001|28.700001|27.969999|28.4|6182600|16.216991
NLOK|2020-01-24|28.34|28.370001|27.809999|28.07|4814900|16.028557
NLOK|2020-01-27|27.719999|27.85|27.34|27.43|7969900|15.663103
NLOK|2020-01-28|27.48|27.719999|27.35|27.68|4973100|15.805859
NLOK|2020-01-29|27.690001|27.99|27.639999|27.68|1750800|15.805859
NLOK|2020-01-30|27.5|28.379999|27.41|28.299999|7236800|16.159891
NLOK|2020-01-31|28.299999|28.6|28.01|28.42|9619600|16.228415
NLOK|2020-02-03|16.700001|17.620001|16.639999|17.15|23065700|16.949896
NLOK|2020-02-04|17.33|17.540001|16.959999|17.530001|14612400|17.325464
NLOK|2020-02-05|17.639999|17.870001|17.57|17.639999|7566400|17.434179
NLOK|2020-02-06|17.75|18|17.549999|17.610001|10447000|17.40453
NLOK|2020-02-07|19.040001|20.77|18.959999|19.73|24815700|19.499792
NLOK|2020-02-10|19.940001|20.450001|19.85|20.200001|10607400|19.96431
NLOK|2020-02-11|20.360001|21.02|20.200001|20.610001|8291200|20.369526
NLOK|2020-02-12|20.719999|20.790001|20.360001|20.610001|9955500|20.369526
NLOK|2020-02-13|20.52|21.1|20.52|20.76|12146100|20.517776
NLOK|2020-02-14|20.719999|20.860001|20.59|20.66|6225500|20.418941
NLOK|2020-02-18|20.450001|20.66|20.33|20.530001|7962000|20.290461
NLOK|2020-02-19|20.52|20.889999|20.459999|20.700001|7262600|20.458477
NLOK|2020-02-20|20.65|20.870001|20.43|20.790001|9238900|20.547426
NLOK|2020-02-21|20.65|20.790001|20.26|20.469999|9366800|20.353535
NLOK|2020-02-24|20.1|20.32|19.780001|19.92|8272000|19.806664
NLOK|2020-02-25|20.030001|20.280001|19.02|19.129999|9080600|19.021158
NLOK|2020-02-26|19.450001|19.9|19.25|19.299999|8399500|19.190191
NLOK|2020-02-27|18.459999|19.24|18.450001|18.93|10888300|18.822296
NLOK|2020-02-28|18.4|19.030001|17.969999|19.030001|14063200|18.921728
NLOK|2020-03-02|19.040001|19.950001|18.879999|19.93|9903400|19.816607
NLOK|2020-03-03|19.83|20.360001|19.040001|19.290001|9968700|19.18025
NLOK|2020-03-04|19.52|19.93|19.450001|19.709999|10490700|19.597858
NLOK|2020-03-05|19.32|19.58|19.059999|19.35|5756500|19.239908
NLOK|2020-03-06|18.92|19.33|18.33|18.68|9217100|18.573719
NLOK|2020-03-09|17.35|17.969999|15.91|17.190001|7394400|17.092197
NLOK|2020-03-10|17.74|18.030001|17.01|17.940001|9447700|17.837931
NLOK|2020-03-11|17.52|18.030001|17.35|17.85|12311600|17.748442
NLOK|2020-03-12|16.48|17.709999|15.9|17.26|8606300|17.161798
NLOK|2020-03-13|18.120001|18.34|16.950001|17.450001|10719400|17.350718
NLOK|2020-03-16|16.01|17.57|15.77|16.84|10470000|16.744188
NLOK|2020-03-17|16.93|17.27|15.74|16.639999|12076900|16.545324
NLOK|2020-03-18|15.72|16.91|15.12|16.610001|11329600|16.515497
NLOK|2020-03-19|16.559999|17.26|15.83|16.82|14773600|16.7243
NLOK|2020-03-20|16.700001|17.09|15.99|16.959999|11947700|16.863504
NLOK|2020-03-23|16.75|16.9|16.059999|16.58|12899100|16.485666
NLOK|2020-03-24|17.15|17.969999|16.23|17.35|9930200|17.251286
NLOK|2020-03-25|17.780001|18.99|17.040001|17.889999|7669700|17.788214
NLOK|2020-03-26|17.969999|18.83|17.940001|18.73|6822500|18.623434
NLOK|2020-03-27|18.4|19.389999|18.110001|18.93|6806200|18.822296
NLOK|2020-03-30|19.24|19.67|18.82|19.1|7503700|18.991329
NLOK|2020-03-31|18.969999|19.52|18.469999|18.709999|10003300|18.603548
NLOK|2020-04-01|18.15|19.219999|18.040001|18.76|6333900|18.653265
NLOK|2020-04-02|18.530001|18.950001|18.15|18.469999|6800500|18.364914
NLOK|2020-04-03|18.41|18.76|18.18|18.290001|3662200|18.185938
NLOK|2020-04-06|18.780001|19.120001|18.48|18.969999|4505300|18.862068
NLOK|2020-04-07|19.5|19.66|18.889999|18.940001|6614600|18.832241
NLOK|2020-04-08|19.110001|19.709999|18.9|19.58|3254900|19.468597
NLOK|2020-04-09|19.33|19.82|18.84|19.370001|5267100|19.259794
NLOK|2020-04-13|19.26|19.41|18.629999|18.860001|5531900|18.752695
NLOK|2020-04-14|19.17|19.42|18.950001|19.07|5637100|18.9615
NLOK|2020-04-15|18.82|20.200001|18.76|19.700001|5872100|19.587917
NLOK|2020-04-16|20.24|20.610001|19.9|20.42|8991500|20.30382
NLOK|2020-04-17|20.690001|20.74|19.91|20.120001|5836400|20.005527
NLOK|2020-04-20|20.09|20.299999|19.790001|20.01|4833200|19.896152
NLOK|2020-04-21|19.75|19.969999|19.059999|19.379999|7491400|19.269735
NLOK|2020-04-22|19.629999|20.02|19.41|19.91|5839200|19.796721
NLOK|2020-04-23|19.860001|20.290001|19.65|20.209999|5961000|20.095013
NLOK|2020-04-24|20.209999|21.219999|19.889999|20.959999|9085300|20.840746
NLOK|2020-04-27|21.4|21.83|21.08|21.280001|9591700|21.158926
NLOK|2020-04-28|21.43|21.49|20.889999|20.969999|4774200|20.850689
NLOK|2020-04-29|21.33|21.540001|20.84|21.280001|8956500|21.158926
NLOK|2020-04-30|21.41|21.620001|21.01|21.27|6296500|21.148983
NLOK|2020-05-01|20.99|21.190001|20.629999|20.860001|3602600|20.741316
NLOK|2020-05-04|20.940001|21.33|20.809999|21.1|6414300|20.97995
NLOK|2020-05-05|21.17|21.799999|21.110001|21.530001|3822100|21.407505
NLOK|2020-05-06|21.790001|21.799999|21.24|21.52|5043200|21.397562
NLOK|2020-05-07|21.76|21.790001|21.120001|21.18|6353100|21.059496
NLOK|2020-05-08|21.299999|21.469999|20.93|21.280001|4356000|21.158926
NLOK|2020-05-11|21.23|21.879999|21.23|21.5|5302100|21.377674
NLOK|2020-05-12|21.57|21.65|20.799999|20.799999|4694500|20.681656
NLOK|2020-05-13|20.780001|21.110001|20.209999|20.43|4802500|20.313763
NLOK|2020-05-14|20.51|20.99|19.98|20.93|5236600|20.810917
NLOK|2020-05-15|20.77|21.08|19.91|20.02|6318700|19.906096
NLOK|2020-05-18|20.41|20.49|19.799999|19.940001|5722800|19.826551
NLOK|2020-05-19|20.01|20.42|19.73|20.23|6986700|20.114901
NLOK|2020-05-20|20.389999|21.15|20.24|21|9257700|20.88052
NLOK|2020-05-21|20.9|21|20.18|20.23|5180700|20.114901
NLOK|2020-05-22|20.23|20.43|20.08|20.24|2992200|20.124844
NLOK|2020-05-26|20.5|20.559999|19.809999|19.870001|4413000|19.756948
NLOK|2020-05-27|20|20.01|18.91|19.860001|7412500|19.747005
NLOK|2020-05-28|19.940001|21.25|19.85|20.940001|7804800|20.820862
NLOK|2020-05-29|21.049999|23.02|20.860001|22.780001|16358900|22.650393
NLOK|2020-06-01|22.450001|22.549999|21.620001|21.709999|9274800|21.586479
NLOK|2020-06-02|21.450001|21.450001|20.48|21.059999|10284500|20.940178
NLOK|2020-06-03|20.940001|21.24|20.52|20.709999|4976000|20.592169
NLOK|2020-06-04|20.780001|21.48|20.59|21.1|7661000|20.97995
NLOK|2020-06-05|21.4|21.559999|20.709999|21.049999|6701300|20.930235
NLOK|2020-06-08|21.469999|21.99|21.18|21.969999|7442900|21.844999
NLOK|2020-06-09|21.17|21.32|20.610001|21.139999|11489100|21.139999
NLOK|2020-06-10|21.15|21.48|20.629999|21.41|9232500|21.41
NLOK|2020-06-11|21.120001|21.18|19.969999|19.98|6366600|19.98
NLOK|2020-06-12|20.23|20.629999|19.559999|19.85|7590900|19.85
NLOK|2020-06-15|19.549999|20.33|19.4|20.26|6797000|20.26
NLOK|2020-06-16|20.49|20.6|19.879999|20.33|7552700|20.33
NLOK|2020-06-17|20.41|20.59|20.219999|20.219999|4474600|20.219999
NLOK|2020-06-18|20.219999|20.299999|19.940001|20.059999|4756900|20.059999
NLOK|2020-06-19|20.209999|20.809999|19.809999|20.809999|15693100|20.809999
NLOK|2020-06-22|20.67|20.83|20.27|20.709999|5287700|20.709999
NLOK|2020-06-23|20.879999|20.959999|20.43|20.48|5465800|20.48
NLOK|2020-06-24|20.4|20.639999|19.65|19.74|5981700|19.74
NLOK|2020-06-25|19.790001|20.049999|19.43|19.530001|6364100|19.530001
NLOK|2020-06-26|19.57|19.75|19.02|19.120001|18252100|19.120001
NLOK|2020-06-29|19.57|19.620001|18.77|19.43|4843100|19.43
NLOK|2020-06-30|19.49|19.92|19.440001|19.83|6268200|19.83
NLOK|2020-07-01|19.77|19.860001|19.52|19.77|3406200|19.77
NLOK|2020-07-02|19.799999|20.209999|19.74|20.01|7371100|20.01
NLOK|2020-07-06|20.08|20.360001|19.889999|19.93|5157500|19.93
NLOK|2020-07-07|19.879999|20.190001|19.700001|19.799999|4197100|19.799999
NLOK|2020-07-08|19.870001|20.129999|19.75|20.110001|3622500|20.110001
NLOK|2020-07-09|20.110001|20.219999|19.700001|20.08|3033300|20.08
NLOK|2020-07-10|20.08|20.370001|19.92|20.299999|3527300|20.299999
NLOK|2020-07-13|20.34|20.709999|20.110001|20.16|3892100|20.16
NLOK|2020-07-14|20.17|20.26|19.559999|20.17|4040700|20.17
NLOK|2020-07-15|20.219999|20.4|19.879999|20.24|4362500|20.24
NLOK|2020-07-16|20.209999|20.32|20.110001|20.17|2745600|20.17
NLOK|2020-07-17|20.139999|20.5|20.01|20.309999|3364700|20.309999
