symbol|date|open|high|low|close|volume|adj
OTIS|2020-03-19|40|46|40|45.25|7000|45.079823
OTIS|2020-03-20|45.009998|46.009998|45|45|3600|44.830765
OTIS|2020-03-23|42|42|39.98|40|11900|39.849567
OTIS|2020-03-24|40|40|39|40|77800|39.849567
OTIS|2020-03-25|40|44.799999|38|41.009998|7000|40.855766
OTIS|2020-03-26|45|47.5|44.25|45|29100|44.830765
OTIS|2020-03-27|45|47.5|44.990002|45.235001|263200|45.06488
OTIS|2020-03-30|44.25|50|44.25|50|118100|49.811958
OTIS|2020-03-31|46.5|50|44.779999|50|210300|49.811958
OTIS|2020-04-01|45.990002|48.5|44|46.700001|1206100|46.524372
OTIS|2020-04-02|45.023998|48.66|43.200001|44|9264200|43.834526
OTIS|2020-04-03|43.75|49.299999|41.799999|47.32|22551600|47.142036
OTIS|2020-04-06|47|47.849998|44.700001|45.939999|10294200|45.767227
OTIS|2020-04-07|45.150002|46.990002|42.93|44.279999|12146500|44.113468
OTIS|2020-04-08|42.209999|45.200001|41.259998|44.09|22265800|43.924187
OTIS|2020-04-09|44.049999|50.25|44|49.139999|17355600|48.955193
OTIS|2020-04-13|48.549999|48.669998|45.720001|46|8545100|45.827003
OTIS|2020-04-14|45.91|46.299999|43.970001|45.889999|10152100|45.717415
OTIS|2020-04-15|44.189999|44.849998|42.799999|44.549999|7935500|44.382454
OTIS|2020-04-16|44.080002|46.407001|43.549999|45.619999|8740200|45.448429
OTIS|2020-04-17|47|48.560001|45.919998|46.150002|7878100|45.97644
OTIS|2020-04-20|45|46.98|44.900002|45.389999|5407500|45.219296
OTIS|2020-04-21|44.5|47.200001|44.5|45.900002|6939700|45.727379
OTIS|2020-04-22|47.310001|49.549999|46|47.049999|6801900|46.873055
OTIS|2020-04-23|47.439999|48.040001|46.48|47.470001|5174800|47.291477
OTIS|2020-04-24|48.02|48.5|46.310001|47.849998|6446900|47.670044
OTIS|2020-04-27|48.080002|48.599998|47.610001|48.220001|5541100|48.038654
OTIS|2020-04-28|49.07|50.950001|48.650002|49.860001|5368200|49.672485
OTIS|2020-04-29|50.77|51.73|49.709999|51.150002|4343900|50.957634
OTIS|2020-04-30|50.970001|51.599998|50.5|50.91|6122300|50.718536
OTIS|2020-05-01|50.330002|50.529999|48.310001|49.709999|3089700|49.523048
OTIS|2020-05-04|48.849998|49.669998|47.509998|49.529999|5676600|49.343727
OTIS|2020-05-05|49.529999|50.639999|47.959999|48.09|4103600|47.909142
OTIS|2020-05-06|48.610001|49|47.889999|48.310001|2931800|48.128315
OTIS|2020-05-07|49.02|53.290001|48.990002|51.810001|4803200|51.615154
OTIS|2020-05-08|52.119999|54.169998|52.110001|52.950001|4381800|52.750866
OTIS|2020-05-11|52|52.400002|51.060001|51.810001|3150600|51.615154
OTIS|2020-05-12|52.189999|52.290001|49.689999|49.720001|3059800|49.533012
OTIS|2020-05-13|49|50.299999|47.884998|48.209999|4567000|48.02869
OTIS|2020-05-14|47.610001|48.400002|47.23|48|4849900|47.819481
OTIS|2020-05-15|47.32|49.220001|47.200001|48.889999|2981400|48.706135
OTIS|2020-05-18|50.119999|52.34|50.119999|52.130001|4453700|51.933949
OTIS|2020-05-19|51.68|52.928001|51.055|52.310001|2050300|52.113274
OTIS|2020-05-20|52.549999|54.700001|52.474998|53.18|4755100|52.98
OTIS|2020-05-21|52.360001|53.549999|51.869999|52.029999|3813100|52.029999
OTIS|2020-05-22|52.459999|52.720001|50.919998|51.709999|2134300|51.709999
OTIS|2020-05-26|53.029999|53.990002|50.700001|50.889999|6247000|50.889999
OTIS|2020-05-27|51.59|52.650002|50.77|52.380001|5202300|52.380001
OTIS|2020-05-28|52.869999|52.950001|50.93|50.959999|4260700|50.959999
OTIS|2020-05-29|50.439999|52.869999|50.18|52.650002|7522700|52.650002
OTIS|2020-06-01|52.450001|54.439999|52.110001|54.080002|3073300|54.080002
OTIS|2020-06-02|54.16|54.75|53.290001|54.150002|2638100|54.150002
OTIS|2020-06-03|55|55.580002|54.549999|55.470001|4134500|55.470001
OTIS|2020-06-04|55.299999|56.66|54.689999|55.400002|3281300|55.400002
OTIS|2020-06-05|57.830002|58.709|56|58.57|4615100|58.57
OTIS|2020-06-08|58.68|61.32|58.360001|61.259998|5966500|61.259998
OTIS|2020-06-09|60.400002|61.459999|59.240002|60.650002|4610200|60.650002
OTIS|2020-06-10|60.610001|60.959999|59.02|59.029999|2658300|59.029999
OTIS|2020-06-11|56|58.07|55.705002|56.25|3293900|56.25
OTIS|2020-06-12|57.73|58.98|55.099998|56.040001|4313000|56.040001
OTIS|2020-06-15|54.509998|57.799999|53.830002|57.669998|4464300|57.669998
OTIS|2020-06-16|59.5|59.799999|57.375|57.849998|3510300|57.849998
OTIS|2020-06-17|58.119999|58.189999|56.459999|56.740002|2441500|56.740002
OTIS|2020-06-18|56.439999|57.68|56.240002|57.490002|2137500|57.490002
OTIS|2020-06-19|58.959999|58.959999|55.950001|57|7096100|57
OTIS|2020-06-22|56.880001|58.18|56.639999|57.060001|2027000|57.060001
OTIS|2020-06-23|57.689999|57.869999|56.59|56.799999|2386900|56.799999
OTIS|2020-06-24|56.150002|56.970001|55.25|55.540001|3022000|55.540001
OTIS|2020-06-25|55.049999|56.5|54.759998|56.200001|2942900|56.200001
OTIS|2020-06-26|56.23|56.48|54.442001|55.790001|6634300|55.790001
OTIS|2020-06-29|55.889999|56.799999|55.330002|56.57|2257300|56.57
OTIS|2020-06-30|55.970001|57.099998|55.509998|56.860001|2518100|56.860001
OTIS|2020-07-01|57|57|55.75|55.779999|2400200|55.779999
OTIS|2020-07-02|56.43|57.240002|55.77|56.5|3162900|56.5
OTIS|2020-07-06|57.380001|57.580002|56.43|56.860001|1999100|56.860001
OTIS|2020-07-07|56.43|57.310001|56.119999|56.82|2537900|56.82
OTIS|2020-07-08|57.029999|57.150002|56.27|56.919998|6694900|56.919998
OTIS|2020-07-09|56.860001|57.939999|56.07|56.110001|2424200|56.110001
OTIS|2020-07-10|56.23|57.310001|56.040001|56.98|2137300|56.98
OTIS|2020-07-13|56.560001|57.939999|56.465|56.889999|2882500|56.889999
OTIS|2020-07-14|56.220001|57.450001|56.029999|57.369999|2755100|57.369999
OTIS|2020-07-15|58.009998|59|57.860001|58.200001|2358400|58.200001
OTIS|2020-07-16|58|58.560001|57.658001|58.32|2628800|58.32
OTIS|2020-07-17|58.73|59.029999|58.150002|58.549999|2983100|58.549999
