symbol|date|open|high|low|close|volume|adj
QRVO|2015-01-02|69|71.999001|68.010002|70.400002|4218700|70.400002
QRVO|2015-01-05|71.230003|71.300003|67.059998|67.629997|4534700|67.629997
QRVO|2015-01-06|67.93|67.989998|63.02|64.669998|3749400|64.669998
QRVO|2015-01-07|65.010002|66.760002|63.509998|66.650002|2122600|66.650002
QRVO|2015-01-08|67.949997|69.690002|67.129997|67.690002|2510300|67.690002
QRVO|2015-01-09|68.449997|68.449997|66.610001|67.110001|933900|67.110001
QRVO|2015-01-12|67.389999|67.989998|64.800003|65.519997|1259200|65.519997
QRVO|2015-01-13|65.739998|67.589996|63.610001|65.019997|1228400|65.019997
QRVO|2015-01-14|64.650002|65.449997|63.110001|64.589996|980700|64.589996
QRVO|2015-01-15|64.230003|64.940002|63.599998|64.389999|1246800|64.389999
QRVO|2015-01-16|64.019997|66.419998|63.810001|65.809998|1392900|65.809998
QRVO|2015-01-20|65.75|68.199997|65.230003|67.959999|1096200|67.959999
QRVO|2015-01-21|67.610001|70.800003|67.57|68.839996|1451600|68.839996
QRVO|2015-01-22|69.540001|70.68|67.029999|70.610001|1332400|70.610001
QRVO|2015-01-23|70.720001|74.339996|70.57|73.370003|1677100|73.370003
QRVO|2015-01-26|72.400002|74|72.300003|73.150002|1571800|73.150002
QRVO|2015-01-27|73|73.879997|71.5|73.75|1246700|73.75
QRVO|2015-01-28|75|78.050003|74.220001|75.5|3063000|75.5
QRVO|2015-01-29|72.699997|75.879997|72.199997|75.760002|2636700|75.760002
QRVO|2015-01-30|74.639999|75.260002|73.309998|73.870003|1623400|73.870003
QRVO|2015-02-02|73.080002|74|66.879997|68.720001|3348300|68.720001
QRVO|2015-02-03|68.739998|70|67.050003|68.519997|2551800|68.519997
QRVO|2015-02-04|67.529999|69.400002|66.760002|68.330002|1499600|68.330002
QRVO|2015-02-05|67.660004|68.730003|66.5|67.389999|1322900|67.389999
QRVO|2015-02-06|67.5|68.5|65.529999|65.889999|1302200|65.889999
QRVO|2015-02-09|65.199997|65.823997|63.349998|63.740002|1562800|63.740002
QRVO|2015-02-10|63.869999|65.120003|63.669998|65.019997|1306600|65.019997
QRVO|2015-02-11|64.93|65.650002|63.169998|64.75|1096600|64.75
QRVO|2015-02-12|65.629997|66.330002|65|66.199997|1159000|66.199997
QRVO|2015-02-13|66.349998|70.269997|65.629997|70.029999|1870200|70.029999
QRVO|2015-02-17|70|70|68.059998|69.440002|974000|69.440002
QRVO|2015-02-18|69.150002|70|67.309998|67.540001|1056700|67.540001
QRVO|2015-02-19|67|68.169998|65.25|65.300003|1225400|65.300003
QRVO|2015-02-20|65.57|65.769997|64.040001|65.169998|1462900|65.169998
QRVO|2015-02-23|65.160004|65.879997|64.300003|65.050003|889600|65.050003
QRVO|2015-02-24|65.360001|69.349998|65.199997|69.339996|1700200|69.339996
QRVO|2015-02-25|68.949997|69.279999|66.599998|67.209999|965200|67.209999
QRVO|2015-02-26|68|71.720001|67.889999|71.529999|2116400|71.529999
QRVO|2015-02-27|70.75|71.428001|69.199997|69.400002|1400900|69.400002
QRVO|2015-03-02|69.389999|70.800003|68.800003|69.349998|1127900|69.349998
QRVO|2015-03-03|69.360001|70.959999|68.349998|70.839996|1508900|70.839996
QRVO|2015-03-04|70.230003|73.25|70.110001|72.019997|1396500|72.019997
QRVO|2015-03-05|72.199997|75.160004|72.019997|74.510002|1621900|74.510002
QRVO|2015-03-06|73.410004|74.5|72.75|72.980003|988100|72.980003
QRVO|2015-03-09|73.239998|75.449997|73.129997|74.830002|1076500|74.830002
QRVO|2015-03-10|74.129997|74.309998|71.739998|72.150002|1365500|72.150002
QRVO|2015-03-11|72.669998|73.599998|72.050003|72.949997|1039500|72.949997
QRVO|2015-03-12|73.339996|74.349998|72.919998|73.419998|794800|73.419998
QRVO|2015-03-13|73.349998|73.989998|71.800003|72.57|761900|72.57
QRVO|2015-03-16|74.209999|76.75|74|76.330002|1822400|76.330002
QRVO|2015-03-17|76.160004|78.120003|75.900002|77.709999|1824300|77.709999
QRVO|2015-03-18|77.860001|80.800003|77.690002|79.959999|2272900|79.959999
QRVO|2015-03-19|81.519997|82.269997|79.209999|80.379997|1886000|80.379997
QRVO|2015-03-20|81.440002|81.5|79.695|80.800003|4741000|80.800003
QRVO|2015-03-23|81.150002|84.190002|81.07|84.089996|2000600|84.089996
QRVO|2015-03-24|84.599998|85.627998|82.660004|83.209999|1792300|83.209999
QRVO|2015-03-25|83.550003|83.790001|75.519997|77.129997|3728800|77.129997
QRVO|2015-03-26|73.5|77.75|72.099998|77.190002|3005900|77.190002
QRVO|2015-03-27|77.629997|80.690002|77.510002|79.279999|2634900|79.279999
QRVO|2015-03-30|80.220001|81.400002|79.709999|81.400002|1820400|81.400002
QRVO|2015-03-31|80.93|81|78.550003|79.699997|2006900|79.699997
QRVO|2015-04-01|78.529999|79.300003|77.809998|78.800003|1430200|78.800003
QRVO|2015-04-02|79.199997|79.199997|76.669998|77.790001|1603800|77.790001
QRVO|2015-04-06|76.879997|77.150002|75.199997|76.510002|1613600|76.510002
QRVO|2015-04-07|77.080002|77.690002|72.730003|73.230003|2251100|73.230003
QRVO|2015-04-08|73.800003|75.199997|72.510002|72.839996|2108000|72.839996
QRVO|2015-04-09|72.709999|74.900002|71.220001|74.629997|1385100|74.629997
QRVO|2015-04-10|75.610001|75.93|72.760002|73.580002|1315300|73.580002
QRVO|2015-04-13|73.790001|75.120003|72.110001|72.629997|1242800|72.629997
QRVO|2015-04-14|72.379997|73.169998|69.300003|70.5|2457100|70.5
QRVO|2015-04-15|71|72|69.370003|70.910004|1714600|70.910004
QRVO|2015-04-16|70.800003|71.5|68.610001|71.459999|1495500|71.459999
QRVO|2015-04-17|70.699997|71.110001|69.610001|70.07|1177600|70.07
QRVO|2015-04-20|70.400002|72.349998|70.400002|72.010002|1216900|72.010002
QRVO|2015-04-21|72.5|74.260002|72.010002|74.07|1159700|74.07
QRVO|2015-04-22|74.25|74.540001|73.059998|74.480003|817900|74.480003
QRVO|2015-04-23|73.93|73.949997|71.550003|73.269997|1121000|73.269997
QRVO|2015-04-24|73.080002|73.099998|69.699997|70.120003|1633000|70.120003
QRVO|2015-04-27|69.93|71.690002|68.900002|69.370003|1512900|69.370003
QRVO|2015-04-28|69.970001|70.307999|65.442001|67.860001|2043700|67.860001
QRVO|2015-04-29|67.589996|69|66.510002|68.650002|994200|68.650002
QRVO|2015-04-30|68.470001|68.849998|65.800003|65.910004|1632000|65.910004
QRVO|2015-05-01|66.800003|69.610001|66.68|69.599998|1708100|69.599998
QRVO|2015-05-04|69.849998|70.5|68.660004|68.989998|1621600|68.989998
QRVO|2015-05-05|68.510002|69.222|66.019997|67.07|1532600|67.07
QRVO|2015-05-06|67.699997|69.400002|66.5|69.059998|2131900|69.059998
QRVO|2015-05-07|77.629997|78|73.209999|75.559998|4721300|75.559998
QRVO|2015-05-08|76.379997|77.970001|76.209999|76.559998|1991600|76.559998
QRVO|2015-05-11|75.989998|76|73.839996|74.559998|1697700|74.559998
QRVO|2015-05-12|74.129997|75.849998|74|74.75|1381600|74.75
QRVO|2015-05-13|75.349998|76.099998|74.330002|74.959999|804100|74.959999
QRVO|2015-05-14|75.169998|77.214996|75.040001|76.980003|1556400|76.980003
QRVO|2015-05-15|76.699997|77.139999|75.830002|76.540001|1710700|76.540001
QRVO|2015-05-18|75.760002|80.389999|75.5|80.300003|2668800|80.300003
QRVO|2015-05-19|80.75|81.889999|79.400002|80.099998|1644100|80.099998
QRVO|2015-05-20|79.800003|81.989998|79.400002|81.150002|1213500|81.150002
QRVO|2015-05-21|81.150002|81.849998|79.790001|81.260002|1937800|81.260002
QRVO|2015-05-22|82|84.642998|82|84.029999|3054900|84.029999
QRVO|2015-05-26|83.440002|83.730003|81.389999|82.459999|2157300|82.459999
QRVO|2015-05-27|82.959999|86.75|82.699997|86.400002|2806100|86.400002
QRVO|2015-05-28|86.209999|86.330002|82.059998|82.300003|2310500|82.300003
QRVO|2015-05-29|82.870003|84.330002|82.029999|82.150002|2769600|82.150002
QRVO|2015-06-01|82.5|83.362999|80.089996|80.940002|2210400|80.940002
QRVO|2015-06-02|80.589996|80.959999|79|80.860001|1703800|80.860001
QRVO|2015-06-03|81.349998|81.906998|80.900002|81.550003|2263400|81.550003
QRVO|2015-06-04|80.68|82.099998|80.080002|81.32|1203800|81.32
QRVO|2015-06-05|81.059998|83.849998|80.120003|83.699997|1801100|83.699997
QRVO|2015-06-08|83.419998|83.768997|79.75|80.239998|2180100|80.239998
QRVO|2015-06-09|80.510002|81|77.599998|80.050003|2807700|80.050003
QRVO|2015-06-10|81.375|82.739998|80.290001|82.5|6108700|82.5
QRVO|2015-06-11|82.489998|83|81.651001|82|28866300|82
QRVO|2015-06-12|81.989998|83.699997|81.75|83.510002|2641000|83.510002
QRVO|2015-06-15|82.510002|82.989998|82.050003|82.18|2640800|82.18
QRVO|2015-06-16|82.220001|84.989998|82.110001|84.75|2476500|84.75
QRVO|2015-06-17|84.809998|85.07|83.089996|84.559998|1893600|84.559998
QRVO|2015-06-18|84.629997|85.459999|83.623001|84.650002|2013000|84.650002
QRVO|2015-06-19|84.889999|86.279999|84.330002|85.25|2833100|85.25
QRVO|2015-06-22|86.269997|88.349998|85.860001|87.809998|2663900|87.809998
QRVO|2015-06-23|87.900002|87.959999|84.849998|85.309998|2469400|85.309998
QRVO|2015-06-24|85.129997|85.879997|84.559998|84.589996|1488600|84.589996
QRVO|2015-06-25|84.75|85.860001|84.75|84.980003|1391300|84.980003
QRVO|2015-06-26|84.849998|85|79.660004|80.410004|20596300|80.410004
QRVO|2015-06-29|78.75|81.690002|77.830002|79.059998|2892500|79.059998
QRVO|2015-06-30|80|81|78.577003|80.269997|1955200|80.269997
QRVO|2015-07-01|81.25|82.25|80.010002|80.360001|1639100|80.360001
QRVO|2015-07-02|80.720001|81.550003|80.199997|81.360001|1151400|81.360001
QRVO|2015-07-06|80.330002|81.934998|78.589996|79.989998|2121600|79.989998
QRVO|2015-07-07|80.290001|80.43|74.360001|79.949997|3085800|79.949997
QRVO|2015-07-08|77.43|77.449997|74.481003|74.68|3271800|74.68
QRVO|2015-07-09|76.300003|77.269997|74.330002|74.629997|2010600|74.629997
QRVO|2015-07-10|75.220001|76.5|73.709999|76.160004|2365800|76.160004
QRVO|2015-07-13|77.169998|78.209999|75.239998|76.610001|1397400|76.610001
QRVO|2015-07-14|77.139999|78.519997|76.93|77.959999|1047500|77.959999
QRVO|2015-07-15|78.599998|79.099998|77.427002|77.879997|1050700|77.879997
QRVO|2015-07-16|78.07|80.519997|77.699997|80.239998|1501000|80.239998
QRVO|2015-07-17|80.139999|80.790001|78.099998|78.860001|1327600|78.860001
QRVO|2015-07-20|78.5|79.580002|76.5|76.699997|2117600|76.699997
QRVO|2015-07-21|76.220001|77.949997|75.410004|77.449997|1692300|77.449997
QRVO|2015-07-22|72.550003|74.879997|71.010002|74.169998|3345600|74.169998
QRVO|2015-07-23|74.709999|77.220001|74.440002|75.239998|1777400|75.239998
QRVO|2015-07-24|76.510002|77.169998|72.199997|72.279999|1951500|72.279999
QRVO|2015-07-27|71.449997|71.449997|69.010002|69.940002|1926400|69.940002
QRVO|2015-07-28|70.5|71.084|68.5|70.75|1371700|70.75
QRVO|2015-07-29|70.330002|70.849998|68.940002|70.470001|2562700|70.470001
QRVO|2015-07-30|60.650002|62.348|57.099998|60.485001|10331400|60.485001
QRVO|2015-07-31|60.610001|60.790001|57.639999|57.950001|4389300|57.950001
QRVO|2015-08-03|57.52|58.610001|56.549999|57.52|3662900|57.52
QRVO|2015-08-04|56.68|58.139999|54.369999|55.060001|5794800|55.060001
QRVO|2015-08-05|55.16|56.830002|54.25|54.830002|4186000|54.830002
QRVO|2015-08-06|54.73|54.830002|50.799999|51.830002|3198800|51.830002
QRVO|2015-08-07|51.540001|53.07|51|52.200001|1874100|52.200001
QRVO|2015-08-10|53.18|55.099998|53.169998|54.529999|2160600|54.529999
QRVO|2015-08-11|53.5|54.91|53.130001|53.860001|2311300|53.860001
QRVO|2015-08-12|52.740002|57.599998|51.709999|56.959999|3350700|56.959999
QRVO|2015-08-13|57.23|59.68|55.84|58.32|3508200|58.32
QRVO|2015-08-14|57.580002|58.68|56.310001|58.240002|2517100|58.240002
QRVO|2015-08-17|57.709999|58.43|57.349998|58.279999|1251400|58.279999
QRVO|2015-08-18|57.599998|57.939999|55.849998|55.93|1585700|55.93
QRVO|2015-08-19|55.900002|56.849998|55.009998|55.59|1819900|55.59
QRVO|2015-08-20|54.610001|55.355|52.23|52.360001|2399500|52.360001
QRVO|2015-08-21|51.830002|51.990002|49.860001|49.990002|3704000|49.990002
QRVO|2015-08-24|45.5|51.07|45|48.5|3978200|48.5
QRVO|2015-08-25|51.790001|52.972|49.779999|49.810001|2656100|49.810001
QRVO|2015-08-26|51.669998|52.970001|49.77|52.75|2351000|52.75
QRVO|2015-08-27|54.130001|55.889999|54.02|54.740002|2540700|54.740002
QRVO|2015-08-28|54.369999|55.919998|54.220001|55.790001|1758000|55.790001
QRVO|2015-08-31|54.790001|56.279999|54.169998|55.509998|2092800|55.509998
QRVO|2015-09-01|53.889999|55.939999|53.119999|53.450001|2299300|53.450001
QRVO|2015-09-02|54.75|55.439999|53.509998|54.82|1925100|54.82
QRVO|2015-09-03|55|58.360001|54.860001|56.57|2281100|56.57
QRVO|2015-09-04|55.290001|56.639999|54.720001|55.790001|1332200|55.790001
QRVO|2015-09-08|57.040001|58.400002|56.68|58.189999|1411300|58.189999
QRVO|2015-09-09|58.540001|59.450001|56.049999|56.549999|2079900|56.549999
QRVO|2015-09-10|56.98|57.16|53.610001|53.98|2971300|53.98
QRVO|2015-09-11|53.77|54.380001|52.610001|53.52|1532000|53.52
QRVO|2015-09-14|54.099998|54.497002|52.91|53.490002|1539900|53.490002
QRVO|2015-09-15|53.860001|54.080002|51.73|52.73|1825700|52.73
QRVO|2015-09-16|52.639999|53.279999|51.299999|51.740002|1621700|51.740002
QRVO|2015-09-17|51.490002|52.66|51.214001|51.389999|1528300|51.389999
QRVO|2015-09-18|50.700001|51.73|49.77|50.73|3070100|50.73
QRVO|2015-09-21|50.970001|51.349998|49.799999|49.900002|1527000|49.900002
QRVO|2015-09-22|49.27|49.82|47.189999|47.369999|2027100|47.369999
QRVO|2015-09-23|47.950001|49.810001|47.799999|48.060001|1479200|48.060001
QRVO|2015-09-24|47.66|47.959999|45.880001|46.77|1784400|46.77
QRVO|2015-09-25|47.5|49.150002|47.009998|47.68|1714100|47.68
QRVO|2015-09-28|46.52|46.970001|43.139999|43.25|3174700|43.25
QRVO|2015-09-29|43.009998|44.669998|42.73|43.57|1548100|43.57
QRVO|2015-09-30|44.23|45.470001|44.040001|45.049999|1912100|45.049999
QRVO|2015-10-01|44.459999|44.630001|42.43|43.630001|2323900|43.630001
QRVO|2015-10-02|42.880001|44.98|42.240002|44.959999|1406800|44.959999
QRVO|2015-10-05|45.349998|45.860001|44.599998|44.77|1159000|44.77
QRVO|2015-10-06|44.830002|45.040001|42.669998|44.279999|1699500|44.279999
QRVO|2015-10-07|44.740002|45.73|44.18|45.549999|1635000|45.549999
QRVO|2015-10-08|45.25|45.43|43.68|45.259998|1396500|45.259998
QRVO|2015-10-09|45.029999|46.275002|44.91|45.66|1027000|45.66
QRVO|2015-10-12|45.849998|46.73|45.240002|46.43|1263800|46.43
QRVO|2015-10-13|46|46.198002|43.939999|44.139999|1550000|44.139999
QRVO|2015-10-14|44.43|46.970001|44.200001|46.5|2130500|46.5
QRVO|2015-10-15|47.060001|48.790001|46.880001|48.310001|1891000|48.310001
QRVO|2015-10-16|48.439999|48.439999|46.529999|47.32|961500|47.32
QRVO|2015-10-19|47.290001|47.709999|46.290001|46.849998|845400|46.849998
QRVO|2015-10-20|47.18|48.25|46.66|48.200001|1179400|48.200001
QRVO|2015-10-21|48.48|48.900002|47.84|48.5|1377000|48.5
QRVO|2015-10-22|49.25|50.810001|48.810001|49.549999|1460800|49.549999
QRVO|2015-10-23|50.110001|51.625|49|51.5|1303500|51.5
QRVO|2015-10-26|50.889999|50.950001|46.43|46.759998|1924600|46.759998
QRVO|2015-10-27|46.25|46.75|45.25|45.889999|1693300|45.889999
QRVO|2015-10-28|47|47.07|44.5|45.169998|2344300|45.169998
QRVO|2015-10-29|43.900002|45.169998|43.490002|43.810001|1587800|43.810001
QRVO|2015-10-30|44.07|44.799999|43.650002|43.93|1312100|43.93
QRVO|2015-11-02|44.130001|45.599998|43.959999|45.27|1222700|45.27
QRVO|2015-11-03|44.939999|46.279999|44.599998|45.709999|3059200|45.709999
QRVO|2015-11-04|45.860001|47.049999|45.27|46.57|1717700|46.57
QRVO|2015-11-05|46.790001|46.861|44.349998|45.080002|2526700|45.080002
QRVO|2015-11-06|50.599998|55.830002|50.509998|55.549999|5237000|55.549999
QRVO|2015-11-09|55.169998|55.18|53.080002|54.09|1769600|54.09
QRVO|2015-11-10|52|52.98|51.299999|52.290001|2671700|52.290001
QRVO|2015-11-11|52.330002|52.919998|51.57|52.200001|1122600|52.200001
QRVO|2015-11-12|51.740002|52.18|50.095001|50.970001|1964200|50.970001
QRVO|2015-11-13|50.48|52.029999|50.279999|51|1667900|51
QRVO|2015-11-16|50.669998|51.98|50.560001|51.84|1972200|51.84
QRVO|2015-11-17|52|55.040001|51.990002|54.740002|2730600|54.740002
QRVO|2015-11-18|55.200001|56.964001|54.209999|56.34|2797300|56.34
QRVO|2015-11-19|56.549999|57.279999|54.669998|55.77|1744300|55.77
QRVO|2015-11-20|55.939999|56.099998|54.527|54.779999|1816800|54.779999
QRVO|2015-11-23|54.650002|55.360001|54.060001|54.849998|1871300|54.849998
QRVO|2015-11-24|54.549999|56.119999|54.07|55.75|2246700|55.75
QRVO|2015-11-25|55.650002|58.240002|55.650002|57.34|1741000|57.34
QRVO|2015-11-27|57.43|57.73|56.509998|57.509998|1870600|57.509998
QRVO|2015-11-30|57.650002|58.43|56.82|58.07|1487800|58.07
QRVO|2015-12-01|58.310001|59.790001|57.25|58.040001|1989700|58.040001
QRVO|2015-12-02|58.099998|59.43|57.860001|58.48|1218000|58.48
QRVO|2015-12-03|59.299999|60|57.869999|58.09|1522900|58.09
QRVO|2015-12-04|58.049999|59.950001|57.77|59.540001|1233500|59.540001
QRVO|2015-12-07|59.279999|59.400002|57.450001|57.630001|1131900|57.630001
QRVO|2015-12-08|57|57.639999|56.02|57.279999|914100|57.279999
QRVO|2015-12-09|57.029999|57.52|54.862|56.150002|1422100|56.150002
QRVO|2015-12-10|56.200001|57.970001|55.880001|57.5|1268200|57.5
QRVO|2015-12-11|56.669998|57.650002|55.959999|56.189999|1231000|56.189999
QRVO|2015-12-14|56.060001|56.490002|52.110001|52.48|1908600|52.48
QRVO|2015-12-15|52.400002|53.23|50.560001|51.689999|1876200|51.689999
QRVO|2015-12-16|52.23|53.610001|50.209999|53.23|2435500|53.23
QRVO|2015-12-17|53.470001|54.09|52.108002|52.75|869700|52.75
QRVO|2015-12-18|52.5|53.27|51.32|51.630001|2147000|51.630001
QRVO|2015-12-21|51.869999|53.400002|50.139999|53.349998|1370400|53.349998
QRVO|2015-12-22|53.5|53.700001|51.630001|52.41|882900|52.41
QRVO|2015-12-23|52.59|54.790001|52.259998|54.41|1065100|54.41
QRVO|2015-12-24|54.290001|54.860001|54.169998|54.209999|482600|54.209999
QRVO|2015-12-28|54|54.09|52.029999|52.889999|978600|52.889999
QRVO|2015-12-29|53.18|53.720001|51.400002|52.990002|1134300|52.990002
QRVO|2015-12-30|52.959999|53.279999|51.599998|51.66|975400|51.66
QRVO|2015-12-31|51.41|51.830002|49.48|50.900002|1540000|50.900002
QRVO|2016-01-04|49.68|50.799999|48.720001|50.720001|1544100|50.720001
QRVO|2016-01-05|50.759998|50.970001|47.360001|47.529999|1611800|47.529999
QRVO|2016-01-06|46.66|46.689999|44.16|44.619999|2644600|44.619999
QRVO|2016-01-07|44.5|47.110001|44.110001|45.639999|3609800|45.639999
QRVO|2016-01-08|43.049999|45.32|42.400002|44.490002|7724400|44.490002
QRVO|2016-01-11|44.66|44.860001|42.799999|44.220001|2159800|44.220001
QRVO|2016-01-12|44.369999|45.77|44.009998|44.779999|1318100|44.779999
QRVO|2016-01-13|40.740002|42.25|38.900002|40.389999|5785300|40.389999
QRVO|2016-01-14|40.560001|40.639999|38.959999|39.419998|2222800|39.419998
QRVO|2016-01-15|37.919998|38.049999|35.16|36.599998|3559500|36.599998
QRVO|2016-01-19|37.209999|37.48|35.720001|36.290001|1987000|36.290001
QRVO|2016-01-20|35.540001|37.939999|35.310001|37.049999|1884700|37.049999
QRVO|2016-01-21|37.450001|38.400002|36.599998|37.84|1363000|37.84
QRVO|2016-01-22|38.810001|41.150002|38.259998|41.060001|2804100|41.060001
QRVO|2016-01-25|40.77|40.810001|39.48|39.759998|1363300|39.759998
QRVO|2016-01-26|40.200001|40.5|39.025002|39.759998|1500000|39.759998
QRVO|2016-01-27|39.310001|39.419998|36.799999|37.02|2321100|37.02
QRVO|2016-01-28|37.09|37.709999|36.130001|36.669998|1879000|36.669998
QRVO|2016-01-29|37.259998|39.98|37.18|39.599998|2477000|39.599998
QRVO|2016-02-01|39.450001|40.549999|38.34|39.970001|1758400|39.970001
QRVO|2016-02-02|39.25|39.349998|37.07|37.150002|1372000|37.150002
QRVO|2016-02-03|37.240002|37.59|35.52|37.060001|1301500|37.060001
QRVO|2016-02-04|37.389999|38.939999|37.09|38.779999|2783800|38.779999
QRVO|2016-02-05|36.599998|38.200001|34.900002|37.25|3651500|37.25
QRVO|2016-02-08|36.610001|37.220001|35.43|36.419998|2460900|36.419998
QRVO|2016-02-09|35.650002|37.060001|35.029999|35.139999|1702600|35.139999
QRVO|2016-02-10|35.279999|36.669998|34.599998|35.360001|1315400|35.360001
QRVO|2016-02-11|34.540001|34.900002|33.299999|34.529999|1564400|34.529999
QRVO|2016-02-12|35.200001|37.73|34.82|37.549999|2090800|37.549999
QRVO|2016-02-16|38.119999|41.23|37.509998|40.779999|2704400|40.779999
QRVO|2016-02-17|41.23|44.720001|41.040001|41.59|4120000|41.59
QRVO|2016-02-18|41.599998|42.299999|39.919998|40.41|2317200|40.41
QRVO|2016-02-19|40.119999|42.110001|40.110001|41.849998|1923000|41.849998
QRVO|2016-02-22|42.790001|43|41.228001|41.959999|2008200|41.959999
QRVO|2016-02-23|41.73|42.32|40.950001|41.490002|1425200|41.490002
QRVO|2016-02-24|40.98|42.470001|40.540001|42.169998|1485000|42.169998
QRVO|2016-02-25|42.310001|43.060001|41.43|42.669998|1444700|42.669998
QRVO|2016-02-26|43.080002|44.139999|42.720001|43.459999|2503100|43.459999
QRVO|2016-02-29|43.5|46.639999|43.470001|45.080002|2249600|45.080002
QRVO|2016-03-01|45.52|48.243|45.5|47.360001|2361000|47.360001
QRVO|2016-03-02|46.66|48.290001|46.650002|47.650002|1825900|47.650002
QRVO|2016-03-03|47.73|49.130001|47.23|49.110001|1878200|49.110001
QRVO|2016-03-04|49.560001|50.82|48.59|49.900002|2496300|49.900002
QRVO|2016-03-07|49.5|50.07|48.377998|49.060001|2235200|49.060001
QRVO|2016-03-08|48.91|49.099998|46.860001|47.09|2326900|47.09
QRVO|2016-03-09|47.540001|48.68|46.23|48.18|1432200|48.18
QRVO|2016-03-10|48.200001|48.93|46.68|47.400002|1359900|47.400002
QRVO|2016-03-11|48.07|49.110001|47.514999|48.639999|1058700|48.639999
QRVO|2016-03-14|48.310001|49.130001|47.59|48.73|1614700|48.73
QRVO|2016-03-15|49.360001|49.900002|48.099998|49.27|1238700|49.27
QRVO|2016-03-16|48.93|50.169998|48.139999|48.990002|1593400|48.990002
QRVO|2016-03-17|48.689999|49.43|48.240002|49.200001|1352800|49.200001
QRVO|2016-03-18|49.389999|51.150002|49.16|50.689999|2730900|50.689999
QRVO|2016-03-21|50.650002|51.200001|50.029999|50.639999|756800|50.639999
QRVO|2016-03-22|50.349998|51.849998|50.18|51.75|1226300|51.75
QRVO|2016-03-23|51.720001|51.779999|49.5|49.52|906700|49.52
QRVO|2016-03-24|49.23|49.470001|48.580002|49.240002|1295700|49.240002
QRVO|2016-03-28|49.66|49.669998|48.849998|49.099998|863200|49.099998
QRVO|2016-03-29|48.799999|50.689999|48.209999|50.580002|1032500|50.580002
QRVO|2016-03-30|51|51.950001|50.779999|51.23|1270700|51.23
QRVO|2016-03-31|51.009998|51.25|50.369999|50.41|1029900|50.41
QRVO|2016-04-01|50.150002|51.27|49.549999|50.82|1231300|50.82
QRVO|2016-04-04|50.93|51.25|50.34|50.619999|763400|50.619999
QRVO|2016-04-05|50.029999|50.619999|49.68|49.860001|768800|49.860001
QRVO|2016-04-06|49.970001|50.580002|48.435001|50.5|1168400|50.5
QRVO|2016-04-07|49.849998|50.490002|48.639999|48.73|1098200|48.73
QRVO|2016-04-08|49.43|49.799999|48.779999|49.240002|1143200|49.240002
QRVO|2016-04-11|49.41|49.470001|47.950001|47.990002|905900|47.990002
QRVO|2016-04-12|47.959999|48.34|47.16|47.68|1195600|47.68
QRVO|2016-04-13|48.099998|50.16|47.82|50.040001|1265500|50.040001
QRVO|2016-04-14|49.41|49.900002|48.799999|49.630001|885900|49.630001
QRVO|2016-04-15|49.290001|49.790001|47.610001|47.740002|1472900|47.740002
QRVO|2016-04-18|47.299999|47.52|46.66|47.16|1350700|47.16
QRVO|2016-04-19|46.98|47|44.869999|45.240002|2333000|45.240002
QRVO|2016-04-20|45.060001|46.279999|44.576|45.939999|1669200|45.939999
QRVO|2016-04-21|45.860001|46.330002|44.650002|45.349998|1265100|45.349998
QRVO|2016-04-22|45.259998|46.349998|45.240002|45.700001|859600|45.700001
QRVO|2016-04-25|45.52|45.700001|44.52|45.049999|639400|45.049999
QRVO|2016-04-26|45.419998|46.93|45.18|46.299999|1082600|46.299999
QRVO|2016-04-27|44.299999|47.380001|44.299999|46.619999|2316900|46.619999
QRVO|2016-04-28|46.23|46.880001|45.639999|45.830002|1382900|45.830002
QRVO|2016-04-29|45.669998|46.494999|43.970001|45.029999|2132200|45.029999
QRVO|2016-05-02|45.07|45.119999|44|44.709999|1196400|44.709999
QRVO|2016-05-03|44.32|45.189999|44.32|45.040001|1433200|45.040001
QRVO|2016-05-04|44.48|45.43|43.790001|44.509998|2385300|44.509998
QRVO|2016-05-05|47.900002|48.950001|46.509998|46.66|4693000|46.66
QRVO|2016-05-06|46.650002|46.827999|45.02|46.110001|1750400|46.110001
QRVO|2016-05-09|46.27|46.584|45.400002|45.619999|914300|45.619999
QRVO|2016-05-10|45.860001|46.880001|45.060001|46.639999|1217900|46.639999
QRVO|2016-05-11|46.400002|46.880001|45.970001|45.990002|729200|45.990002
QRVO|2016-05-12|46.189999|46.540001|44.52|45.18|1682800|45.18
QRVO|2016-05-13|45.240002|46.380001|44.52|44.990002|1266800|44.990002
QRVO|2016-05-16|45.029999|46.41|45|45.560001|1255200|45.560001
QRVO|2016-05-17|45.540001|46.700001|45.27|45.830002|1287700|45.830002
QRVO|2016-05-18|45.630001|47.68|45.349998|47.220001|2056300|47.220001
QRVO|2016-05-19|46.709999|48.07|46.369999|47.169998|1696500|47.169998
QRVO|2016-05-20|47.66|49.450001|47.400002|49.400002|1782200|49.400002
QRVO|2016-05-23|50|51.560001|50|50.400002|1909100|50.400002
QRVO|2016-05-24|50.740002|51.529999|50.060001|50.98|936700|50.98
QRVO|2016-05-25|50.970001|51.450001|50.240002|50.650002|963800|50.650002
QRVO|2016-05-26|50.73|51.040001|50.209999|50.529999|786700|50.529999
QRVO|2016-05-27|50.380001|50.669998|49.799999|50.529999|1006400|50.529999
QRVO|2016-05-31|50.75|51.43|50.25|50.970001|1244700|50.970001
QRVO|2016-06-01|50.650002|52.34|50.5|52.139999|1574600|52.139999
QRVO|2016-06-02|52|53.740002|51.990002|53.490002|1814200|53.490002
QRVO|2016-06-03|54|54.669998|52.73|53.669998|2155100|53.669998
QRVO|2016-06-06|53.810001|55.110001|53.810001|54.810001|1752300|54.810001
QRVO|2016-06-07|54.919998|55.900002|54.689999|55.490002|1185400|55.490002
QRVO|2016-06-08|55.560001|56.139999|54.950001|56.040001|1419600|56.040001
QRVO|2016-06-09|56.009998|56.5|55.200001|56.07|1365100|56.07
QRVO|2016-06-10|55.400002|55.400002|53.880001|54.029999|2308000|54.029999
QRVO|2016-06-13|53.509998|54.459999|53.400002|53.689999|1792700|53.689999
QRVO|2016-06-14|53.57|54.549999|53.400002|54.43|1310400|54.43
QRVO|2016-06-15|54.720001|55.259998|53.759998|54.939999|1565700|54.939999
QRVO|2016-06-16|54.209999|54.860001|53.5|54.810001|1051800|54.810001
QRVO|2016-06-17|54.75|54.830002|53.549999|54.5|1507100|54.5
QRVO|2016-06-20|55.52|56.75|54.93|55.98|1459400|55.98
QRVO|2016-06-21|56.32|56.580002|55.580002|56.330002|957800|56.330002
QRVO|2016-06-22|56.259998|57.044998|55.560001|55.639999|1457500|55.639999
QRVO|2016-06-23|56.150002|58.299999|56|58.279999|1334100|58.279999
QRVO|2016-06-24|56.200001|56.990002|54.09|54.939999|4327100|54.939999
QRVO|2016-06-27|53.990002|54.049999|50.25|50.689999|1904100|50.689999
QRVO|2016-06-28|51.810001|53.380001|51.259998|52.75|1435900|52.75
QRVO|2016-06-29|53.099998|54.880001|52.877998|54.650002|1735400|54.650002
QRVO|2016-06-30|54.790001|55.259998|53.84|55.259998|1450000|55.259998
QRVO|2016-07-01|54.400002|54.75|52.939999|54.5|1509900|54.5
QRVO|2016-07-05|53.75|54|50.630001|51.82|1526100|51.82
QRVO|2016-07-06|51.490002|52.68|50.450001|52.57|1263100|52.57
QRVO|2016-07-07|53.459999|54.939999|53.450001|54.369999|1265000|54.369999
QRVO|2016-07-08|54.84|56.25|54.700001|56.02|1084500|56.02
QRVO|2016-07-11|56.939999|58.68|56.43|57.73|1596300|57.73
QRVO|2016-07-12|58.209999|58.650002|57.580002|58|1142600|58
QRVO|2016-07-13|58.439999|58.499001|56.650002|56.669998|1271700|56.669998
QRVO|2016-07-14|57.540001|59.48|57.060001|59.310001|1535900|59.310001
QRVO|2016-07-15|59.5|59.599998|58.68|59.419998|1005600|59.419998
QRVO|2016-07-18|59.790001|60.98|59.540001|60.66|1333000|60.66
QRVO|2016-07-19|60.310001|60.618999|60.099998|60.400002|760900|60.400002
QRVO|2016-07-20|60.720001|61.169998|59.810001|60.799999|1120200|60.799999
QRVO|2016-07-21|61.23|61.419998|59.759998|60.099998|1296700|60.099998
QRVO|2016-07-22|59.400002|61|58.470001|60.560001|2098700|60.560001
QRVO|2016-07-25|60.77|61.130001|60.34|60.619999|1196200|60.619999
QRVO|2016-07-26|61.130001|61.75|60.080002|60.380001|2172100|60.380001
QRVO|2016-07-27|64.199997|64.800003|62.18|63.009998|2865800|63.009998
QRVO|2016-07-28|63|64.379997|62.52|63.099998|1351800|63.099998
QRVO|2016-07-29|63|63.439999|61.790001|63.23|2546700|63.23
QRVO|2016-08-01|63.5|64.480003|63.099998|63.470001|1807600|63.470001
QRVO|2016-08-02|63.34|63.34|61.099998|61.450001|3358600|61.450001
QRVO|2016-08-03|55.5|56.509998|54.049999|55.119999|7982500|55.119999
QRVO|2016-08-04|55.470001|55.5|52.459999|53.41|4671100|53.41
QRVO|2016-08-05|53.790001|55.27|53.327999|55.049999|2741900|55.049999
QRVO|2016-08-08|55.09|55.441002|54.064999|54.299999|2269900|54.299999
QRVO|2016-08-09|54.380001|55.200001|54.380001|54.490002|1656500|54.490002
QRVO|2016-08-10|54.860001|54.880001|54.060001|54.139999|1230600|54.139999
QRVO|2016-08-11|54.490002|54.869999|54.130001|54.48|1105300|54.48
QRVO|2016-08-12|54.57|54.869999|54.25|54.59|1170400|54.59
QRVO|2016-08-15|54.540001|56.450001|54.540001|55.77|2221100|55.77
QRVO|2016-08-16|55.41|55.619999|54.860001|55.279999|1343000|55.279999
QRVO|2016-08-17|55.009998|55.639999|54.330002|54.560001|1305900|54.560001
QRVO|2016-08-18|54.720001|55.669998|54.57|55.200001|1308200|55.200001
QRVO|2016-08-19|55.060001|56.521|54.91|56.23|1351800|56.23
QRVO|2016-08-22|56.049999|56.450001|55.57|55.98|889800|55.98
QRVO|2016-08-23|56.279999|56.630001|55.939999|56.029999|1734000|56.029999
QRVO|2016-08-24|56.119999|57.918999|56.080002|57.310001|1964000|57.310001
QRVO|2016-08-25|57.130001|58.389|57.02|57.939999|1665100|57.939999
QRVO|2016-08-26|57.84|58.529999|56.700001|57.619999|1294000|57.619999
QRVO|2016-08-29|57.639999|58.130001|57.529999|57.869999|802400|57.869999
QRVO|2016-08-30|57.5|58.029999|57.290001|57.689999|1359200|57.689999
QRVO|2016-08-31|57.459999|57.75|56.75|57.43|1625700|57.43
QRVO|2016-09-01|57.459999|57.849998|56.34|57.75|1581800|57.75
QRVO|2016-09-02|57.950001|58.330002|57.150002|57.599998|965700|57.599998
QRVO|2016-09-06|57.849998|57.849998|55.450001|56.02|2521500|56.02
QRVO|2016-09-07|54.959999|56.259998|54.959999|55.93|1769900|55.93
QRVO|2016-09-08|55.709999|56.099998|55.32|55.43|2224800|55.43
QRVO|2016-09-09|55|55.310001|52.43|52.48|3136300|52.48
QRVO|2016-09-12|52|53.799999|51.189999|53.759998|2047000|53.759998
QRVO|2016-09-13|54.009998|54.57|53.330002|53.919998|1641700|53.919998
QRVO|2016-09-14|53.860001|55.419998|53.580002|55.110001|2186700|55.110001
QRVO|2016-09-15|55.369999|56.860001|55.237|56.529999|2219100|56.529999
QRVO|2016-09-16|56.669998|56.669998|54.98|55.759998|3648200|55.759998
QRVO|2016-09-19|55.75|56.639999|55.560001|56.330002|1240400|56.330002
QRVO|2016-09-20|56.470001|56.540001|54.619999|54.75|1489200|54.75
QRVO|2016-09-21|54.93|56.09|54.73|56.07|1093700|56.07
QRVO|2016-09-22|56.369999|56.970001|56.189999|56.52|928000|56.52
QRVO|2016-09-23|56.48|56.650002|54.84|54.869999|1257800|54.869999
QRVO|2016-09-26|54.439999|54.689999|53.549999|53.990002|1286100|53.990002
QRVO|2016-09-27|53.84|54.730999|53.299999|54.599998|926600|54.599998
QRVO|2016-09-28|54.889999|55.604|54.18|54.619999|846700|54.619999
QRVO|2016-09-29|54.299999|54.830002|52.82|53.68|2948700|53.68
QRVO|2016-09-30|54.110001|56.209999|53.860001|55.740002|2216500|55.740002
QRVO|2016-10-03|55.400002|56.139999|54.099998|54.150002|1414600|54.150002
QRVO|2016-10-04|54.32|54.939999|54.060001|54.25|1007600|54.25
QRVO|2016-10-05|54.560001|55.700001|54.299999|54.5|1416600|54.5
QRVO|2016-10-06|54.720001|55.439999|53.849998|55.34|1124500|55.34
QRVO|2016-10-07|55.57|56.869999|55.240002|56.639999|1645600|56.639999
QRVO|2016-10-10|56.689999|57.228001|55.75|56.02|831900|56.02
QRVO|2016-10-11|55.919998|56.097|54.950001|55.52|1178100|55.52
QRVO|2016-10-12|55.48|55.610001|54.630001|55.209999|1159000|55.209999
QRVO|2016-10-13|54.790001|54.994999|52.709999|52.91|1698200|52.91
QRVO|2016-10-14|53.029999|54.279999|52.91|53|846500|53
QRVO|2016-10-17|52.93|53.380001|52.599998|52.650002|632600|52.650002
QRVO|2016-10-18|53.18|54.060001|53.169998|53.59|818200|53.59
QRVO|2016-10-19|53.32|54.380001|52.990002|54.349998|667200|54.349998
QRVO|2016-10-20|54.369999|55.16|54.200001|54.880001|1135500|54.880001
QRVO|2016-10-21|54.540001|54.91|53.804001|54.700001|830400|54.700001
QRVO|2016-10-24|55.299999|57.490002|55|57.290001|1813500|57.290001
QRVO|2016-10-25|57.18|57.43|56.150002|56.330002|988800|56.330002
QRVO|2016-10-26|55.82|56.799999|55.419998|56.650002|968400|56.650002
QRVO|2016-10-27|57.080002|57.290001|55.259998|55.59|1448200|55.59
QRVO|2016-10-28|55.799999|56.200001|54.099998|54.18|1124700|54.18
QRVO|2016-10-31|54.549999|55.950001|54.459999|55.650002|992800|55.650002
QRVO|2016-11-01|55.66|56.650002|55.158001|56.009998|1210000|56.009998
QRVO|2016-11-02|55.73|56.48|55.415001|56.060001|1304200|56.060001
QRVO|2016-11-03|56.029999|57.68|55.720001|56.740002|3605800|56.740002
QRVO|2016-11-04|48.360001|51.459999|48.279999|51.080002|10113500|51.080002
QRVO|2016-11-07|51.48|51.5|49.759998|50.470001|4073300|50.470001
QRVO|2016-11-08|50.209999|51.59|49.610001|50.959999|2737600|50.959999
QRVO|2016-11-09|50.060001|51.93|49.601002|51.779999|2023800|51.779999
QRVO|2016-11-10|51.790001|53.599998|50.750999|51.560001|2272900|51.560001
QRVO|2016-11-11|52.93|54.580002|52.59|53.52|2038400|53.52
QRVO|2016-11-14|53.330002|53.540001|52.310001|52.740002|1282900|52.740002
QRVO|2016-11-15|53.049999|54.810001|52.869999|54.299999|1400900|54.299999
QRVO|2016-11-16|54.439999|54.702|53.799999|54.400002|1328200|54.400002
QRVO|2016-11-17|54.57|55.59|54.200001|55.549999|1168100|55.549999
QRVO|2016-11-18|55.41|55.925999|54.330002|55.279999|1123000|55.279999
QRVO|2016-11-21|55.369999|55.900002|54.5|54.950001|885500|54.950001
QRVO|2016-11-22|55.259998|55.625|54.709999|55.299999|904400|55.299999
QRVO|2016-11-23|55.209999|55.25|54.43|54.610001|931300|54.610001
QRVO|2016-11-25|54.580002|55.029999|53.639999|54.900002|660200|54.900002
QRVO|2016-11-28|54.82|55.68|54.57|54.860001|889100|54.860001
QRVO|2016-11-29|54.549999|54.77|54.060001|54.279999|834500|54.279999
QRVO|2016-11-30|54.48|54.799999|53.25|53.41|1152900|53.41
QRVO|2016-12-01|53.41|53.485001|49.790001|50.029999|1947200|50.029999
QRVO|2016-12-02|49.939999|50.959999|49.529999|50.540001|1169400|50.540001
QRVO|2016-12-05|50.959999|52.630001|50.759998|52.48|1443600|52.48
QRVO|2016-12-06|52.77|54.25|52.720001|54.060001|1340000|54.060001
QRVO|2016-12-07|54|55.470001|53.5|55.139999|1765500|55.139999
QRVO|2016-12-08|55|58.919998|55|57.810001|3092500|57.810001
QRVO|2016-12-09|58.400002|59.119999|56.099998|56.48|1443000|56.48
QRVO|2016-12-12|56.48|56.549999|54.470001|54.790001|1121300|54.790001
QRVO|2016-12-13|54.919998|55.259998|54.48|54.779999|965400|54.779999
QRVO|2016-12-14|54.759998|54.990002|53.419998|53.59|1234700|53.59
QRVO|2016-12-15|54|56.09|53.450001|55.689999|2170200|55.689999
QRVO|2016-12-16|56.040001|56.380001|54.57|54.689999|1771000|54.689999
QRVO|2016-12-19|54.93|55.5|54.689999|55.450001|712700|55.450001
QRVO|2016-12-20|55.700001|55.720001|54.009998|54.740002|958100|54.740002
QRVO|2016-12-21|54.849998|55.450001|54.669998|54.990002|785200|54.990002
QRVO|2016-12-22|55.459999|55.799999|54.860001|55.099998|711800|55.099998
QRVO|2016-12-23|55.099998|55.580002|54.880001|55.529999|1073200|55.529999
QRVO|2016-12-27|55.380001|56.150002|55.290001|55.540001|745700|55.540001
QRVO|2016-12-28|55.549999|55.75|54.009998|54.700001|1064500|54.700001
QRVO|2016-12-29|54.470001|54.566002|52.900002|53.610001|982900|53.610001
QRVO|2016-12-30|53.75|53.808998|52.049999|52.73|1223200|52.73
QRVO|2017-01-03|53.18|53.950001|52.119999|52.900002|1841200|52.900002
QRVO|2017-01-04|52.990002|54.560001|52.740002|54.509998|1503800|54.509998
QRVO|2017-01-05|54.040001|54.52|52.810001|53.360001|1343400|53.360001
QRVO|2017-01-06|53.599998|54.41|53.09|53.860001|943000|53.860001
QRVO|2017-01-09|53.91|55.349998|53.91|54.369999|1253000|54.369999
QRVO|2017-01-10|54.43|56.580002|54.43|56.400002|1972600|56.400002
QRVO|2017-01-11|56.349998|56.860001|55.5|56.799999|1106800|56.799999
QRVO|2017-01-12|56.060001|56.939999|55.369999|56.84|1622200|56.84
QRVO|2017-01-13|56.779999|58.98|56.630001|58.57|1598700|58.57
QRVO|2017-01-17|58.029999|58.869999|56.900002|57.259998|2066300|57.259998
QRVO|2017-01-18|57.700001|59.290001|57.630001|59.169998|1567900|59.169998
QRVO|2017-01-19|59.189999|59.799999|58.110001|58.310001|2206600|58.310001
QRVO|2017-01-20|60.040001|61.700001|59.509998|61.02|3420600|61.02
QRVO|2017-01-23|60.919998|62.110001|60.919998|61.849998|2224000|61.849998
QRVO|2017-01-24|62.150002|63.09|61.919998|62.5|2435100|62.5
QRVO|2017-01-25|63.130001|64.080002|62.549999|64.040001|1840800|64.040001
QRVO|2017-01-26|63.700001|64.190002|62.799999|63.34|2106800|63.34
QRVO|2017-01-27|63.57|63.959999|62.889999|63.650002|1133800|63.650002
QRVO|2017-01-30|63.52|64.510002|63.009998|64.290001|3150200|64.290001
QRVO|2017-01-31|63.84|64.419998|63.279999|64.209999|1944600|64.209999
QRVO|2017-02-01|65.150002|65.970001|63.34|64.550003|4150200|64.550003
QRVO|2017-02-02|61.34|65.690002|61.119999|63.349998|5477900|63.349998
QRVO|2017-02-03|63.459999|64.629997|63.360001|63.959999|1559400|63.959999
QRVO|2017-02-06|63.490002|64.360001|63.310001|64.360001|2005700|64.360001
QRVO|2017-02-07|64.360001|65.050003|64.190002|64.75|1270800|64.75
QRVO|2017-02-08|64.93|66.25|64.550003|66.199997|1745400|66.199997
QRVO|2017-02-09|66.129997|66.400002|65.57|66.279999|1305100|66.279999
QRVO|2017-02-10|66.32|66.419998|65.580002|66.269997|1003300|66.269997
QRVO|2017-02-13|66.470001|67.199997|66.099998|66.529999|1085600|66.529999
QRVO|2017-02-14|66.489998|66.739998|65.815002|66.440002|996500|66.440002
QRVO|2017-02-15|66.419998|67.410004|66.141998|67.169998|785400|67.169998
QRVO|2017-02-16|67.260002|67.68|66.370003|67.150002|837600|67.150002
QRVO|2017-02-17|66.900002|67.599998|65.860001|67.120003|1688700|67.120003
QRVO|2017-02-21|67.029999|67.949997|66.849998|67.57|2758300|67.57
QRVO|2017-02-22|67.559998|68.660004|67.217003|67.550003|1144100|67.550003
QRVO|2017-02-23|68.019997|68.300003|66.389999|67.199997|1315100|67.199997
QRVO|2017-02-24|66.370003|66.559998|64.18|66.190002|1574800|66.190002
QRVO|2017-02-27|66.279999|67.660004|65.599998|67.620003|1292000|67.620003
QRVO|2017-02-28|67.610001|67.699997|65.93|66.099998|1317500|66.099998
QRVO|2017-03-01|66.5|68|66.230003|67.849998|1354800|67.849998
QRVO|2017-03-02|68.010002|68.050003|66.059998|66.110001|1202600|66.110001
QRVO|2017-03-03|66.190002|66.82|65.769997|66.209999|921500|66.209999
QRVO|2017-03-06|65.879997|66.589996|65.559998|66.419998|1712100|66.419998
QRVO|2017-03-07|66.230003|67.370003|65.959999|66.889999|1676300|66.889999
QRVO|2017-03-08|66.599998|67.370003|65.987999|66.400002|1239800|66.400002
QRVO|2017-03-09|66.290001|67.120003|65.5|66.650002|821900|66.650002
QRVO|2017-03-10|66.849998|67.639999|66.610001|67.110001|1012500|67.110001
QRVO|2017-03-13|67.129997|67.790001|67.105003|67.68|872600|67.68
QRVO|2017-03-14|67.449997|68.18|66.800003|67.849998|1298500|67.849998
QRVO|2017-03-15|68.339996|69.120003|67.489998|68.949997|1616000|68.949997
QRVO|2017-03-16|68.709999|69.040001|67.110001|68.220001|2005900|68.220001
QRVO|2017-03-17|68.339996|68.339996|67.345001|67.419998|2264400|67.419998
QRVO|2017-03-20|67.199997|67.989998|66.5|67.580002|1040300|67.580002
QRVO|2017-03-21|67.800003|67.848999|65.339996|65.529999|1983400|65.529999
QRVO|2017-03-22|65.449997|66.889999|64.790001|66.529999|1377500|66.529999
QRVO|2017-03-23|66.449997|67.400002|66.190002|66.830002|945800|66.830002
QRVO|2017-03-24|67.330002|68.129997|67.230003|67.639999|899800|67.639999
QRVO|2017-03-27|66.959999|68.419998|66.169998|68.370003|1069800|68.370003
QRVO|2017-03-28|68.110001|68.839996|67.697998|68.25|949500|68.25
QRVO|2017-03-29|68.120003|68.364998|67.400002|67.849998|1078900|67.849998
QRVO|2017-03-30|68.010002|69.709999|67.839996|69.080002|1596300|69.080002
QRVO|2017-03-31|69.160004|69.160004|68.540001|68.559998|1060700|68.559998
QRVO|2017-04-03|68.559998|68.919998|67.059998|68.050003|1484900|68.050003
QRVO|2017-04-04|67.580002|68.559998|67.120003|68.32|1155800|68.32
QRVO|2017-04-05|68.419998|69.870003|68.419998|68.599998|1760300|68.599998
QRVO|2017-04-06|68.529999|69.410004|68.239998|69.290001|1259600|69.290001
QRVO|2017-04-07|69.360001|71.910004|69.305|71.330002|2905900|71.330002
QRVO|2017-04-10|71.220001|72.419998|70.620003|70.639999|1885600|70.639999
QRVO|2017-04-11|69.760002|70.230003|68.370003|70.199997|2242900|70.199997
QRVO|2017-04-12|70.230003|70.440002|68.620003|68.760002|1373600|68.760002
QRVO|2017-04-13|68.379997|69.550003|68.114998|68.480003|2031300|68.480003
QRVO|2017-04-17|68.519997|69.220001|68.519997|69.07|939800|69.07
QRVO|2017-04-18|68.830002|69.620003|68.580002|69.540001|1005400|69.540001
QRVO|2017-04-19|70.099998|71.190002|69.849998|69.989998|947400|69.989998
QRVO|2017-04-20|70.610001|71.339996|70|71.029999|867100|71.029999
QRVO|2017-04-21|70.889999|70.900002|70.139999|70.160004|1248500|70.160004
QRVO|2017-04-24|71.32|71.650002|70.839996|70.940002|816000|70.940002
QRVO|2017-04-25|71.459999|71.769997|71.181|71.309998|1351300|71.309998
QRVO|2017-04-26|71.300003|71.551003|70.260002|70.970001|1056800|70.970001
QRVO|2017-04-27|71.300003|71.650002|70.769997|71.120003|1395300|71.120003
QRVO|2017-04-28|70.339996|70.349998|67.610001|68.029999|2850000|68.029999
QRVO|2017-05-01|68.260002|68.949997|67.720001|68.610001|1147800|68.610001
QRVO|2017-05-02|68.529999|68.529999|67.300003|68.339996|1294300|68.339996
QRVO|2017-05-03|67.900002|68.440002|67.5|68.050003|2257600|68.050003
QRVO|2017-05-04|66.870003|69.980003|66.449997|67.019997|4479900|67.019997
QRVO|2017-05-05|67.269997|67.339996|65.870003|66.900002|1637300|66.900002
QRVO|2017-05-08|66.830002|67.050003|65.389999|65.650002|1592300|65.650002
QRVO|2017-05-09|65.809998|66.889999|65.650002|66.160004|1797700|66.160004
QRVO|2017-05-10|66.360001|66.885002|65.739998|66.790001|1102500|66.790001
QRVO|2017-05-11|66.510002|67.07|65.839996|67.019997|1507800|67.019997
QRVO|2017-05-12|66.870003|67.82|66.836998|67.800003|1743000|67.800003
QRVO|2017-05-15|67.260002|72.127998|67.260002|71.540001|4529800|71.540001
QRVO|2017-05-16|71.730003|74.919998|71.665001|74.839996|3182700|74.839996
QRVO|2017-05-17|73.779999|74.589996|72.5|72.540001|2765300|72.540001
QRVO|2017-05-18|72.160004|75.980003|71.75|75.550003|3399400|75.550003
QRVO|2017-05-19|76.089996|76.495003|75.239998|75.510002|2091000|75.510002
QRVO|2017-05-22|75.779999|78.830002|75.745003|78.07|2953900|78.07
QRVO|2017-05-23|78.260002|78.610001|76.360001|78.550003|1858100|78.550003
QRVO|2017-05-24|78.809998|79.199997|77.370003|78.389999|1745400|78.389999
QRVO|2017-05-25|78.650002|79.325996|77.849998|78.830002|1907900|78.830002
QRVO|2017-05-26|78.860001|78.879997|77.760002|77.839996|1349500|77.839996
QRVO|2017-05-30|77.709999|79.099998|77.440002|78.650002|1878700|78.650002
QRVO|2017-05-31|78.93|79.338997|77.199997|77.949997|1409200|77.949997
QRVO|2017-06-01|78.07|79.059998|77.610001|79.059998|1285700|79.059998
QRVO|2017-06-02|78.949997|79.110001|77.559998|78.949997|1573400|78.949997
QRVO|2017-06-05|78.690002|79.089996|77.019997|77.300003|1444000|77.300003
QRVO|2017-06-06|77.089996|78.209999|76.339996|77.5|1070900|77.5
QRVO|2017-06-07|77.449997|78.370003|77.080002|77.669998|1133200|77.669998
QRVO|2017-06-08|77.629997|78.18|76.639999|78.080002|1445300|78.080002
QRVO|2017-06-09|77.779999|78.989998|73.389999|75.269997|2088000|75.269997
QRVO|2017-06-12|74.199997|74.760002|71.199997|74.629997|2174400|74.629997
QRVO|2017-06-13|75.040001|76.389999|74.300003|74.650002|1147300|74.650002
QRVO|2017-06-14|74.919998|75.309998|70.879997|72.129997|2132500|72.129997
QRVO|2017-06-15|70.75|72.300003|70.279999|71.68|2756000|71.68
QRVO|2017-06-16|72.050003|72.330002|71.230003|71.720001|1685100|71.720001
QRVO|2017-06-19|72.290001|72.830002|71.800003|72.459999|1734400|72.459999
QRVO|2017-06-20|72.25|72.510002|70.779999|70.860001|1044900|70.860001
QRVO|2017-06-21|71.300003|72.18|70.620003|71.18|1316500|71.18
QRVO|2017-06-22|71.099998|71.120003|69.324997|70.489998|1089000|70.489998
QRVO|2017-06-23|70.709999|70.790001|69.790001|69.940002|2683700|69.940002
QRVO|2017-06-26|69.949997|70.419998|66.110001|66.410004|3320600|66.410004
QRVO|2017-06-27|66.080002|66.339996|64.099998|64.489998|2499400|64.489998
QRVO|2017-06-28|65.07|66.190002|63.806|65.949997|2362500|65.949997
QRVO|2017-06-29|65.57|65.75|63.029999|64.290001|1957500|64.290001
QRVO|2017-06-30|64.449997|64.800003|63.060001|63.32|1584900|63.32
QRVO|2017-07-03|63.490002|63.950001|62.68|63|807200|63
QRVO|2017-07-05|63.43|65.339996|63.360001|65.019997|2265800|65.019997
QRVO|2017-07-06|64.080002|65.080002|63.59|64.010002|1964400|64.010002
QRVO|2017-07-07|64.419998|66.260002|64.279999|65.860001|1948900|65.860001
QRVO|2017-07-10|65.620003|65.980003|63.970001|65|2001200|65
QRVO|2017-07-11|64.989998|66.150002|64.833|65.93|997700|65.93
QRVO|2017-07-12|66.290001|67.809998|65.730003|67.470001|2382700|67.470001
QRVO|2017-07-13|67.300003|67.779999|66.32|67.370003|2169400|67.370003
QRVO|2017-07-14|67.709999|68.080002|67.230003|67.32|789100|67.32
QRVO|2017-07-17|67.300003|67.550003|66.610001|67|1196500|67
QRVO|2017-07-18|66.889999|67.169998|66.160004|66.980003|909400|66.980003
QRVO|2017-07-19|67.25|67.699997|66.860001|67.639999|911600|67.639999
QRVO|2017-07-20|67.720001|68.959999|67.040001|68.720001|1202100|68.720001
QRVO|2017-07-21|68.720001|69.419998|67.519997|69.290001|1563600|69.290001
QRVO|2017-07-24|69.279999|69.5|68.800003|69.169998|1642800|69.169998
QRVO|2017-07-25|69.199997|69.730003|68.406998|69.294998|1076100|69.294998
QRVO|2017-07-26|69.529999|70.269997|68.980003|69.540001|746300|69.540001
QRVO|2017-07-27|69.620003|69.660004|68.324997|69.099998|2024100|69.099998
QRVO|2017-07-28|68.870003|69.349998|68.370003|69|789400|69
QRVO|2017-07-31|69.190002|69.260002|68.029999|68.559998|1448400|68.559998
QRVO|2017-08-01|68.669998|68.669998|67.68|68.07|1396500|68.07
QRVO|2017-08-02|69.370003|69.370003|66.629997|66.860001|2264100|66.860001
QRVO|2017-08-03|66.300003|68.974998|64.699997|66.889999|2459100|66.889999
QRVO|2017-08-04|66.699997|68.099998|66.220001|66.620003|965500|66.620003
QRVO|2017-08-07|66.82|69.18|66.82|68.800003|1366900|68.800003
QRVO|2017-08-08|68.410004|69.800003|67.555|69.160004|1369100|69.160004
QRVO|2017-08-09|68.809998|69.419998|68.389999|69.059998|865000|69.059998
QRVO|2017-08-10|68.639999|68.669998|67.489998|67.769997|1277900|67.769997
QRVO|2017-08-11|67.669998|69.050003|66.830002|68.900002|961000|68.900002
QRVO|2017-08-14|69.540001|71.610001|69.5|71.419998|1537900|71.419998
QRVO|2017-08-15|71.339996|72.300003|70.43|71.760002|1694200|71.760002
QRVO|2017-08-16|71.900002|72.470001|71.459999|72.419998|1281500|72.419998
QRVO|2017-08-17|72.110001|72.735001|71.160004|71.190002|1388600|71.190002
QRVO|2017-08-18|71.709999|71.809998|69.599998|69.669998|1285200|69.669998
QRVO|2017-08-21|69.620003|69.980003|68.519997|69.330002|828100|69.330002
QRVO|2017-08-22|69.739998|71.110001|69.709999|71.010002|806900|71.010002
QRVO|2017-08-23|70.529999|70.889999|70.050003|70.669998|752600|70.669998
QRVO|2017-08-24|70.989998|71.199997|70.129997|70.25|827500|70.25
QRVO|2017-08-25|70.519997|71.260002|70.199997|70.93|837500|70.93
QRVO|2017-08-28|71.150002|71.150002|70.059998|70.599998|721300|70.599998
QRVO|2017-08-29|69.910004|70.690002|69.309998|70.459999|510700|70.459999
QRVO|2017-08-30|70.760002|73.169998|70.620003|73.120003|832000|73.120003
QRVO|2017-08-31|73.190002|73.660004|72.82|73.220001|811000|73.220001
QRVO|2017-09-01|73.389999|74.230003|73.07|73.260002|703000|73.260002
QRVO|2017-09-05|72.93|73.989998|72.239998|73.379997|869800|73.379997
QRVO|2017-09-06|73.269997|73.974998|72.035004|73.32|726000|73.32
QRVO|2017-09-07|73.410004|75.709999|73.139999|73.220001|2006600|73.220001
QRVO|2017-09-08|73.290001|73.400002|71.440002|71.610001|707000|71.610001
QRVO|2017-09-11|72.339996|73.160004|72.139999|72.629997|780400|72.629997
QRVO|2017-09-12|72.900002|73.639999|72.550003|72.949997|915000|72.949997
QRVO|2017-09-13|72.900002|73.239998|72.309998|73.010002|522600|73.010002
QRVO|2017-09-14|72.559998|74.690002|72.559998|73.480003|645300|73.480003
QRVO|2017-09-15|73.370003|75.550003|73.224998|75.489998|1440900|75.489998
QRVO|2017-09-18|75.5|76.470001|74.199997|74.349998|1000800|74.349998
QRVO|2017-09-19|74.440002|74.610001|73.635002|74.32|645500|74.32
QRVO|2017-09-20|74.300003|74.32|69.93|70.32|2221800|70.32
QRVO|2017-09-21|70.209999|70.720001|69.059998|70.610001|1653600|70.610001
QRVO|2017-09-22|70.379997|71.57|70.230003|71.199997|1035700|71.199997
QRVO|2017-09-25|70.639999|70.639999|68.260002|68.660004|1932800|68.660004
QRVO|2017-09-26|69|69.370003|67.697998|68.239998|1113300|68.239998
QRVO|2017-09-27|69.230003|70.769997|68.650002|70.25|1041500|70.25
QRVO|2017-09-28|70.25|70.720001|69.57|70.199997|883500|70.199997
QRVO|2017-09-29|70.199997|71.089996|69.220001|70.68|1020400|70.68
QRVO|2017-10-02|70.839996|72.059998|70.839996|71.290001|801500|71.290001
QRVO|2017-10-03|71.519997|71.760002|71.019997|71.389999|428600|71.389999
QRVO|2017-10-04|71.019997|72.169998|70.528|72.160004|642800|72.160004
QRVO|2017-10-05|72.239998|72.68|71.110001|71.699997|759900|71.699997
QRVO|2017-10-06|71.639999|72.800003|71.639999|72.690002|607200|72.690002
QRVO|2017-10-09|72.650002|72.940002|72.110001|72.660004|417900|72.660004
QRVO|2017-10-10|72.75|72.809998|71.010002|71.839996|986600|71.839996
QRVO|2017-10-11|71.900002|73|71.900002|72.940002|839500|72.940002
QRVO|2017-10-12|72.720001|73.07|72.260002|72.360001|1233000|72.360001
QRVO|2017-10-13|72.580002|73.029999|72.080002|72.389999|663400|72.389999
QRVO|2017-10-16|72.269997|72.739998|72.129997|72.529999|721400|72.529999
QRVO|2017-10-17|72.519997|73.190002|71.580002|72.269997|1020900|72.269997
QRVO|2017-10-18|72.269997|72.345001|70.910004|72.019997|797400|72.019997
QRVO|2017-10-19|71.5|71.5|69.120003|69.68|1596200|69.68
QRVO|2017-10-20|70.129997|70.550003|69.720001|69.919998|779600|69.919998
QRVO|2017-10-23|70.080002|70.529999|69.5|69.800003|1163800|69.800003
QRVO|2017-10-24|70.110001|71.660004|69.769997|71.440002|1220400|71.440002
QRVO|2017-10-25|71.800003|73.389999|71.309998|71.779999|1460300|71.779999
QRVO|2017-10-26|72.129997|72.519997|71.445|71.559998|594600|71.559998
QRVO|2017-10-27|72.739998|73.760002|71.199997|73.720001|1237400|73.720001
QRVO|2017-10-30|74.019997|76.589996|73.75|76.25|1620300|76.25
QRVO|2017-10-31|76.449997|77.055|75.279999|75.809998|1417400|75.809998
QRVO|2017-11-01|76.160004|76.589996|73.860001|74.459999|1953100|74.459999
QRVO|2017-11-02|71.730003|74.809998|71.190002|74.300003|2612300|74.300003
QRVO|2017-11-03|74.349998|74.480003|71.730003|73.839996|2903500|73.839996
QRVO|2017-11-06|73.779999|78.970001|73.470001|78.489998|3093600|78.489998
QRVO|2017-11-07|77.580002|79.980003|76.699997|78.459999|1758100|78.459999
QRVO|2017-11-08|78.480003|80.940002|78.110001|80.82|1716700|80.82
QRVO|2017-11-09|80.480003|80.959999|78.32|79.470001|1463200|79.470001
QRVO|2017-11-10|81.199997|81.199997|79.029999|79.57|928200|79.57
QRVO|2017-11-13|79.160004|79.919998|78.559998|79.080002|1005900|79.080002
QRVO|2017-11-14|79|79.779999|78.07|78.410004|784300|78.410004
QRVO|2017-11-15|78.260002|78.370003|76.330002|76.68|1128600|76.68
QRVO|2017-11-16|77.050003|78.160004|76.989998|77.910004|872600|77.910004
QRVO|2017-11-17|78.040001|78.397003|76.68|77.330002|927100|77.330002
QRVO|2017-11-20|77.599998|79.230003|77.599998|79.139999|726600|79.139999
QRVO|2017-11-21|79.470001|80.839996|79.400002|80.589996|1177200|80.589996
QRVO|2017-11-22|80.540001|80.712997|79.300003|79.610001|637400|79.610001
QRVO|2017-11-24|79.75|80.650002|79.75|80.620003|238700|80.620003
QRVO|2017-11-27|80|80.43|79.221001|79.739998|905900|79.739998
QRVO|2017-11-28|79.989998|80|77.793999|79.029999|1120900|79.029999
QRVO|2017-11-29|78.970001|79.105003|75.269997|76.690002|1501600|76.690002
QRVO|2017-11-30|76.889999|77.489998|76.175003|76.580002|1252300|76.580002
QRVO|2017-12-01|76.089996|76.300003|71.660004|74.209999|2124900|74.209999
QRVO|2017-12-04|74.760002|75.309998|71.849998|72.400002|2211700|72.400002
QRVO|2017-12-05|72.040001|73.260002|70.830002|71.779999|1862400|71.779999
QRVO|2017-12-06|70|71.010002|67.529999|70.099998|3573600|70.099998
QRVO|2017-12-07|71.529999|71.559998|68.349998|68.720001|1864300|68.720001
QRVO|2017-12-08|69.279999|69.370003|67.660004|67.879997|2150000|67.879997
QRVO|2017-12-11|67.639999|68.900002|67.639999|68.620003|1559000|68.620003
QRVO|2017-12-12|68.110001|68.459999|66.519997|67.690002|1913700|67.690002
QRVO|2017-12-13|68.139999|69.084999|67.059998|67.290001|1565300|67.290001
QRVO|2017-12-14|67.199997|67.330002|65.209999|65.230003|1991800|65.230003
QRVO|2017-12-15|65.57|66.150002|64.720001|65.529999|4164800|65.529999
QRVO|2017-12-18|66|67.330002|65.300003|67.050003|1824100|67.050003
QRVO|2017-12-19|66.75|67.279999|66.364998|66.790001|878500|66.790001
QRVO|2017-12-20|67.220001|67.519997|66.129997|67.07|845000|67.07
QRVO|2017-12-21|67.25|67.550003|67.059998|67.480003|913400|67.480003
QRVO|2017-12-22|67.489998|68.209999|67.349998|67.690002|877400|67.690002
QRVO|2017-12-26|65.839996|67.690002|64.529999|65.900002|1260000|65.900002
QRVO|2017-12-27|66.25|67.989998|65.980003|67.260002|1135400|67.260002
QRVO|2017-12-28|67.510002|67.900002|66.849998|67.360001|850200|67.360001
QRVO|2017-12-29|67.360001|67.57|66.580002|66.599998|714800|66.599998
QRVO|2018-01-02|67.059998|68.970001|66.080002|68.879997|1345800|68.879997
QRVO|2018-01-03|69.080002|70.008003|68.139999|68.389999|1552800|68.389999
QRVO|2018-01-04|68.690002|69.879997|68.089996|68.720001|1346900|68.720001
QRVO|2018-01-05|69.059998|69.438004|67.919998|68.029999|1556400|68.029999
QRVO|2018-01-08|67.889999|68.970001|67.290001|68.839996|1390100|68.839996
QRVO|2018-01-09|69.139999|69.970001|68.440002|69|1513600|69
QRVO|2018-01-10|68.699997|68.980003|67.349998|67.739998|1691600|67.739998
QRVO|2018-01-11|68|69.389999|67.669998|68.879997|1022400|68.879997
QRVO|2018-01-12|69.120003|71.230003|68.705002|71.040001|1621700|71.040001
QRVO|2018-01-16|71.370003|71.610001|68.910004|69.300003|1188400|69.300003
QRVO|2018-01-17|69.470001|71.089996|69.32|70.849998|1025700|70.849998
QRVO|2018-01-18|70.839996|71.989998|70.589996|70.699997|1233500|70.699997
QRVO|2018-01-19|70.5|70.5|67.129997|68.400002|2820300|68.400002
QRVO|2018-01-22|68.120003|68.519997|65.559998|66.339996|3155900|66.339996
QRVO|2018-01-23|66.440002|67.790001|66.099998|67.32|2130400|67.32
QRVO|2018-01-24|66.760002|67.885002|65.800003|66.900002|2797900|66.900002
QRVO|2018-01-25|67.459999|67.519997|65.720001|66.059998|1914900|66.059998
QRVO|2018-01-26|66.419998|67.940002|66.099998|67.940002|1932000|67.940002
QRVO|2018-01-29|67.32|68.449997|67.300003|68.190002|2286200|68.190002
QRVO|2018-01-30|67.480003|75.080002|67.400002|70.669998|6126500|70.669998
QRVO|2018-01-31|71.5|71.949997|69.879997|71.769997|3927000|71.769997
QRVO|2018-02-01|79.32|85.239998|77.889999|83.339996|10691400|83.339996
QRVO|2018-02-02|82.410004|83.889999|80.620003|80.769997|4082300|80.769997
QRVO|2018-02-05|80.199997|81.970001|75.349998|75.580002|4736300|75.580002
QRVO|2018-02-06|74.989998|79.25|74.110001|79.07|3857200|79.07
QRVO|2018-02-07|78.75|80.019997|78.07|78.089996|3619000|78.089996
QRVO|2018-02-08|78.089996|80.620003|76.809998|76.849998|2670100|76.849998
QRVO|2018-02-09|77.760002|79.800003|75.5|77.849998|3382800|77.849998
QRVO|2018-02-12|78.339996|79.949997|77.940002|79.169998|1615200|79.169998
QRVO|2018-02-13|78.800003|79.699997|78.510002|79.349998|1184900|79.349998
QRVO|2018-02-14|78.809998|79.830002|78.449997|78.82|1748000|78.82
QRVO|2018-02-15|78.970001|79.720001|77.480003|78.559998|1393900|78.559998
QRVO|2018-02-16|78.370003|78.82|77.290001|77.309998|1387000|77.309998
QRVO|2018-02-20|77.370003|80.879997|77.370003|80.169998|2328000|80.169998
QRVO|2018-02-21|80.379997|80.839996|79.720001|79.949997|1735700|79.949997
QRVO|2018-02-22|80.169998|80.599998|78.120003|78.5|1632400|78.5
QRVO|2018-02-23|78.980003|80.160004|78.57|80.129997|1073600|80.129997
QRVO|2018-02-26|80.129997|81.489998|79.860001|81.480003|1029400|81.480003
QRVO|2018-02-27|81.580002|82.279999|81.18|81.209999|1143700|81.209999
QRVO|2018-02-28|81.25|81.93|80.150002|80.709999|989300|80.709999
QRVO|2018-03-01|80.830002|81.089996|78.160004|78.610001|1488400|78.610001
QRVO|2018-03-02|77.870003|81.300003|77.870003|81.129997|1667300|81.129997
QRVO|2018-03-05|80.650002|83.532997|80.650002|83.190002|1692500|83.190002
QRVO|2018-03-06|83.459999|84.239998|83.25|83.68|1261300|83.68
QRVO|2018-03-07|82.830002|84.300003|82.769997|83.32|1778500|83.32
QRVO|2018-03-08|83.5|84.290001|82.699997|84.230003|1383400|84.230003
QRVO|2018-03-09|84.449997|85.510002|83.884003|85.510002|1437600|85.510002
QRVO|2018-03-12|86|86.839996|83.959999|86.389999|1861700|86.389999
QRVO|2018-03-13|86.559998|86.559998|83.07|83.419998|1774700|83.419998
QRVO|2018-03-14|83.459999|83.75|81.25|82.220001|1390900|82.220001
QRVO|2018-03-15|79.480003|80.019997|74.790001|79|6676800|79
QRVO|2018-03-16|79.290001|81.620003|78.989998|80.75|2831900|80.75
QRVO|2018-03-19|79.800003|80.309998|77.419998|78.419998|2532000|78.419998
QRVO|2018-03-20|75.050003|76.660004|73.519997|75.07|4309600|75.07
QRVO|2018-03-21|75.07|75.919998|73.919998|74.18|2088200|74.18
QRVO|2018-03-22|73.43|74.43|72.190002|72.650002|2639800|72.650002
QRVO|2018-03-23|72.760002|73.400002|70.610001|71.550003|2167400|71.550003
QRVO|2018-03-26|72.550003|73.529999|71.260002|73.339996|1813800|73.339996
QRVO|2018-03-27|73.489998|73.57|69.635002|70.230003|1855900|70.230003
QRVO|2018-03-28|69.93|70.870003|68.129997|68.540001|1717600|68.540001
QRVO|2018-03-29|69.120003|71.059998|68.25|70.449997|1542200|70.449997
QRVO|2018-04-02|70.07|70.440002|68.059998|68.529999|1275200|68.529999
QRVO|2018-04-03|69.010002|69.93|68.650002|69.709999|1093800|69.709999
QRVO|2018-04-04|68.220001|71.589996|67.809998|71.510002|1231800|71.510002
QRVO|2018-04-05|71.660004|72.400002|70.934998|71.410004|1622900|71.410004
QRVO|2018-04-06|70.699997|71.529999|69.330002|69.720001|1291500|69.720001
QRVO|2018-04-09|70.099998|71.440002|69.57|69.589996|1157500|69.589996
QRVO|2018-04-10|70.800003|71.639999|70.410004|71.239998|1072900|71.239998
QRVO|2018-04-11|70.910004|72.82|70.419998|72.199997|1026600|72.199997
QRVO|2018-04-12|72.720001|73.389999|72.019997|72.510002|1486400|72.510002
QRVO|2018-04-13|72.900002|72.900002|71.620003|72.550003|829500|72.550003
QRVO|2018-04-16|72.75|72.910004|71.220001|72.279999|1075300|72.279999
QRVO|2018-04-17|72.860001|73.830002|72.559998|73.470001|810300|73.470001
QRVO|2018-04-18|73.260002|73.769997|72.129997|73.120003|950400|73.120003
QRVO|2018-04-19|71.400002|71.769997|69.709999|70.629997|2796700|70.629997
QRVO|2018-04-20|70.779999|71.029999|68.540001|69.879997|1670400|69.879997
QRVO|2018-04-23|70.209999|70.669998|68.300003|68.68|2354700|68.68
QRVO|2018-04-24|68.889999|69.459999|67.745003|68.059998|2218200|68.059998
QRVO|2018-04-25|68.110001|68.650002|67.139999|67.660004|1453400|67.660004
QRVO|2018-04-26|68.43|69.144997|67.290001|68.480003|1250200|68.480003
QRVO|2018-04-27|68.589996|68.589996|67.220001|67.379997|1451000|67.379997
QRVO|2018-04-30|67.339996|68.440002|66.300003|67.400002|2140100|67.400002
QRVO|2018-05-01|68.650002|72.459999|68.339996|71.800003|2421000|71.800003
QRVO|2018-05-02|72|74.690002|71.860001|74.239998|3812100|74.239998
QRVO|2018-05-03|74.029999|77.75|70.779999|76.730003|3988000|76.730003
QRVO|2018-05-04|76.190002|79.540001|75.839996|79.489998|1760900|79.489998
QRVO|2018-05-07|79.830002|81.410004|79.160004|79.639999|2452200|79.639999
QRVO|2018-05-08|79.199997|80.419998|78.879997|79.889999|1702100|79.889999
QRVO|2018-05-09|79.940002|80.860001|79.5|80.209999|1249200|80.209999
QRVO|2018-05-10|80.790001|82.050003|80|81.989998|1204500|81.989998
QRVO|2018-05-11|81.260002|82.089996|81.260002|81.639999|854200|81.639999
QRVO|2018-05-14|82.330002|83.419998|81.044998|81.669998|1202300|81.669998
QRVO|2018-05-15|81.129997|81.260002|79.459999|80.099998|1158800|80.099998
QRVO|2018-05-16|80.379997|81.239998|80.199997|81.050003|1106600|81.050003
QRVO|2018-05-17|79.165001|81.190002|79.165001|80.610001|686400|80.610001
QRVO|2018-05-18|80.019997|80.150002|78.75|79.589996|1734400|79.589996
QRVO|2018-05-21|80.470001|81.830002|79.809998|81.150002|1344700|81.150002
QRVO|2018-05-22|81.57|82.290001|80.629997|80.779999|1061200|80.779999
QRVO|2018-05-23|81.18|81.339996|80|81.300003|1259300|81.300003
QRVO|2018-05-24|81.32|81.940002|80.5|81.230003|1370100|81.230003
QRVO|2018-05-25|81.480003|82.084999|81.269997|81.489998|1066500|81.489998
QRVO|2018-05-29|80.860001|81.050003|78.980003|79.940002|1582600|79.940002
QRVO|2018-05-30|79.910004|81.040001|79.650002|80.93|1143500|80.93
QRVO|2018-05-31|80.809998|81.540001|80.019997|80.25|1120600|80.25
QRVO|2018-06-01|80.629997|82|80.300003|81.809998|1218500|81.809998
QRVO|2018-06-04|82|82|80.917999|81.690002|794600|81.690002
QRVO|2018-06-05|81.970001|82.25|81.239998|81.720001|735700|81.720001
QRVO|2018-06-06|81.410004|81.720001|79.160004|80.089996|2314900|80.089996
QRVO|2018-06-07|79.949997|82.110001|79.519997|81.040001|1684500|81.040001
QRVO|2018-06-08|79.089996|80.980003|78.419998|80.160004|1682500|80.160004
QRVO|2018-06-11|79.989998|80.300003|79.639999|79.830002|599400|79.830002
QRVO|2018-06-12|79.839996|81.239998|79.544998|80.730003|916400|80.730003
QRVO|2018-06-13|81.010002|81.5|80.019997|80.400002|1176600|80.400002
QRVO|2018-06-14|80.839996|83.959999|80.5|83.650002|2586200|83.650002
QRVO|2018-06-15|83.669998|85.239998|82.870003|85.120003|2787000|85.120003
QRVO|2018-06-18|85.010002|86.5|84.220001|85.790001|2090300|85.790001
QRVO|2018-06-19|84.730003|85.214996|82.830002|83.510002|1037200|83.510002
QRVO|2018-06-20|84.300003|84.489998|83.190002|83.459999|872700|83.459999
QRVO|2018-06-21|83.830002|83.830002|82.089996|82.230003|704000|82.230003
QRVO|2018-06-22|82.830002|82.940002|81.459999|82.050003|1599600|82.050003
QRVO|2018-06-25|81.699997|81.970001|79.411003|80.360001|984000|80.360001
QRVO|2018-06-26|80.43|82.114998|79.860001|81.720001|858100|81.720001
QRVO|2018-06-27|81.809998|82.32|79.879997|79.889999|670700|79.889999
QRVO|2018-06-28|79.620003|80.629997|79.309998|80.480003|597300|80.480003
QRVO|2018-06-29|80.830002|81.349998|80.099998|80.169998|981500|80.169998
QRVO|2018-07-02|79.75|80.290001|78.760002|80.099998|710400|80.099998
QRVO|2018-07-03|80.199997|80.220001|77|77.440002|938100|77.440002
QRVO|2018-07-05|79.510002|82.040001|78.606003|81.82|2329300|81.82
QRVO|2018-07-06|81.769997|81.907997|80.059998|81.529999|774400|81.529999
QRVO|2018-07-09|82.010002|82.739998|81.129997|82.580002|771500|82.580002
QRVO|2018-07-10|82.300003|83.410004|82.050003|83.290001|639100|83.290001
QRVO|2018-07-11|82.559998|82.599998|80.199997|80.260002|665100|80.260002
QRVO|2018-07-12|80.470001|82.059998|80.050003|81.980003|1184700|81.980003
QRVO|2018-07-13|81.839996|82.580002|81.169998|81.370003|626000|81.370003
QRVO|2018-07-16|81.720001|82.344002|81.209999|81.330002|598500|81.330002
QRVO|2018-07-17|81.209999|82.75|80.760002|82.720001|742000|82.720001
QRVO|2018-07-18|82.800003|83.5|82.129997|82.400002|985300|82.400002
QRVO|2018-07-19|82.360001|84.209999|82.279999|83.760002|1360000|83.760002
QRVO|2018-07-20|84.300003|85.239998|81.059998|81.199997|1618800|81.199997
QRVO|2018-07-23|80.790001|82.68|79.690002|82.540001|1127700|82.540001
QRVO|2018-07-24|83.239998|83.730003|81|81.220001|858500|81.220001
QRVO|2018-07-25|81.019997|81.599998|79.599998|81.25|998100|81.25
QRVO|2018-07-26|81.220001|82.455002|80.754997|82.199997|843200|82.199997
QRVO|2018-07-27|82.540001|82.959999|80.875|81.720001|713700|81.720001
QRVO|2018-07-30|81.400002|81.695|79.949997|80.830002|1140100|80.830002
QRVO|2018-07-31|81.419998|82.339996|80.629997|81.760002|768400|81.760002
QRVO|2018-08-01|82.660004|83.300003|81.370003|82.18|2660400|82.18
QRVO|2018-08-02|79|84.910004|79|84.410004|2535600|84.410004
QRVO|2018-08-03|84.699997|84.699997|83.510002|84.18|846800|84.18
QRVO|2018-08-06|83.459999|85.370003|82.589996|85.199997|942600|85.199997
QRVO|2018-08-07|85.209999|86.496002|84.771004|86.059998|1310600|86.059998
QRVO|2018-08-08|85.669998|86.470001|85.379997|85.550003|502300|85.550003
QRVO|2018-08-09|85|86.040001|84.5|85.510002|684100|85.510002
QRVO|2018-08-10|84.690002|84.690002|82.68|83.190002|1277500|83.190002
QRVO|2018-08-13|83|84.050003|82.699997|83.110001|939900|83.110001
QRVO|2018-08-14|83.519997|83.959999|82.214996|82.790001|1534700|82.790001
QRVO|2018-08-15|82.330002|82.417999|81.110001|81.949997|1933900|81.949997
QRVO|2018-08-16|82.599998|82.599998|81.449997|82.160004|1065400|82.160004
QRVO|2018-08-17|81.57|81.980003|80.739998|81.5|1278200|81.5
QRVO|2018-08-20|81.709999|81.860001|78.120003|78.18|1706600|78.18
QRVO|2018-08-21|78.720001|81.294998|78.620003|81.099998|2007100|81.099998
QRVO|2018-08-22|80.75|81.205002|79.970001|80.620003|787500|80.620003
QRVO|2018-08-23|80.260002|80.790001|78.970001|79.199997|977500|79.199997
QRVO|2018-08-24|79.559998|79.989998|79.160004|79.629997|702300|79.629997
QRVO|2018-08-27|79.800003|80.489998|79.410004|79.589996|1141800|79.589996
QRVO|2018-08-28|79.910004|80.209|79.010002|79.830002|832400|79.830002
QRVO|2018-08-29|79.93|80.489998|79.294998|80.290001|768500|80.290001
QRVO|2018-08-30|80.040001|80.559998|79.209999|79.400002|663400|79.400002
QRVO|2018-08-31|79.400002|80.485001|79.400002|80.089996|954800|80.089996
QRVO|2018-09-04|79.879997|80.839996|79.519997|80.279999|1247200|80.279999
QRVO|2018-09-05|80.419998|80.489998|79.370003|79.68|665700|79.68
QRVO|2018-09-06|79.550003|79.93|75.089996|75.129997|1998500|75.129997
QRVO|2018-09-07|74|76.485001|73.519997|74.949997|2422300|74.949997
QRVO|2018-09-10|74.879997|74.900002|73.519997|73.980003|708500|73.980003
QRVO|2018-09-11|73.519997|73.970001|72.309998|73.370003|1306000|73.370003
QRVO|2018-09-12|72.879997|73.529999|71.537003|73.459999|1273000|73.459999
QRVO|2018-09-13|74.550003|75.980003|73.669998|75.300003|1632500|75.300003
QRVO|2018-09-14|75.75|76.400002|75.290001|75.739998|766500|75.739998
QRVO|2018-09-17|75.379997|75.989998|73.790001|73.970001|1090800|73.970001
QRVO|2018-09-18|74.269997|75.529999|74.099998|75.040001|997500|75.040001
QRVO|2018-09-19|75.110001|77.139999|75.110001|76.809998|1060300|76.809998
QRVO|2018-09-20|77.550003|79.07|77.269997|78.669998|1422800|78.669998
QRVO|2018-09-21|78.980003|79.290001|78.120003|78.620003|2267900|78.620003
QRVO|2018-09-24|78.019997|78.860001|76.82|78.449997|798600|78.449997
QRVO|2018-09-25|78.25|78.25|75.32|76.25|1153200|76.25
QRVO|2018-09-26|75.75|76.199997|74.629997|75.059998|914100|75.059998
QRVO|2018-09-27|75.120003|75.470001|74.599998|74.720001|876600|74.720001
QRVO|2018-09-28|74.57|76.955002|74.07|76.889999|1030500|76.889999
QRVO|2018-10-01|77.190002|78.309998|76.660004|77.099998|1188200|77.099998
QRVO|2018-10-02|77.279999|78.690002|77.242996|77.290001|915000|77.290001
QRVO|2018-10-03|77.370003|77.875|75.059998|76.25|1212400|76.25
QRVO|2018-10-04|76.099998|76.449997|75.330002|76.169998|926800|76.169998
QRVO|2018-10-05|75.949997|76.279999|72.050003|72.690002|1466400|72.690002
QRVO|2018-10-08|72.489998|73.32|71.290001|72.980003|865100|72.980003
QRVO|2018-10-09|73|74.660004|72.669998|74.339996|1108400|74.339996
QRVO|2018-10-10|73.449997|73.449997|70.139999|70.290001|1899300|70.290001
QRVO|2018-10-11|70.160004|73.339996|70.059998|71.389999|1628400|71.389999
QRVO|2018-10-12|72.699997|73.580002|71.550003|72.68|1118600|72.68
QRVO|2018-10-15|72.010002|73.099998|71.809998|72.629997|695400|72.629997
QRVO|2018-10-16|73.309998|75.550003|73.050003|75.449997|1070200|75.449997
QRVO|2018-10-17|75.669998|76.139999|74.769997|75.419998|590500|75.419998
QRVO|2018-10-18|75.019997|75.07|73.150002|73.400002|697300|73.400002
QRVO|2018-10-19|73.589996|74.339996|72.139999|72.349998|938300|72.349998
QRVO|2018-10-22|72.669998|73.32|71.809998|72.879997|626500|72.879997
QRVO|2018-10-23|71.050003|72.760002|69.639999|72.300003|779800|72.300003
QRVO|2018-10-24|71.480003|71.550003|68|68.18|1413800|68.18
QRVO|2018-10-25|69.080002|71.730003|69.080002|70.980003|1283200|70.980003
QRVO|2018-10-26|69.25|71.18|69.160004|69.739998|1380200|69.739998
QRVO|2018-10-29|70.879997|71.089996|68.300003|69.32|1511700|69.32
QRVO|2018-10-30|69.410004|71.169998|68.93|70.949997|1699300|70.949997
QRVO|2018-10-31|71.510002|74.690002|70.644997|73.510002|2470300|73.510002
QRVO|2018-11-01|75.040001|78.885002|74.330002|78.489998|2720300|78.489998
QRVO|2018-11-02|77.400002|77.434998|73.699997|74|2260100|74
QRVO|2018-11-05|72.199997|73|66.790001|69.32|2554900|69.32
QRVO|2018-11-06|69.599998|70.959999|69.300003|70.010002|1182700|70.010002
QRVO|2018-11-07|70.519997|70.68|68.720001|70.279999|1266200|70.279999
QRVO|2018-11-08|69.900002|71.190002|69.360001|70.730003|1246700|70.730003
QRVO|2018-11-09|68.870003|69|66.199997|68.150002|2442300|68.150002
QRVO|2018-11-12|64.849998|65.209999|62.389999|63.799999|2912500|63.799999
QRVO|2018-11-13|63.889999|65.629997|61|63.650002|3719800|63.650002
QRVO|2018-11-14|64.300003|64.480003|61.73|62.880001|3144700|62.880001
QRVO|2018-11-15|62.91|65.400002|62.740002|65.160004|1578700|65.160004
QRVO|2018-11-16|64.410004|66.830002|64.226997|66.32|1582900|66.32
QRVO|2018-11-19|65.5|66.239998|63.060001|63.150002|1901700|63.150002
QRVO|2018-11-20|61.34|62.950001|61.299999|62.02|2354500|62.02
QRVO|2018-11-21|63.27|64.449997|62.650002|63.580002|1792400|63.580002
QRVO|2018-11-23|63.259998|64.900002|63.259998|64.330002|464400|64.330002
QRVO|2018-11-26|65.260002|66.050003|64.612999|65.470001|1092900|65.470001
QRVO|2018-11-27|64.800003|65.75|64.760002|64.830002|768400|64.830002
QRVO|2018-11-28|65.32|67.129997|64.620003|67.019997|1146500|67.019997
QRVO|2018-11-29|66.559998|67.290001|65.199997|65.290001|906000|65.290001
QRVO|2018-11-30|65.459999|66.300003|64.839996|65.809998|1711200|65.809998
QRVO|2018-12-03|67.68|68.529999|67.209999|67.75|1440100|67.75
QRVO|2018-12-04|67.480003|67.589996|64.040001|64.160004|1589600|64.160004
QRVO|2018-12-06|61.849998|62.740002|60.790001|62.720001|2309800|62.720001
QRVO|2018-12-07|62.59|63.380001|60.91|61.130001|1104700|61.130001
QRVO|2018-12-10|60.099998|60.790001|58.91|59.52|1600000|59.52
QRVO|2018-12-11|60.73|61.689999|59.200001|59.580002|1245200|59.580002
QRVO|2018-12-12|60.799999|62.150002|59.830002|60.639999|1219700|60.639999
QRVO|2018-12-13|61.25|61.759998|60.369999|60.77|1065000|60.77
QRVO|2018-12-14|60|61.540001|59.830002|60.52|1650700|60.52
QRVO|2018-12-17|60.529999|62.310001|59.68|60.34|1154400|60.34
QRVO|2018-12-18|61.150002|62.959999|60.970001|61.700001|1028100|61.700001
QRVO|2018-12-19|61.32|62.299999|59.330002|59.639999|1165200|59.639999
QRVO|2018-12-20|59.810001|60.82|58.529999|59.799999|1863700|59.799999
QRVO|2018-12-21|59.650002|61.029999|57.110001|57.68|2590500|57.68
QRVO|2018-12-24|57.110001|59.240002|56.459999|56.470001|643300|56.470001
QRVO|2018-12-26|57.200001|60.07|56.330002|60.02|865800|60.02
QRVO|2018-12-27|59.330002|60.419998|58.240002|60.389999|991600|60.389999
QRVO|2018-12-28|60.98|62.220001|59.959999|60.790001|1108100|60.790001
QRVO|2018-12-31|61.34|61.75|59.84|60.73|809100|60.73
QRVO|2019-01-02|59.619999|62|59.619999|61.18|725500|61.18
QRVO|2019-01-03|57.950001|58.450001|54.735001|55.639999|2864300|55.639999
QRVO|2019-01-04|56.48|59.450001|56.310001|59.369999|1976700|59.369999
QRVO|2019-01-07|59.380001|60.869999|58.84|59.779999|1093600|59.779999
QRVO|2019-01-08|60.029999|60.029999|58.900002|59.369999|1505200|59.369999
QRVO|2019-01-09|59.869999|61.740002|59.490002|60.450001|1986300|60.450001
QRVO|2019-01-10|61.009998|62.380001|60.119999|61.860001|3203000|61.860001
QRVO|2019-01-11|61.700001|64.519997|61.48|63.689999|1506400|63.689999
QRVO|2019-01-14|62.799999|62.799999|61.049999|61.18|1259500|61.18
QRVO|2019-01-15|61.380001|62.259998|61.16|61.560001|641800|61.560001
QRVO|2019-01-16|61.610001|62.470001|61.360001|61.41|735700|61.41
QRVO|2019-01-17|60.889999|62.580002|60|62.25|998800|62.25
QRVO|2019-01-18|62.549999|63.57|62.16|63.279999|888200|63.279999
QRVO|2019-01-22|62.490002|62.720001|61.27|61.939999|737900|61.939999
QRVO|2019-01-23|62.099998|62.330002|60.93|61.91|796500|61.91
QRVO|2019-01-24|62.27|64.150002|62.27|63.380001|955800|63.380001
QRVO|2019-01-25|64.339996|66.300003|63.380001|65.760002|1463900|65.760002
QRVO|2019-01-28|64.120003|65.739998|63.630001|65.089996|921700|65.089996
QRVO|2019-01-29|65.099998|65.184998|63.369999|63.66|1217600|63.66
QRVO|2019-01-30|64.559998|65.839996|64.080002|65.529999|636200|65.529999
QRVO|2019-01-31|65.470001|65.769997|64.580002|65.360001|992200|65.360001
QRVO|2019-02-01|65.470001|66.379997|65.355003|65.919998|589400|65.919998
QRVO|2019-02-04|65.779999|66.419998|65.290001|65.959999|891500|65.959999
QRVO|2019-02-05|66.019997|66.360001|65.510002|66.040001|840600|66.040001
QRVO|2019-02-06|67.75|70.684998|67.730003|68.629997|2133600|68.629997
QRVO|2019-02-07|67.779999|68.279999|66.230003|66.529999|1868400|66.529999
QRVO|2019-02-08|60.810001|65.084999|59.560001|64.510002|3754400|64.510002
QRVO|2019-02-11|64.489998|65.449997|64.32|64.5|1174900|64.5
QRVO|2019-02-12|65.169998|65.735001|64.809998|65.18|1595400|65.18
QRVO|2019-02-13|65.290001|65.510002|64.730003|64.900002|1429300|64.900002
QRVO|2019-02-14|64.690002|65.370003|64.339996|64.669998|1671200|64.669998
QRVO|2019-02-15|65.309998|65.580002|64.800003|65.160004|1532900|65.160004
QRVO|2019-02-19|65|65.529999|64.800003|64.870003|1666200|64.870003
QRVO|2019-02-20|65.209999|66.160004|64.839996|65.860001|1730000|65.860001
QRVO|2019-02-21|66|66.790001|65.239998|66.059998|1377400|66.059998
QRVO|2019-02-22|66.610001|68.160004|66.529999|67.800003|1470100|67.800003
QRVO|2019-02-25|68.849998|69.910004|68.580002|68.699997|1781500|68.699997
QRVO|2019-02-26|68.410004|69.57|68.120003|69.139999|1282300|69.139999
QRVO|2019-02-27|69.620003|69.620003|68.029999|69.349998|1120100|69.349998
QRVO|2019-02-28|68.870003|70.339996|68.870003|70.139999|1199900|70.139999
QRVO|2019-03-01|70.599998|71.230003|69.550003|70.5|1182400|70.5
QRVO|2019-03-04|70.839996|71.239998|69.195|70.050003|930300|70.050003
QRVO|2019-03-05|70.260002|70.559998|69.32|69.860001|1010500|69.860001
QRVO|2019-03-06|69.849998|70|69.019997|69.07|1067200|69.07
QRVO|2019-03-07|68.739998|69|67.790001|68.349998|1107600|68.349998
QRVO|2019-03-08|67.360001|68.830002|66.940002|68.580002|1012000|68.580002
QRVO|2019-03-11|68.870003|69.75|68.870003|69.370003|939400|69.370003
QRVO|2019-03-12|69.389999|69.514999|68.330002|69.239998|690500|69.239998
QRVO|2019-03-13|69.75|69.75|67.629997|69.089996|1141800|69.089996
QRVO|2019-03-14|69.220001|69.472|68.599998|68.650002|861700|68.650002
QRVO|2019-03-15|69.059998|70.290001|68.620003|69.660004|1440300|69.660004
QRVO|2019-03-18|69.629997|70.300003|69.419998|69.830002|905300|69.830002
QRVO|2019-03-19|70.360001|70.879997|69.949997|70.110001|847100|70.110001
QRVO|2019-03-20|70.190002|70.370003|68.57|69.120003|1001500|69.120003
QRVO|2019-03-21|70.959999|74.620003|70.75|73.889999|2571400|73.889999
QRVO|2019-03-22|73.519997|73.989998|71.660004|71.669998|1050200|71.669998
QRVO|2019-03-25|71.470001|71.876999|70.18|70.870003|699300|70.870003
QRVO|2019-03-26|71.43|71.860001|70.790001|71.150002|796400|71.150002
QRVO|2019-03-27|71.349998|71.650002|69.639999|70.57|823600|70.57
QRVO|2019-03-28|70.580002|70.989998|69.510002|70.230003|484800|70.230003
QRVO|2019-03-29|71.129997|71.824997|70.925003|71.730003|940000|71.730003
QRVO|2019-04-01|72.620003|73.690002|72.620003|73.209999|928300|73.209999
QRVO|2019-04-02|75.080002|75.510002|73.720001|74.07|1149100|74.07
QRVO|2019-04-03|74.919998|75.540001|74.129997|74.410004|1177900|74.410004
QRVO|2019-04-04|74.349998|74.410004|73.574997|74.040001|1032600|74.040001
QRVO|2019-04-05|74.470001|74.93|74.300003|74.889999|623700|74.889999
QRVO|2019-04-08|74.510002|75.370003|74.309998|75.25|665500|75.25
QRVO|2019-04-09|74.989998|75.779999|74.900002|75.220001|819400|75.220001
QRVO|2019-04-10|74.900002|76.720001|74.830002|76.230003|1309600|76.230003
QRVO|2019-04-11|76.419998|77.029999|75.900002|76.050003|1352000|76.050003
QRVO|2019-04-12|76.75|77.239998|75.93|77.190002|986900|77.190002
QRVO|2019-04-15|77.160004|77.260002|76.080002|76.389999|672700|76.389999
QRVO|2019-04-16|76.779999|78.760002|76.779999|78.309998|2131300|78.309998
QRVO|2019-04-17|78.809998|78.980003|76.455002|76.559998|1329000|76.559998
QRVO|2019-04-18|76.639999|76.995003|76.139999|76.68|934500|76.68
QRVO|2019-04-22|76.220001|76.860001|75.955002|76.010002|1185400|76.010002
QRVO|2019-04-23|76.150002|76.910004|75.961998|76.599998|1651000|76.599998
QRVO|2019-04-24|77.050003|78.510002|76.660004|77.25|1316200|77.25
QRVO|2019-04-25|77.209999|77.813004|76.125|77.300003|1063200|77.300003
QRVO|2019-04-26|73.849998|75.160004|72.550003|74.989998|2006300|74.989998
QRVO|2019-04-29|75.330002|75.599998|74.720001|75.449997|1237000|75.449997
QRVO|2019-04-30|75.610001|76.248001|74.669998|75.610001|1424400|75.610001
QRVO|2019-05-01|76.809998|77.669998|75.449997|75.580002|1743400|75.580002
QRVO|2019-05-02|75.529999|77.239998|75.529999|76.75|1198400|76.75
QRVO|2019-05-03|76.709999|76.75|75.010002|75.18|1472700|75.18
QRVO|2019-05-06|73.150002|74.739998|72.610001|74.330002|1128500|74.330002
QRVO|2019-05-07|73.610001|74.459999|72.699997|73.68|2142800|73.68
QRVO|2019-05-08|78|78.669998|74.504997|76.18|4752600|76.18
QRVO|2019-05-09|75.379997|75.379997|72.760002|75.150002|2571300|75.150002
QRVO|2019-05-10|74.839996|75.25|72.739998|75.07|1897200|75.07
QRVO|2019-05-13|72.5|73.010002|70.480003|71.050003|1923400|71.050003
QRVO|2019-05-14|71.690002|73.339996|71.620003|72.860001|1037300|72.860001
QRVO|2019-05-15|72|73.970001|71.629997|73.349998|989200|73.349998
QRVO|2019-05-16|69.650002|70|68.050003|68.110001|3384200|68.110001
QRVO|2019-05-17|66.260002|66.622002|63.400002|63.93|3317300|63.93
QRVO|2019-05-20|61.549999|62.880001|60.700001|61.27|3119300|61.27
QRVO|2019-05-21|64.980003|67.952003|61.474998|61.540001|4127100|61.540001
QRVO|2019-05-22|60.869999|61.18|59.470001|60.200001|2531700|60.200001
QRVO|2019-05-23|59.279999|60.77|58.52|60.66|2774500|60.66
QRVO|2019-05-24|61.25|62.310001|61.182999|62.299999|3575700|62.299999
QRVO|2019-05-28|62.599998|62.919998|60.700001|60.75|1842500|60.75
QRVO|2019-05-29|60.169998|62.580002|60.150002|62.080002|1566000|62.080002
QRVO|2019-05-30|62.18|63.73|61.41|61.869999|1261100|61.869999
QRVO|2019-05-31|61|62.201|60.950001|61.18|1284500|61.18
QRVO|2019-06-03|61.650002|62.75|60.77|61.880001|1619100|61.880001
QRVO|2019-06-04|62.880001|64.300003|62.779999|64.18|1643400|64.18
QRVO|2019-06-05|64.650002|65|62.57|63.439999|1207400|63.439999
QRVO|2019-06-06|62.220001|63.84|62.060001|63.450001|1022100|63.450001
QRVO|2019-06-07|63.68|64.629997|63.599998|64.379997|1053600|64.379997
QRVO|2019-06-10|65.029999|65.760002|64.949997|65.5|1886400|65.5
QRVO|2019-06-11|65.879997|66|63.990002|64.309998|1891400|64.309998
QRVO|2019-06-12|63.799999|64.230003|62.650002|62.779999|1317700|62.779999
QRVO|2019-06-13|63|63.825001|62.82|63.310001|776800|63.310001
QRVO|2019-06-14|60.93|61.82|60.369999|61.5|1273300|61.5
QRVO|2019-06-17|61.709999|62.349998|60.77|61.66|741200|61.66
QRVO|2019-06-18|62.43|65.370003|62.049999|65.089996|1380700|65.089996
QRVO|2019-06-19|65.599998|66.059998|64.75|65.589996|923200|65.589996
QRVO|2019-06-20|66.82|66.82|64.75|64.839996|1472100|64.839996
QRVO|2019-06-21|64.529999|64.589996|63.560001|63.889999|2202800|63.889999
QRVO|2019-06-24|64.18|65.419998|63.540001|64.550003|1198100|64.550003
QRVO|2019-06-25|64.410004|64.989998|63.400002|63.459999|923400|63.459999
QRVO|2019-06-26|64.610001|66.290001|64.610001|65.639999|1142100|65.639999
QRVO|2019-06-27|66.389999|67.849998|66.360001|67.059998|1260900|67.059998
QRVO|2019-06-28|67.580002|67.959999|66.5|66.610001|1240200|66.610001
QRVO|2019-07-01|71.93|72.709999|69.449997|70.580002|3079200|70.580002
QRVO|2019-07-02|70.370003|70.5|69.330002|69.620003|1168000|69.620003
QRVO|2019-07-03|69.900002|69.910004|68.360001|68.989998|888200|68.989998
QRVO|2019-07-05|68.550003|69.169998|68.279999|68.970001|626500|68.970001
QRVO|2019-07-08|68.540001|69.150002|68.089996|68.959999|786100|68.959999
QRVO|2019-07-09|68.489998|69.889999|68.470001|69.629997|812300|69.629997
QRVO|2019-07-10|70.099998|70.5|69.254997|69.339996|942900|69.339996
QRVO|2019-07-11|69.639999|69.720001|68.739998|69.339996|612100|69.339996
QRVO|2019-07-12|69.559998|70.379997|69.519997|70.260002|839500|70.260002
QRVO|2019-07-15|70.559998|71.279999|70.099998|70.690002|1367900|70.690002
QRVO|2019-07-16|70.650002|70.720001|69.300003|70.550003|1502100|70.550003
QRVO|2019-07-17|70.870003|71|69.830002|70.519997|1042700|70.519997
QRVO|2019-07-18|71|71.529999|70.150002|71.239998|1389100|71.239998
QRVO|2019-07-19|71.099998|71.75|70.790001|71.290001|1030500|71.290001
QRVO|2019-07-22|71.760002|73.230003|71.599998|72.800003|972300|72.800003
QRVO|2019-07-23|73.190002|73.900002|72.870003|73.889999|738100|73.889999
QRVO|2019-07-24|74.230003|75.800003|74|75.330002|1360100|75.330002
QRVO|2019-07-25|75|75.135002|74.07|74.730003|877100|74.730003
QRVO|2019-07-26|75.199997|75.199997|74.239998|74.919998|859500|74.919998
QRVO|2019-07-29|75.139999|75.260002|74.114998|74.68|911700|74.68
QRVO|2019-07-30|74.169998|75.550003|73.050003|75.489998|844000|75.489998
QRVO|2019-07-31|75.839996|75.839996|73.099998|73.290001|1722800|73.290001
QRVO|2019-08-01|73|75.470001|70.639999|71.339996|2818900|71.339996
QRVO|2019-08-02|70.919998|72|68.220001|70.889999|2646400|70.889999
QRVO|2019-08-05|69.32|69.360001|67.730003|68.150002|1722700|68.150002
QRVO|2019-08-06|68.93|70.290001|68.639999|70.139999|1599000|70.139999
QRVO|2019-08-07|69.019997|71.099998|68.573997|70.769997|1354600|70.769997
QRVO|2019-08-08|71|72.120003|70.110001|72.059998|1542800|72.059998
QRVO|2019-08-09|71.330002|71.330002|69.25|69.489998|1458900|69.489998
QRVO|2019-08-12|68.959999|70.169998|68.855003|69.389999|1004300|69.389999
QRVO|2019-08-13|69.419998|72.360001|69.019997|71.699997|1127400|71.699997
QRVO|2019-08-14|69.970001|70.669998|69.160004|69.779999|1042500|69.779999
QRVO|2019-08-15|69.93|71.32|69.800003|70.110001|1089500|70.110001
QRVO|2019-08-16|70.589996|72.150002|70.230003|71.610001|1135700|71.610001
QRVO|2019-08-19|72.650002|73.125|71.720001|72.019997|1359900|72.019997
QRVO|2019-08-20|72.410004|73.669998|71.809998|73.059998|995700|73.059998
QRVO|2019-08-21|73.830002|75.18|73.830002|74.690002|1077300|74.690002
QRVO|2019-08-22|74.849998|75.660004|73.449997|73.489998|1356600|73.489998
QRVO|2019-08-23|72.849998|72.919998|70.120003|70.339996|1933300|70.339996
QRVO|2019-08-26|71.480003|72.029999|70.470001|70.800003|868000|70.800003
QRVO|2019-08-27|71.400002|71.790001|69.720001|70.209999|1030400|70.209999
QRVO|2019-08-28|69.879997|70|68.699997|69.57|1707200|69.57
QRVO|2019-08-29|70.760002|72.279999|70.760002|71.510002|1367900|71.510002
QRVO|2019-08-30|71.910004|71.949997|70.199997|71.43|1306100|71.43
QRVO|2019-09-03|70.620003|70.940002|68.940002|70.279999|1043200|70.279999
QRVO|2019-09-04|71.400002|72.389999|71.150002|72.370003|688600|72.370003
QRVO|2019-09-05|73.589996|75.400002|73.57|75.169998|1110600|75.169998
QRVO|2019-09-06|75.169998|75.980003|74.775002|75.449997|856200|75.449997
QRVO|2019-09-09|75.980003|76.349998|75.529999|76|1122100|76
QRVO|2019-09-10|75.830002|76.889999|75.18|76.800003|1398600|76.800003
QRVO|2019-09-11|77|77.470001|76.080002|76.269997|1429200|76.269997
QRVO|2019-09-12|77.059998|77.82|75.889999|77.800003|1212400|77.800003
QRVO|2019-09-13|77.410004|78.684998|77.135002|77.510002|1006400|77.510002
QRVO|2019-09-16|76.690002|77.739998|75.849998|77.220001|842600|77.220001
QRVO|2019-09-17|77.480003|77.620003|76.199997|76.349998|1321300|76.349998
QRVO|2019-09-18|76.540001|76.970001|75.43|76.699997|1207000|76.699997
QRVO|2019-09-19|76.5|76.790001|75.110001|75.190002|870000|75.190002
QRVO|2019-09-20|75.790001|76.660004|75.400002|75.980003|2006900|75.980003
QRVO|2019-09-23|76.150002|77.970001|75.919998|77.360001|968600|77.360001
QRVO|2019-09-24|78|78|76.190002|76.720001|912200|76.720001
QRVO|2019-09-25|75.599998|76.989998|75.599998|76.93|786900|76.93
QRVO|2019-09-26|75.470001|76.260002|74.68|75.099998|990000|75.099998
QRVO|2019-09-27|74.870003|75.214996|72.989998|73.230003|1039000|73.230003
QRVO|2019-09-30|73.809998|74.370003|73.110001|74.139999|735500|74.139999
QRVO|2019-10-01|74.32|75.544998|73.07|73.169998|825700|73.169998
QRVO|2019-10-02|72.68|73|70.860001|71.370003|784900|71.370003
QRVO|2019-10-03|71.389999|72.989998|70.699997|72.830002|1010000|72.830002
QRVO|2019-10-04|73.989998|75.190002|73.830002|74.879997|998300|74.879997
QRVO|2019-10-07|74.5|74.860001|73.959999|73.959999|1239500|73.959999
QRVO|2019-10-08|73.379997|73.709999|71.959999|72.459999|1231200|72.459999
QRVO|2019-10-09|73.099998|73.760002|72.529999|73.290001|639100|73.290001
QRVO|2019-10-10|75.5|77.129997|75.120003|76.800003|1870200|76.800003
QRVO|2019-10-11|77.5|78.400002|77.099998|77.360001|1659600|77.360001
QRVO|2019-10-14|77.169998|77.550003|76.709999|77.339996|568700|77.339996
QRVO|2019-10-15|77.699997|79.879997|77.559998|79.839996|1307300|79.839996
QRVO|2019-10-16|79.589996|79.980003|78.869003|79.07|986700|79.07
QRVO|2019-10-17|80.080002|80.699997|78.809998|78.959999|1225500|78.959999
QRVO|2019-10-18|78.760002|78.809998|76.974998|77.589996|835500|77.589996
QRVO|2019-10-21|78.290001|79.07|78.160004|78.75|892300|78.75
QRVO|2019-10-22|79.089996|79.529999|78.300003|78.330002|741900|78.330002
QRVO|2019-10-23|77.650002|79.300003|77.190002|78.68|758800|78.68
QRVO|2019-10-24|79.800003|79.800003|78.459999|79.410004|675600|79.410004
QRVO|2019-10-25|79.449997|79.650002|78.800003|79.019997|729500|79.019997
QRVO|2019-10-28|79.589996|80.510002|79.400002|80.32|813400|80.32
QRVO|2019-10-29|80.190002|80.900002|79.610001|79.849998|703500|79.849998
QRVO|2019-10-30|80.300003|80.440002|79.410004|79.849998|1293200|79.849998
QRVO|2019-10-31|79.970001|81.300003|78.790001|80.860001|2917200|80.860001
QRVO|2019-11-01|91.879997|97.339996|91.309998|97.220001|8885300|97.220001
QRVO|2019-11-04|98.32|101.929001|97.059998|101.510002|4365900|101.510002
QRVO|2019-11-05|100.150002|101.849998|100.001999|101.300003|3134100|101.300003
QRVO|2019-11-06|100.760002|102.309998|100.220001|101.400002|3153300|101.400002
QRVO|2019-11-07|102|102.879997|100.879997|101.309998|2482500|101.309998
QRVO|2019-11-08|102|104.220001|101.75|104.040001|2867000|104.040001
QRVO|2019-11-11|103.419998|104|101.93|102.290001|2181500|102.290001
QRVO|2019-11-12|102.5|102.720001|101.830002|102.580002|1938600|102.580002
QRVO|2019-11-13|100.639999|104.089996|99.459999|103.889999|2141400|103.889999
QRVO|2019-11-14|103.559998|104.190002|102.889999|103.699997|1080200|103.699997
QRVO|2019-11-15|104.400002|104.879997|103.230003|103.75|941500|103.75
QRVO|2019-11-18|103.620003|104.144997|102.580002|103.25|1241100|103.25
QRVO|2019-11-19|103.629997|103.888|102.339996|102.839996|1198800|102.839996
QRVO|2019-11-20|102.699997|103.940002|101.730003|101.889999|1329600|101.889999
QRVO|2019-11-21|102.010002|102.32|100.720001|100.900002|1311800|100.900002
QRVO|2019-11-22|101.339996|102.230003|101.040001|101.720001|1137900|101.720001
QRVO|2019-11-25|101.860001|104.669998|101.860001|104.309998|948700|104.309998
QRVO|2019-11-26|104.169998|104.559998|103.449997|104.110001|1313600|104.110001
QRVO|2019-11-27|104.400002|106.375|104|105.029999|1235400|105.029999
QRVO|2019-11-29|104.18|105.849998|104|104.209999|710500|104.209999
QRVO|2019-12-02|104.059998|104.5|102.535004|102.970001|1435000|102.970001
QRVO|2019-12-03|101.190002|102.300003|100.32|102.139999|1872200|102.139999
QRVO|2019-12-04|102.860001|104.32|102.779999|104.029999|1377300|104.029999
QRVO|2019-12-05|104.470001|106|104.25|105.800003|1118200|105.800003
QRVO|2019-12-06|106.550003|107.57|106.434998|106.620003|1489700|106.620003
QRVO|2019-12-09|109.849998|111.345001|108.400002|108.440002|2193200|108.440002
QRVO|2019-12-10|109.07|110.510002|108.279999|109.860001|1572800|109.860001
QRVO|2019-12-11|111.190002|114.529999|110.989998|113.839996|2613300|113.839996
QRVO|2019-12-12|112.790001|115.650002|112.540001|115.349998|2155500|115.349998
QRVO|2019-12-13|115.300003|115.959999|113.099998|113.410004|1790000|113.410004
QRVO|2019-12-16|114.760002|116.809998|114.760002|115|2076900|115
QRVO|2019-12-17|115.639999|115.949997|114.290001|114.349998|2004900|114.349998
QRVO|2019-12-18|114.470001|115.809998|113.830002|115.290001|1947500|115.290001
QRVO|2019-12-19|115.269997|118.18|114.440002|117.279999|1923300|117.279999
QRVO|2019-12-20|118.300003|118.355003|116.269997|116.669998|2608400|116.669998
QRVO|2019-12-23|117.089996|117.760002|116.440002|116.940002|968200|116.940002
QRVO|2019-12-24|117.239998|118.040001|116.419998|117.959999|488500|117.959999
QRVO|2019-12-26|117.889999|117.949997|116.940002|117.599998|530500|117.599998
QRVO|2019-12-27|118.099998|118.489998|116.529999|116.839996|724900|116.839996
QRVO|2019-12-30|116.82|116.889999|115.670998|116.209999|682000|116.209999
QRVO|2019-12-31|115.669998|116.709999|115.25|116.230003|745800|116.230003
QRVO|2020-01-02|117.260002|117.400002|114.760002|115.959999|1870600|115.959999
QRVO|2020-01-03|114.059998|115.239998|112.059998|112.339996|2695100|112.339996
QRVO|2020-01-06|110.830002|112.980003|109.400002|111.639999|3186200|111.639999
QRVO|2020-01-07|111.279999|112.75|110.730003|111.230003|1673100|111.230003
QRVO|2020-01-08|111.540001|113.769997|111.419998|112.919998|1735300|112.919998
QRVO|2020-01-09|113.93|114|110.790001|111.959999|1676200|111.959999
QRVO|2020-01-10|113.5|115.849998|113|113.419998|2412400|113.419998
QRVO|2020-01-13|113.860001|117.499001|113.860001|115.739998|1879400|115.739998
QRVO|2020-01-14|115.830002|116.57|114.120003|115.910004|1518000|115.910004
QRVO|2020-01-15|115.360001|115.410004|112.059998|112.5|1637400|112.5
QRVO|2020-01-16|113.419998|114.199997|112.82|113.800003|1443500|113.800003
QRVO|2020-01-17|114.589996|115.57|113.589996|114.739998|1376300|114.739998
QRVO|2020-01-21|113.970001|115.75|113.919998|114.870003|1001500|114.870003
QRVO|2020-01-22|115.709999|118.230003|115.550003|116.330002|1281700|116.330002
QRVO|2020-01-23|116.470001|118.779999|115.650002|118.68|2014400|118.68
QRVO|2020-01-24|115.879997|117.394997|112.279999|113.389999|2412000|113.389999
QRVO|2020-01-27|111.099998|111.68|108.529999|109.980003|1739400|109.980003
QRVO|2020-01-28|110.919998|114.07|110.235001|113.559998|1704500|113.559998
QRVO|2020-01-29|114.029999|114.699997|111.43|112.57|2187300|112.57
QRVO|2020-01-30|121.610001|122.364998|109.370003|111.790001|5783200|111.790001
QRVO|2020-01-31|110.779999|111.080002|105.120003|105.860001|3557600|105.860001
QRVO|2020-02-03|106.160004|108.419998|105.93|107.559998|1939800|107.559998
QRVO|2020-02-04|110.050003|110.5|107.610001|107.889999|1961100|107.889999
QRVO|2020-02-05|109.599998|111.349998|108.720001|111.32|1773900|111.32
QRVO|2020-02-06|111.400002|111.769997|109.269997|109.769997|1802800|109.769997
QRVO|2020-02-07|108.260002|108.510002|104.860001|105.150002|2422400|105.150002
QRVO|2020-02-10|103.75|105.360001|102.879997|105.349998|1867800|105.349998
QRVO|2020-02-11|106.449997|110.050003|106.449997|108.589996|1625300|108.589996
QRVO|2020-02-12|110|112.269997|109.224998|111.730003|1584300|111.730003
QRVO|2020-02-13|110.150002|111.360001|108.620003|109.169998|1649300|109.169998
QRVO|2020-02-14|109.959999|110.360001|105.235001|106.019997|1660900|106.019997
QRVO|2020-02-18|103.690002|104.860001|102.510002|103.230003|2146500|103.230003
QRVO|2020-02-19|103.720001|106.379997|103.599998|104.239998|1718000|104.239998
QRVO|2020-02-20|103.93|104|99.519997|101.559998|2961500|101.559998
QRVO|2020-02-21|100.800003|101.199997|97.75|98.190002|1834200|98.190002
QRVO|2020-02-24|93.57|97.480003|93.309998|96.339996|2598800|96.339996
QRVO|2020-02-25|96.93|97.769997|95.440002|96.599998|2817200|96.599998
QRVO|2020-02-26|96.830002|98.540001|95.809998|96.129997|1667000|96.129997
QRVO|2020-02-27|93.239998|97.199997|93.099998|94.800003|3169600|94.800003
QRVO|2020-02-28|91.809998|100.889999|91.18|100.580002|4209000|100.580002
QRVO|2020-03-02|101.089996|101.779999|96.360001|100.440002|2626200|100.440002
QRVO|2020-03-03|103|104.93|97.260002|98.300003|3038300|98.300003
QRVO|2020-03-04|100.199997|102.779999|99.919998|102.379997|2502400|102.379997
QRVO|2020-03-05|99.959999|100.75|96.57|97.300003|2131700|97.300003
QRVO|2020-03-06|94.519997|95.919998|92.330002|94.360001|1800500|94.360001
QRVO|2020-03-09|87.690002|91.93|87.040001|89.949997|2194100|89.949997
QRVO|2020-03-10|92.470001|96.129997|90.43|96|2774000|96
QRVO|2020-03-11|93.949997|95.879997|88.660004|89.269997|2605000|89.269997
QRVO|2020-03-12|83.120003|85.769997|76.769997|76.82|3090300|76.82
QRVO|2020-03-13|82.400002|85.660004|77.370003|83.800003|2306200|83.800003
QRVO|2020-03-16|72.900002|78.190002|70.699997|70.699997|2589000|70.699997
QRVO|2020-03-17|72.379997|80.779999|70.830002|79.879997|2899400|79.879997
QRVO|2020-03-18|73.470001|78.110001|70.290001|73.019997|2306800|73.019997
QRVO|2020-03-19|72.260002|75.589996|70|73.849998|1762700|73.849998
QRVO|2020-03-20|75.370003|78.529999|70.650002|70.849998|1744900|70.849998
QRVO|2020-03-23|71.239998|72.93|67.540001|69.360001|1658000|69.360001
QRVO|2020-03-24|73.410004|79.010002|71.339996|78.790001|2202300|78.790001
QRVO|2020-03-25|79.029999|82.364998|75.919998|77.739998|1673700|77.739998
QRVO|2020-03-26|79.389999|83.800003|76.889999|83.489998|1408100|83.489998
QRVO|2020-03-27|80.459999|83.940002|78.815002|80.690002|1650100|80.690002
QRVO|2020-03-30|81.290001|82.650002|79.610001|81.480003|1267200|81.480003
QRVO|2020-03-31|81.5|85.056999|80.129997|80.629997|2335900|80.629997
QRVO|2020-04-01|77.839996|79.199997|73.633003|74.580002|1693300|74.580002
QRVO|2020-04-02|73.980003|76.970001|73.330002|76.660004|1822000|76.660004
QRVO|2020-04-03|76.279999|76.639999|72.93|73.440002|1530600|73.440002
QRVO|2020-04-06|77.050003|82.970001|75.410004|82.610001|3415600|82.610001
QRVO|2020-04-07|86.040001|86.269997|81.480003|81.849998|1750700|81.849998
QRVO|2020-04-08|82.589996|88.089996|81.57|87.019997|1911900|87.019997
QRVO|2020-04-09|88.260002|88.559998|82.019997|83.110001|2357000|83.110001
QRVO|2020-04-13|82.879997|85.260002|81.669998|84.730003|1333700|84.730003
QRVO|2020-04-14|87.019997|90.099998|85.550003|89.830002|2415200|89.830002
QRVO|2020-04-15|87.480003|87.629997|83.910004|84.559998|1761400|84.559998
QRVO|2020-04-16|85.739998|87.25|84.639999|86.82|1634200|86.82
QRVO|2020-04-17|89.150002|89.459999|84.970001|86.269997|1334400|86.269997
QRVO|2020-04-20|85|86.139999|84.040001|84.769997|1683900|84.769997
QRVO|2020-04-21|84.660004|84.660004|80.800003|81.18|1747400|81.18
QRVO|2020-04-22|84|86.940002|82.32|86.580002|1565500|86.580002
QRVO|2020-04-23|86.580002|87.519997|85.525002|85.949997|957000|85.949997
QRVO|2020-04-24|86.610001|89.970001|85.629997|89.889999|1303200|89.889999
QRVO|2020-04-27|90.93|92.345001|90.254997|91.279999|1691300|91.279999
QRVO|2020-04-28|92.690002|95.442001|92.342003|93.139999|1807500|93.139999
QRVO|2020-04-29|96.279999|99.660004|95.056999|99.389999|1473900|99.389999
QRVO|2020-04-30|98.18|99.5|96.639999|98.029999|2461100|98.029999
QRVO|2020-05-01|95.480003|96.660004|92.724998|93.150002|2200100|93.150002
QRVO|2020-05-04|93|94.400002|91.75|94.139999|1414100|94.139999
QRVO|2020-05-05|96.269997|99.489998|96.239998|97.709999|1886700|97.709999
QRVO|2020-05-06|99.191002|101.605003|97.510002|98.300003|2158700|98.300003
QRVO|2020-05-07|101.139999|103.258003|99.269997|100.82|2844700|100.82
QRVO|2020-05-08|107.919998|108.779999|101.032997|103|2889600|103
QRVO|2020-05-11|101.739998|104.199997|100.57|101.900002|1949600|101.900002
QRVO|2020-05-12|102.75|105.379997|100.650002|100.669998|1707600|100.669998
QRVO|2020-05-13|100.949997|101.120003|95.839996|97.330002|1972900|97.330002
QRVO|2020-05-14|95.839996|98.860001|93.624001|98.809998|1241000|98.809998
QRVO|2020-05-15|94.029999|96.449997|93.309998|94.709999|1676600|94.709999
QRVO|2020-05-18|97.708|99.555|96.739998|99.040001|1428800|99.040001
QRVO|2020-05-19|98.739998|101.080002|98.220001|98.330002|1238700|98.330002
QRVO|2020-05-20|100.099998|103.400002|99.769997|103.330002|1720900|103.330002
QRVO|2020-05-21|103.120003|104.470001|98.800003|98.970001|1607300|98.970001
QRVO|2020-05-22|99.75|101.589996|98.07|101.540001|1122500|101.540001
QRVO|2020-05-26|104.529999|104.889999|102.919998|103.209999|1428400|103.209999
QRVO|2020-05-27|103.830002|105.849998|101.269997|105.68|1401300|105.68
QRVO|2020-05-28|104.849998|105.394997|100.110001|100.769997|1333800|100.769997
QRVO|2020-05-29|101.5|105.339996|101.150002|104.739998|1800700|104.739998
QRVO|2020-06-01|104.739998|106.139999|103.793999|104.580002|898500|104.580002
QRVO|2020-06-02|106|109.809998|104.686996|109.68|2131300|109.68
QRVO|2020-06-03|110.75|115.199997|110.699997|112.989998|2416000|112.989998
QRVO|2020-06-04|112.82|114.275002|112.269997|113.400002|1525300|113.400002
QRVO|2020-06-05|116.449997|118.160004|114.93|115.669998|1709900|115.669998
QRVO|2020-06-08|116.080002|118.940002|115.230003|117.559998|1381600|117.559998
QRVO|2020-06-09|115.860001|116.43|113.730003|115.529999|1126400|115.529999
QRVO|2020-06-10|116.980003|117.169998|114.059998|114.870003|1131000|114.870003
QRVO|2020-06-11|110.709999|112.410004|106.940002|107.389999|1753800|107.389999
QRVO|2020-06-12|110.800003|111.690002|106.629997|108.900002|1094100|108.900002
QRVO|2020-06-15|106.559998|110.195|105.610001|109.720001|1245100|109.720001
QRVO|2020-06-16|114.769997|116.209999|111.099998|112.580002|1726600|112.580002
QRVO|2020-06-17|113.75|114.540001|112.389999|112.639999|1074900|112.639999
QRVO|2020-06-18|112.5|113.029999|110.620003|111.25|1017400|111.25
QRVO|2020-06-19|113|113.879997|110.559998|111.800003|1963600|111.800003
QRVO|2020-06-22|111.709999|112.808998|109.904999|112.25|965800|112.25
QRVO|2020-06-23|113.5|113.82|111.839996|111.919998|940700|111.919998
QRVO|2020-06-24|110.349998|112.084999|107.5|108.519997|1089900|108.519997
QRVO|2020-06-25|108.629997|109.129997|106.519997|108.970001|799100|108.970001
QRVO|2020-06-26|109.040001|109.379997|106.690002|107.370003|1181100|107.370003
QRVO|2020-06-29|107.239998|107.699997|104.57|107.43|1215300|107.43
QRVO|2020-06-30|107.919998|111.029999|107.18|110.529999|1213800|110.529999
QRVO|2020-07-01|110.389999|110.690002|108.059998|108.260002|790800|108.260002
QRVO|2020-07-02|109.150002|111.550003|109.150002|110.300003|897500|110.300003
QRVO|2020-07-06|113.239998|114.300003|112.849998|113.629997|1159900|113.629997
QRVO|2020-07-07|113.800003|115.489998|112.830002|113.019997|723600|113.019997
QRVO|2020-07-08|113.889999|114.209999|111.300003|113.029999|883800|113.029999
QRVO|2020-07-09|113|113.589996|110.470001|113.110001|1213600|113.110001
QRVO|2020-07-10|113.269997|113.580002|111.110001|112.010002|603500|112.010002
QRVO|2020-07-13|113.119003|116.370003|110.68|110.889999|1459800|110.889999
QRVO|2020-07-14|110.449997|112.870003|107.690002|112.620003|932000|112.620003
QRVO|2020-07-15|113.300003|113.550003|111.050003|112.839996|716100|112.839996
QRVO|2020-07-16|111.93|112.5|110.279999|111.68|1096800|111.68
QRVO|2020-07-17|112.760002|114.57|112.330002|113.980003|1015400|113.980003
