symbol|date|open|high|low|close|volume|adj
WRK|2015-06-24|57.167313|57.167313|57.104244|57.104244|3600|47.503063
WRK|2015-06-25|56.671772|56.671772|55.77079|55.77079|4100|46.39381
WRK|2015-06-26|55.77079|55.77079|55.77079|55.77079|100|46.39381
WRK|2015-06-29|54.887829|54.887829|54.779709|54.779709|300|45.569359
WRK|2015-06-30|55.257229|55.320297|54.356247|54.869808|2015000|45.644321
WRK|2015-07-01|54.725651|56.221283|54.626541|56.221283|213500|46.768562
WRK|2015-07-02|56.761871|58.563835|56.221283|58.554825|1936700|48.709755
WRK|2015-07-06|58.671951|59.825211|56.752861|57.437607|2322200|47.78038
WRK|2015-07-07|57.581764|57.653843|55.446438|56.284351|3388600|46.821022
WRK|2015-07-08|56.311378|57.572754|53.608433|53.797638|4200100|44.752407
WRK|2015-07-09|53.608433|54.896839|52.716461|53.617443|2535200|44.602516
WRK|2015-07-10|54.031895|55.500496|53.518333|55.320297|2482800|46.019054
WRK|2015-07-13|55.896927|56.086132|55.509506|55.969006|1386200|46.558697
WRK|2015-07-14|55.950985|56.806919|55.356339|56.032074|1104100|46.61116
WRK|2015-07-15|56.086132|56.698803|55.077034|55.518517|1342800|46.183949
WRK|2015-07-16|55.590595|57.374538|55.442833|56.149204|1516000|46.708607
WRK|2015-07-17|56.419498|56.987118|55.536533|55.635643|1346500|46.281384
WRK|2015-07-20|55.860889|56.698803|55.410397|55.455448|2194200|46.131493
WRK|2015-07-21|55.716732|56.635735|53.716553|53.923779|1998900|44.857342
WRK|2015-07-22|54.374268|55.086044|53.671501|54.185062|999000|45.074688
WRK|2015-07-23|53.8517|54.761692|53.473286|53.923779|1248300|44.857342
WRK|2015-07-24|53.653481|54.013874|51.950626|53.076855|1281400|44.152821
WRK|2015-07-27|52.662403|53.536354|52.135326|52.428146|1393100|43.613182
WRK|2015-07-28|52.725471|53.833679|51.797459|53.464275|1816500|44.475101
WRK|2015-07-29|53.049824|53.815659|52.329041|53.509327|1986900|44.512573
WRK|2015-07-30|55.28426|56.933056|54.995945|56.608704|3918000|47.090839
WRK|2015-07-31|55.410397|57.437607|55.104065|56.815929|1803400|47.263229
WRK|2015-08-03|57.095234|58.329578|56.212273|56.915039|2361800|47.345676
WRK|2015-08-04|56.086132|57.167313|56.077126|56.374447|780200|46.895969
WRK|2015-08-05|57.023155|57.626812|56.059105|56.536625|1664100|47.030876
WRK|2015-08-06|55.860889|56.311378|54.491394|55.626633|2815500|46.273888
WRK|2015-08-07|55.572575|56.410488|54.941887|56.365437|2287300|46.888481
WRK|2015-08-10|56.752861|57.21236|55.77079|56.743851|1580600|47.519405
WRK|2015-08-11|57.662853|57.662853|55.599602|57.122265|1916000|47.836304
WRK|2015-08-12|57.122265|57.545723|55.599602|57.041176|1541700|47.768402
WRK|2015-08-13|56.996124|57.480854|56.176231|56.878998|937000|47.632591
WRK|2015-08-14|56.878998|57.491665|55.823948|56.969097|1041800|47.708035
WRK|2015-08-17|56.428509|57.131271|56.428509|57.068203|792600|47.791035
WRK|2015-08-18|56.779892|57.284439|56.680782|56.906029|894800|47.655228
WRK|2015-08-19|56.743851|57.023155|55.923958|55.923958|1195200|46.832802
WRK|2015-08-20|55.635643|55.635643|54.401299|54.671593|1439800|45.784016
WRK|2015-08-21|54.257141|54.297684|52.824577|53.16695|2173600|44.523975
WRK|2015-08-24|51.049644|54.32021|48.184521|50.869446|2381800|42.599972
WRK|2015-08-25|52.527256|52.590324|49.563023|50.004505|2606800|41.875637
WRK|2015-08-26|51.473106|52.2029|49.689159|50.860439|2064900|42.592422
WRK|2015-08-27|52.473194|53.383186|52.022705|53.356159|2080600|44.682438
WRK|2015-08-28|53.446255|54.437336|53.356159|54.293179|1674500|45.467121
WRK|2015-08-31|54.140011|54.266151|52.833588|53.473286|1866000|44.780514
WRK|2015-09-01|52.707451|53.26606|51.950626|52.644382|2054900|44.086365
WRK|2015-09-02|53.085865|53.554375|51.761421|52.410126|1373800|43.890194
WRK|2015-09-03|52.572304|53.73457|52.419136|52.905666|1227100|44.305168
WRK|2015-09-04|51.590233|52.554283|51.581223|51.671322|911300|43.271484
WRK|2015-09-08|52.383099|52.869629|51.977657|52.79755|694200|44.214634
WRK|2015-09-09|53.157944|54.112984|52.374088|52.482204|1198000|43.950542
WRK|2015-09-10|52.374088|53.527344|52.283989|52.923687|1845700|44.320267
WRK|2015-09-11|52.707451|53.860706|52.274979|52.932697|1146300|44.327808
WRK|2015-09-14|52.932697|53.716553|51.851517|53.680511|1648500|44.95406
WRK|2015-09-15|56.752861|56.752861|52.860619|53.770611|1578000|45.029507
WRK|2015-09-16|53.36517|53.36517|51.364986|52.968735|2180900|44.357983
WRK|2015-09-17|52.869629|53.320118|51.698353|52.013695|1363600|43.558205
WRK|2015-09-18|51.328949|51.653301|50.094604|50.1847|2458800|42.026531
WRK|2015-09-21|51.968647|51.968647|49.995495|50.328857|1830500|42.147259
WRK|2015-09-22|51.34697|51.34697|48.15749|48.598972|2210800|40.698582
WRK|2015-09-23|48.499866|49.572033|47.373638|47.562843|2043600|39.830891
WRK|2015-09-24|45.959095|47.256508|45.499596|47.130371|2749800|39.468727
WRK|2015-09-25|47.364628|47.553833|46.553745|46.806019|1630600|39.197098
WRK|2015-09-28|46.274441|46.778988|44.959003|45.022076|1958700|37.703159
WRK|2015-09-29|44.490494|46.193352|43.967926|45.562664|1969600|38.155872
WRK|2015-09-30|49.33778|49.33778|45.607712|46.346519|1766700|38.812294
WRK|2015-10-01|49.752232|50.500046|46.031174|46.851067|2441500|39.234821
WRK|2015-10-02|45.040092|47.7971|45.040092|47.761059|2139700|39.996883
WRK|2015-10-05|48.112442|48.995403|47.851158|48.74313|1714400|40.819309
WRK|2015-10-06|48.977386|49.599064|48.626003|48.932335|2398200|40.977753
WRK|2015-10-07|46.436615|49.400848|46.436615|48.707092|2720800|40.789127
WRK|2015-10-08|48.580952|49.22966|48.256599|48.824219|2009300|40.887215
WRK|2015-10-09|49.563023|52.004684|49.563023|51.869537|3857400|43.437469
WRK|2015-10-12|51.8335|51.887558|49.986485|50.752319|1439800|42.501877
WRK|2015-10-13|50.148663|51.175781|49.959457|50.040543|1963400|41.905811
WRK|2015-10-14|50.076584|50.626183|49.80629|50.238762|1132500|42.071804
WRK|2015-10-15|50.067574|50.572124|49.508965|50.464005|973100|42.260429
WRK|2015-10-16|52.121811|52.121811|49.33778|50.265789|1550500|42.094429
WRK|2015-10-19|49.725201|50.210831|48.348499|48.896297|1598400|40.947575
WRK|2015-10-20|48.508873|49.049465|46.274441|48.436794|1249600|40.562767
WRK|2015-10-21|48.833229|48.833229|46.625824|47.364628|1723600|39.664906
WRK|2015-10-22|47.905216|48.436794|46.787998|47.301559|2085800|39.61208
WRK|2015-10-23|47.472744|48.391747|47.427696|48.085415|1667200|40.268524
WRK|2015-10-26|48.022343|48.071899|47.022255|47.986305|1292000|40.185516
WRK|2015-10-27|47.562843|48.031353|47.004234|47.815117|1133800|40.042152
WRK|2015-10-28|49.373817|49.481934|47.716011|49.022434|2029600|41.053211
WRK|2015-10-29|47.490765|49.400848|46.869087|48.707092|1222200|40.789127
WRK|2015-10-30|48.75214|49.157581|48.436794|48.436794|1160900|40.562767
WRK|2015-11-02|48.256599|49.23867|48.220562|48.74313|1298200|40.819309
WRK|2015-11-03|45.968105|48.490856|45.968105|47.950264|1540700|40.155334
WRK|2015-11-04|49.409855|49.409855|47.860168|47.977295|1133900|40.177967
WRK|2015-11-05|45.031082|47.382648|43.427338|46.292458|4367400|38.767029
WRK|2015-11-06|45.878006|48.409767|45.878006|48.346699|1558900|40.487316
WRK|2015-11-09|46.067215|48.734119|46.058205|46.760971|1659800|39.15937
WRK|2015-11-10|47.382648|47.382648|45.346428|46.24741|1334700|38.729301
WRK|2015-11-11|45.445534|46.806019|45.445534|46.454636|889000|38.902843
WRK|2015-11-12|45.409496|45.878006|44.364357|44.391388|1494400|37.174995
WRK|2015-11-13|44.076042|45.031082|43.634563|43.74268|1822400|36.631748
WRK|2015-11-16|43.787727|43.918369|42.931797|43.184071|2630100|36.163944
WRK|2015-11-17|41.706459|44.184162|41.706459|43.021893|2552400|36.343727
WRK|2015-11-18|42.922787|44.70673|42.922787|44.661682|1966100|37.728985
WRK|2015-11-19|44.409405|45.499596|44.1301|45.211281|1706300|38.193272
WRK|2015-11-20|45.373459|45.67979|44.904945|45.148212|1094600|38.139992
WRK|2015-11-23|44.247231|45.850979|44.247231|45.409496|1325500|38.360718
WRK|2015-11-24|47.409676|47.409676|45.085144|45.499596|1910900|38.436832
WRK|2015-11-25|44.986034|45.968105|44.139111|45.30138|1027800|38.26939
WRK|2015-11-27|45.157223|45.66177|45.040997|45.418507|320700|38.368328
WRK|2015-11-30|46.941166|46.941166|45.517612|45.616722|1622400|38.535774
WRK|2015-12-01|45.751869|46.598793|45.409496|45.968105|1171800|38.832615
WRK|2015-12-02|44.841877|46.463646|44.841877|45.382465|1203400|38.337891
WRK|2015-12-03|46.941166|46.941166|45.058113|45.526623|1380900|38.45966
WRK|2015-12-04|45.652763|45.751869|44.850887|45.427517|918600|38.375938
WRK|2015-12-07|44.427425|45.427517|44.058022|44.112083|1709800|37.264702
WRK|2015-12-08|44.021984|44.310299|43.229118|43.247139|1367600|36.534012
WRK|2015-12-09|43.373276|43.985943|42.79665|43.292187|1697200|36.572067
WRK|2015-12-10|42.373188|43.553474|41.895668|42.265068|3483800|35.704395
WRK|2015-12-11|41.607353|42.328136|41.093792|41.228939|1741700|34.82909
WRK|2015-12-14|41.129833|41.382107|39.553112|39.778358|2307000|33.603672
WRK|2015-12-15|40.246868|41.050545|39.23777|39.255791|3622200|33.162231
WRK|2015-12-16|39.652222|40.553204|38.516983|40.472115|4423900|34.189747
WRK|2015-12-17|40.354988|40.805477|40.021622|40.427067|3713200|34.151695
WRK|2015-12-18|40.526173|40.888367|39.679249|39.7243|5553300|33.558018
WRK|2015-12-21|39.868458|40.409046|39.661232|40.075684|3794700|33.854858
WRK|2015-12-22|40.129742|40.327957|39.035049|39.679249|2776500|33.519958
WRK|2015-12-23|40.057663|41.107307|39.70628|41.003693|1909000|34.638821
WRK|2015-12-24|41.165871|41.544285|40.805477|41.003693|490600|34.638821
WRK|2015-12-28|40.913597|41.13884|40.463104|41.111813|1047100|34.730137
WRK|2015-12-29|41.391117|41.715469|41.15686|41.328049|978500|34.912815
WRK|2015-12-30|41.183891|41.512749|41.012703|41.228939|1166600|34.82909
WRK|2015-12-31|40.949635|41.765022|40.904587|41.102802|1079000|34.722538
WRK|2016-01-04|40.373005|41.021713|39.9991|41.012703|1827200|34.646423
WRK|2016-01-05|41.057755|41.179386|40.760429|40.985676|1739100|34.623589
WRK|2016-01-06|40.273899|40.449589|39.643211|39.850437|1529700|33.664581
WRK|2016-01-07|39.030544|40.165779|38.877377|39.454006|2213500|33.329678
WRK|2016-01-08|39.22876|39.345886|37.606991|37.778179|3283900|31.913982
WRK|2016-01-11|37.904316|38.021442|35.507702|35.823048|4134900|30.262346
WRK|2016-01-12|36.057301|36.435715|34.147221|34.552662|3926800|29.189154
WRK|2016-01-13|34.165241|36.057301|34.13821|34.201279|5187200|28.892319
WRK|2016-01-14|34.363457|35.075233|33.714748|34.687809|1965500|29.303328
WRK|2016-01-15|33.831875|34.381477|33.246239|33.381386|2701900|28.199692
WRK|2016-01-19|33.732769|33.858906|32.631767|32.849808|2639100|27.750628
WRK|2016-01-20|32.327236|33.129112|31.101902|32.480404|2974900|27.438566
WRK|2016-01-21|32.642582|33.66069|32.237137|32.804756|1828800|27.71257
WRK|2016-01-22|33.561581|34.399494|33.255249|34.003063|2079000|28.724863
WRK|2016-01-25|30.696459|30.804577|28.407965|28.930534|9308300|24.439734
WRK|2016-01-26|29.191818|29.678349|28.705288|28.903505|3204600|24.416901
WRK|2016-01-27|28.588161|30.372105|28.588161|29.372015|2291200|24.812685
WRK|2016-01-28|29.552212|30.002703|28.498062|28.516083|2737400|24.089617
WRK|2016-01-29|28.705288|31.903774|28.561132|31.786648|5725700|26.852503
WRK|2016-02-01|31.345167|31.768627|30.092802|31.543383|3979500|26.646996
WRK|2016-02-02|30.759527|30.984774|30.020723|30.056763|3362700|25.391142
WRK|2016-02-03|30.588341|30.912695|29.633301|30.011713|4158500|25.353085
WRK|2016-02-04|29.849537|31.128931|29.831516|31.020813|3683700|26.205547
WRK|2016-02-05|30.822598|31.408236|30.002703|30.092802|1556400|25.421587
WRK|2016-02-08|29.912605|30.083792|28.65123|29.002613|2294400|24.500624
WRK|2016-02-09|28.534101|29.666637|28.498062|29.453104|3472600|24.881187
WRK|2016-02-10|28.498062|29.867556|28.191729|28.245789|3432600|24.169003
WRK|2016-02-11|27.768267|28.200739|26.786198|26.975403|3316700|23.081974
WRK|2016-02-12|27.371836|28.011532|27.137581|27.957474|2520900|23.9223
WRK|2016-02-16|28.380936|28.552122|27.65114|28.389946|2611300|24.292351
WRK|2016-02-17|28.777367|29.840527|28.570141|29.471123|2227300|25.217478
WRK|2016-02-18|29.597261|29.876566|28.831427|29.489143|2207700|25.232901
WRK|2016-02-19|28.534101|29.272907|27.534012|28.434994|3909700|24.330894
WRK|2016-02-22|29.705379|29.705379|28.615191|29.14677|1655800|24.939941
WRK|2016-02-23|28.984592|29.444094|28.768358|29.353996|1605600|25.117256
WRK|2016-02-24|28.840437|29.399044|28.525093|29.110731|1846700|24.909103
WRK|2016-02-25|29.335976|29.723398|28.687269|29.209839|1593800|24.993906
WRK|2016-02-26|29.317957|30.717182|29.002613|30.236958|2345800|25.872778
WRK|2016-02-29|29.317957|31.705559|29.317957|30.426165|3126000|26.034678
WRK|2016-03-01|30.795567|31.908279|30.615372|31.894766|2144900|27.291309
WRK|2016-03-02|31.714569|33.318317|31.597441|33.246239|3201000|28.447721
WRK|2016-03-03|33.093071|34.084152|33.093071|33.949005|2716400|29.049061
WRK|2016-03-04|34.156231|34.23732|32.642582|33.120102|3555000|28.339792
WRK|2016-03-07|33.011982|33.507523|32.10199|32.651588|2330100|27.938902
WRK|2016-03-08|32.291199|32.556988|31.228039|31.858727|2660700|27.260473
WRK|2016-03-09|32.12001|32.471394|31.786648|32.074963|2658500|27.445499
WRK|2016-03-10|32.111|32.363277|31.137939|31.570412|1904600|27.013771
WRK|2016-03-11|32.011894|33.327328|31.683035|33.300297|1726100|28.493977
WRK|2016-03-14|32.70565|34.60672|32.70565|34.255337|2748000|29.311172
WRK|2016-03-15|34.174252|34.174252|32.795746|33.354355|1418000|28.540237
WRK|2016-03-16|33.381386|34.462563|32.98045|34.22831|2243800|29.288052
WRK|2016-03-17|34.012074|35.66988|34.012074|35.489685|2891100|30.367367
WRK|2016-03-18|35.588791|35.949184|34.498604|35.525723|8906500|30.398209
WRK|2016-03-21|35.381565|36.622219|35.381565|36.13839|3071700|30.922445
WRK|2016-03-22|35.750969|36.435715|35.606812|36.210468|2411800|30.984121
WRK|2016-03-23|35.913147|36.1474|35.165329|35.318497|1393500|30.22089
WRK|2016-03-24|34.804939|34.904045|34.372467|34.71484|1686000|29.704359
WRK|2016-03-28|34.831966|34.922066|34.282368|34.651772|1239300|29.650393
WRK|2016-03-29|34.318409|35.120281|33.696728|35.102261|1529700|30.035858
WRK|2016-03-30|35.129292|35.426617|33.786827|34.462563|1675600|29.488491
WRK|2016-03-31|34.381477|35.20137|34.309399|35.165329|2544000|30.089827
WRK|2016-04-01|34.940086|35.57077|34.651772|35.318497|2192300|30.22089
WRK|2016-04-04|35.138302|35.489685|34.039104|34.093163|1499800|29.172409
WRK|2016-04-05|33.7598|33.921974|32.606541|32.858814|1668900|28.116217
WRK|2016-04-06|32.786739|33.669701|32.786739|33.65168|1504000|28.794651
WRK|2016-04-07|33.282276|33.741779|33.142624|33.336338|2015800|28.524815
WRK|2016-04-08|32.002884|33.696728|32.002884|33.507523|2084300|28.671293
WRK|2016-04-11|33.867916|34.291378|33.363365|33.543564|1154100|28.702135
WRK|2016-04-12|33.525543|34.282368|33.300297|34.183258|1719200|29.2495
WRK|2016-04-13|34.444546|35.273449|34.318409|35.237408|1501200|30.151506
WRK|2016-04-14|35.318497|35.318497|34.273357|34.516624|1665000|29.534746
WRK|2016-04-15|34.345436|35.120281|34.345436|34.795929|1953800|29.773743
WRK|2016-04-18|34.291378|35.147312|34.291378|35.147312|1531900|30.074409
WRK|2016-04-19|35.363544|36.318588|35.327507|35.850075|1864800|30.675737
WRK|2016-04-20|35.850075|36.102352|35.521217|35.633842|1615600|30.490717
WRK|2016-04-21|35.507702|36.201458|35.453644|35.507702|1827500|30.382782
WRK|2016-04-22|34.994144|36.913235|34.994144|36.706009|3184300|31.408134
WRK|2016-04-25|36.26453|36.489773|35.111271|35.805027|1972100|30.637194
WRK|2016-04-26|35.796017|36.868187|35.796017|36.760067|2399000|31.454388
WRK|2016-04-27|36.696999|37.733128|36.63393|37.507885|2245200|32.094276
WRK|2016-04-28|37.156502|38.129562|36.814129|37.616001|3670300|32.186783
WRK|2016-04-29|39.210739|40.080189|36.859177|37.7061|3154800|32.263882
WRK|2016-05-02|37.661049|37.661049|36.498783|37.22858|2123900|31.85528
WRK|2016-05-03|36.967293|36.967293|35.489685|35.976215|2594600|30.783674
WRK|2016-05-04|35.651859|35.651859|34.543652|35.102261|2567900|30.35224
WRK|2016-05-05|35.20137|36.318588|34.958103|36.210468|2019200|31.310484
WRK|2016-05-06|36.084332|36.967293|35.778|36.850166|1785400|31.863615
WRK|2016-05-09|36.886208|37.561943|36.769077|37.453823|1937400|32.385586
WRK|2016-05-10|37.796196|38.264709|37.305164|38.228668|2529200|33.055592
WRK|2016-05-11|38.300747|38.976486|37.59798|38.544014|2921100|33.328259
WRK|2016-05-12|38.931435|39.282818|38.110641|38.300747|1675100|33.117897
WRK|2016-05-13|38.246689|38.64312|37.67907|38.345798|2390100|33.15686
WRK|2016-05-16|39.330002|41.099998|38.290001|39.630001|3935500|34.267284
WRK|2016-05-17|39.200001|39.209999|37.580002|37.970001|3815300|32.831913
WRK|2016-05-18|38.009998|38.439999|37.102001|37.400002|1927800|32.339054
WRK|2016-05-19|37.439999|37.439999|36.119999|37|1488500|31.993176
WRK|2016-05-20|37.049999|37.919998|37.009998|37.900002|1768100|32.771389
WRK|2016-05-23|37.830002|38.349998|37.77|38.049999|1820600|32.901093
WRK|2016-05-24|38.23|38.849998|38.049999|38.689999|1678400|33.454483
WRK|2016-05-25|39.029999|39.779999|38.689999|39.400002|1438200|34.068409
WRK|2016-05-26|39.639999|39.639999|38.790001|39.32|998500|33.999229
WRK|2016-05-27|39.310001|39.849998|39.099998|39.779999|1002000|34.396988
WRK|2016-05-31|40.080002|40.110001|39.34|39.610001|1516100|34.249985
WRK|2016-06-01|39.610001|39.639999|39.07|39.59|1119200|34.232693
WRK|2016-06-02|39.16|39.900002|39.16|39.869999|1610600|34.474808
WRK|2016-06-03|39.950001|39.959999|39.110001|39.740002|753300|34.362404
WRK|2016-06-06|40.029999|40.32|39.685001|40.240002|1189300|34.794746
WRK|2016-06-07|40.290001|40.560001|39.93|40.16|993400|34.725571
WRK|2016-06-08|40.349998|40.59|39.924999|40.470001|1227800|34.993626
WRK|2016-06-09|40.439999|40.439999|39.720001|40.299999|670600|34.846622
WRK|2016-06-10|39.919998|39.919998|38.634998|39|1300100|33.722534
WRK|2016-06-13|38.619999|39.189999|37.919998|37.970001|1575100|32.831913
WRK|2016-06-14|37.82|37.939999|37.299999|37.84|1146300|32.719513
WRK|2016-06-15|38.139999|39.009998|38.018002|38.369999|1236800|33.177788
WRK|2016-06-16|38.220001|38.990002|37.779999|38.939999|1198000|33.670654
WRK|2016-06-17|38.75|39.98|38.75|39.73|2146900|34.353748
WRK|2016-06-20|40.5|41.169998|39.779999|40.75|2236500|35.235733
WRK|2016-06-21|40.689999|41.23|40.505001|40.900002|1446200|35.365433
WRK|2016-06-22|41.139999|41.139999|40.380001|40.459999|1187500|34.984966
WRK|2016-06-23|41.189999|41.529999|40.91|41.509998|1753000|35.892887
WRK|2016-06-24|39.32|40.029999|38.380001|38.59|3441200|33.368023
WRK|2016-06-27|38.07|38.209999|35.77|35.869999|1898200|31.016092
WRK|2016-06-28|36.34|37.369999|35.91|37.27|1540000|32.226643
WRK|2016-06-29|37.98|38.360001|37.32|37.98|1215400|32.840572
WRK|2016-06-30|38.07|38.880001|37.639999|38.869999|1925000|33.610126
WRK|2016-07-01|38.849998|39.439999|38.68|39.049999|1128500|33.765774
WRK|2016-07-05|38.849998|38.849998|36.395|37.040001|2567300|32.027763
WRK|2016-07-06|36.990002|37.470001|36.330002|37.419998|2601400|32.356339
WRK|2016-07-07|37.610001|38.040001|36.830002|37.16|1474000|32.131527
WRK|2016-07-08|37.75|38.639999|37.709999|38.549999|1575800|33.333427
WRK|2016-07-11|38.610001|39.07|38.450001|38.869999|848700|33.610126
WRK|2016-07-12|39.439999|40.005001|39.259998|39.740002|1254800|34.362404
WRK|2016-07-13|40.02|40.09|39.139999|39.610001|1193700|34.249985
WRK|2016-07-14|40|40.330002|39.389999|40.209999|1799100|34.768795
WRK|2016-07-15|42.16|43.18|41.150002|42.509998|3627200|36.757557
WRK|2016-07-18|42.32|43.355|41.889999|43.25|1945000|37.39743
WRK|2016-07-19|43.099998|43.400002|42.66|42.919998|999200|37.112091
WRK|2016-07-20|43.16|43.84|42.790001|43.580002|1595000|37.682781
WRK|2016-07-21|43.740002|44.139999|43.139999|43.290001|1098300|37.432014
WRK|2016-07-22|43.299999|43.34|42.98|43.130001|827800|37.293663
WRK|2016-07-25|42.82|43.130001|42.470001|42.84|1164200|37.042908
WRK|2016-07-26|42.639999|43.720001|42.639999|43.630001|1043300|37.726013
WRK|2016-07-27|43.860001|43.860001|42.889999|43.240002|1259200|37.388786
WRK|2016-07-28|42.919998|43.32|42.540001|42.77|974600|36.98238
WRK|2016-07-29|42.459999|42.959999|42.16|42.91|2357000|37.103439
WRK|2016-08-01|42.880001|42.93|41.68|41.919998|2006400|36.247402
WRK|2016-08-02|41.580002|41.73|40.650002|41.009998|2183600|35.460545
WRK|2016-08-03|40.68|42.240002|40.630001|41.950001|2221500|36.273346
WRK|2016-08-04|42.43|44.990002|42.43|43.720001|3876000|37.803829
WRK|2016-08-05|44.119999|44.59|43.82|44.080002|1825600|38.11512
WRK|2016-08-08|44.080002|44.290001|43.709999|44.009998|1470300|38.054585
WRK|2016-08-09|44.139999|44.580002|43.740002|43.830002|2063900|37.898945
WRK|2016-08-10|43.84|44.869999|43.23|43.860001|2104900|38.252171
WRK|2016-08-11|44.759998|45.299999|43.889999|45.27|2091100|39.481873
WRK|2016-08-12|45.110001|45.34|44.189999|44.470001|1466400|38.784172
WRK|2016-08-15|44.790001|44.869999|43.950001|44|1437900|38.374264
WRK|2016-08-16|44.389999|45.540001|44.32|44.860001|1335700|39.124306
WRK|2016-08-17|45.040001|45.560001|44.59|45.490002|1326100|39.673748
WRK|2016-08-18|45.509998|45.990002|45.115002|45.57|1720600|39.743519
WRK|2016-08-19|45.220001|45.740002|44.625|45.41|1672100|39.603973
WRK|2016-08-22|44.830002|45.25|43.57|44.349998|2441400|38.679512
WRK|2016-08-23|44.77|45.200001|44.584999|44.68|1486100|38.967323
WRK|2016-08-24|44.669998|44.860001|44.330002|44.470001|1134300|38.784172
WRK|2016-08-25|44.439999|47.330002|44.23|47.07|3930700|41.051739
WRK|2016-08-26|47.34|48.700001|47.220001|48.049999|4419500|41.906441
WRK|2016-08-29|47.970001|48.799999|47.970001|48.59|2031500|42.377388
WRK|2016-08-30|48.59|48.880001|48.18|48.540001|1624900|42.333786
WRK|2016-08-31|48.16|48.439999|47.639999|47.900002|1832500|41.77562
WRK|2016-09-01|48.009998|48.560001|47.720001|48.509998|1754700|42.307625
WRK|2016-09-02|48.900002|48.970001|48.349998|48.549999|1183800|42.342514
WRK|2016-09-06|48.720001|49.139999|48.419998|48.830002|1354100|42.586712
WRK|2016-09-07|48.84|49.18|48.41|49.080002|1242400|42.804741
WRK|2016-09-08|48.959999|49.119999|48.005001|48.189999|2150300|42.028534
WRK|2016-09-09|47.259998|47.609001|46.16|46.490002|2813500|40.545895
WRK|2016-09-12|45.959999|47.48|45.740002|47.290001|2187100|41.243614
WRK|2016-09-13|46.599998|47.490002|46.23|46.560001|2030600|40.606945
WRK|2016-09-14|46.709999|46.759998|45.639999|45.970001|1697300|40.092384
WRK|2016-09-15|46.02|46.93|45.759998|46.529999|3471100|40.58078
WRK|2016-09-16|47.200001|48.93|46.880001|47.720001|3440100|41.618637
WRK|2016-09-19|48.25|48.669998|47.669998|47.669998|1507200|41.57502
WRK|2016-09-20|47.98|48.360001|47.200001|47.240002|1392100|41.200005
WRK|2016-09-21|47.779999|48.369999|47.459999|48.290001|1742400|42.115753
WRK|2016-09-22|48.52|49.130001|47.959999|48.360001|1729400|42.176804
WRK|2016-09-23|48.610001|49.049999|48.110001|48.400002|1282200|42.211689
WRK|2016-09-26|48.099998|48.220001|47.610001|47.689999|1214800|41.592461
WRK|2016-09-27|47.389999|47.889999|47.23|47.599998|1415600|41.513969
WRK|2016-09-28|47.57|48.240002|46.919998|47.740002|1850700|41.636074
WRK|2016-09-29|47.68|48.09|47.080002|47.310001|1139300|41.261059
WRK|2016-09-30|47.830002|48.700001|47.615002|48.48|1932400|42.281456
WRK|2016-10-03|48.470001|49.07|47.959999|48.209999|1154700|42.045979
WRK|2016-10-04|48.610001|48.889999|47.740002|47.869999|941600|41.749451
WRK|2016-10-05|48.330002|48.330002|45.59|46.540001|3339900|40.589497
WRK|2016-10-06|46.34|48|46.34|47.450001|1669400|41.383152
WRK|2016-10-07|47.23|47.52|46.259998|46.5|1951700|40.554619
WRK|2016-10-10|46.700001|47.400002|46.32|46.98|1099200|40.973248
WRK|2016-10-11|46.779999|46.91|45.560001|45.66|1688900|39.822014
WRK|2016-10-12|45.75|46.25|45.650002|46|1116500|40.118546
WRK|2016-10-13|45.459999|45.509998|44.310001|45.049999|1346200|39.290009
WRK|2016-10-14|45.529999|46.990002|45.529999|46.709999|1191400|40.737766
WRK|2016-10-17|46.790001|48.18|46.790001|47.59|1638000|41.50526
WRK|2016-10-18|48.380001|48.380001|47.439999|47.799999|1542800|41.6884
WRK|2016-10-19|48.080002|48.790001|47.75|48.650002|1070200|42.429733
WRK|2016-10-20|48.290001|48.299999|46.549999|46.91|1879300|40.912197
WRK|2016-10-21|46.41|47.040001|45.91|46.439999|1012400|40.502293
WRK|2016-10-24|47|47.93|46.799999|47.209999|2224700|41.173832
WRK|2016-10-25|46.880001|47.189999|46.669998|46.959999|2431800|40.955803
WRK|2016-10-26|46.759998|47.299999|46.43|46.950001|2121000|40.947083
WRK|2016-10-27|47.029999|47.279999|45.490002|46.330002|1153400|40.406357
WRK|2016-10-28|46.599998|47.02|45.93|46.16|864500|40.258095
WRK|2016-10-31|46.139999|46.580002|46.080002|46.189999|1192700|40.284248
WRK|2016-11-01|46.189999|46.669998|44.599998|45.310001|1794600|39.516773
WRK|2016-11-02|44.970001|46.07|44.970001|45.830002|1281500|39.970284
WRK|2016-11-03|46.139999|46.209999|45.52|45.619999|1222000|39.787128
WRK|2016-11-04|45.439999|46.950001|45.41|46.349998|2387800|40.423798
WRK|2016-11-07|48.59|48.59|43.790001|45.27|2786100|39.481873
WRK|2016-11-08|44.970001|46.009998|44.48|45.689999|1668000|39.848179
WRK|2016-11-09|45.619999|48.099998|44.720001|47.689999|2520100|41.592461
WRK|2016-11-10|48.009998|48.970001|48|48.380001|2520500|42.194244
WRK|2016-11-11|48.139999|48.48|47.470001|47.950001|1385600|41.819225
WRK|2016-11-14|48.150002|49.52|48.110001|49.419998|2210800|43.101273
WRK|2016-11-15|49.639999|49.759998|48.970001|49.650002|1901000|43.301868
WRK|2016-11-16|49.98|50.869999|49.759998|50.040001|2285300|43.642002
WRK|2016-11-17|49.919998|50.380001|49.25|49.779999|1654100|43.765083
WRK|2016-11-18|49.639999|51.139999|49.470001|50.27|1836000|44.195877
WRK|2016-11-21|49.779999|50.52|49.27|50.459999|1674200|44.362911
WRK|2016-11-22|50.529999|50.849998|50.41|50.73|1282000|44.6003
WRK|2016-11-23|50.389999|51.23|50.389999|50.860001|972700|44.714592
WRK|2016-11-25|50.77|51.110001|50.41|51.110001|411800|44.934383
WRK|2016-11-28|51.18|51.18|50.470001|50.919998|1734500|44.767338
WRK|2016-11-29|50.919998|51.5|50.66|50.889999|1194200|44.740955
WRK|2016-11-30|51.009998|51.380001|50.720001|51.200001|1675300|45.013504
WRK|2016-12-01|51.610001|51.700001|50.560001|50.919998|2432300|44.767338
WRK|2016-12-02|51.029999|51.119999|50.25|51.009998|2006200|44.846455
WRK|2016-12-05|51.560001|51.59|51.095001|51.52|1087700|45.294846
WRK|2016-12-06|51.360001|51.790001|51.240002|51.77|1029300|45.514629
WRK|2016-12-07|52.060001|53.049999|52.060001|52.790001|1604200|46.411385
WRK|2016-12-08|52.639999|53.560001|52.639999|52.73|1404500|46.358639
WRK|2016-12-09|52.509998|52.799999|51.98|52.450001|1359900|46.112469
WRK|2016-12-12|52.599998|52.66|50.849998|51.07|1963200|44.899212
WRK|2016-12-13|51.119999|51.674999|50.59|51.119999|1477700|44.943169
WRK|2016-12-14|50.91|52.290001|50.900002|51.470001|2276800|45.250881
WRK|2016-12-15|51.529999|53.060001|51.389999|52.360001|4560500|46.033348
WRK|2016-12-16|52.099998|52.790001|52.099998|52.720001|3056400|46.349846
WRK|2016-12-19|52.509998|52.810001|52.009998|52.310001|1344500|45.989388
WRK|2016-12-20|52.68|53.049999|52.23|52.48|1237000|46.13884
WRK|2016-12-21|52.580002|52.845001|52.169998|52.32|1095900|45.998177
WRK|2016-12-22|52.009998|52.347|51.23|51.529999|894700|45.303635
WRK|2016-12-23|51.369999|51.91|51.369999|51.889999|694500|45.620132
WRK|2016-12-27|52.130001|52.41|51.880001|52.27|466500|45.954216
WRK|2016-12-28|52.59|52.59|51.458|51.529999|909000|45.303635
WRK|2016-12-29|51.48|51.799999|51.009998|51.610001|658600|45.373959
WRK|2016-12-30|51.84|51.84|50.529999|50.77|811200|44.635464
WRK|2017-01-03|51.349998|51.77|50.779999|51.220001|1026000|45.031086
WRK|2017-01-04|51.490002|52.174999|51.18|51.990002|1225200|45.708046
WRK|2017-01-05|51.630001|52.66|51.549999|52.23|937100|45.919056
WRK|2017-01-06|52.48|52.869999|51.931999|52.490002|1139200|46.147633
WRK|2017-01-09|52.355|52.939999|51.77|52.200001|987900|45.892673
WRK|2017-01-10|52.130001|52.369999|51.669998|52.080002|1342600|45.787174
WRK|2017-01-11|52.060001|52.689999|51.75|52.43|978700|46.094883
WRK|2017-01-12|52.119999|52.389999|51.110001|52.209999|1317700|45.901466
WRK|2017-01-13|52.48|52.830002|52|52.349998|1377600|46.024551
WRK|2017-01-17|52.080002|52.185001|50.98|51.459999|1128500|45.242085
WRK|2017-01-18|51.57|52.16|51.294998|51.68|1100600|45.435513
WRK|2017-01-19|51.52|51.939999|51.080002|51.279999|589500|45.083839
WRK|2017-01-20|51.610001|52.580002|51.459999|52.209999|1236700|45.901466
WRK|2017-01-23|52.220001|53.209999|52.049999|53.16|1577200|46.736675
WRK|2017-01-24|53.689999|55.220001|53.599998|54.049999|3313800|47.519146
WRK|2017-01-25|54.259998|56.119999|54.259998|55.619999|2724000|48.899429
WRK|2017-01-26|55.439999|55.950001|54.32|54.419998|1904900|47.844429
WRK|2017-01-27|55.529999|55.66|53.759998|53.91|1465000|47.396053
WRK|2017-01-30|53.959999|53.959999|52.75|53.759998|1331500|47.264179
WRK|2017-01-31|53.759998|54.400002|52.810001|53.360001|1343900|46.912514
WRK|2017-02-01|53.470001|54.119999|52.290001|53.209999|1246100|46.780636
WRK|2017-02-02|53.950001|53.950001|52.119999|53.66|2106300|47.176262
WRK|2017-02-03|53.880001|54.849998|53.799999|54.330002|1436900|47.765305
WRK|2017-02-06|53.91|54.349998|53.450001|54.200001|1498400|47.651016
WRK|2017-02-07|54.419998|55.279999|53.779999|53.900002|2154700|47.38726
WRK|2017-02-08|53.560001|55.669998|52.610001|54.02|4015200|47.847855
WRK|2017-02-09|53.990002|53.990002|52.07|52.310001|1968900|46.333229
WRK|2017-02-10|52.59|52.909|52.150002|52.48|1408100|46.483807
WRK|2017-02-13|52.68|53.490002|52.16|52.700001|1873500|46.678673
WRK|2017-02-14|52.869999|53.73|52.709999|53.52|1464100|47.40498
WRK|2017-02-15|53.490002|54.23|53.490002|53.860001|2022200|47.706135
WRK|2017-02-16|53.970001|54.82|53.880001|54.330002|1707300|48.122429
WRK|2017-02-17|54.169998|54.169998|52.509998|52.66|2448500|46.643238
WRK|2017-02-21|52.700001|53.950001|52.540001|53.830002|2297400|47.679558
WRK|2017-02-22|53.540001|53.790001|52.880001|53.189999|1108300|47.112682
WRK|2017-02-23|53.639999|53.990002|52.990002|53.34|1735100|47.245541
WRK|2017-02-24|53.389999|53.740002|52.830002|53.43|1089200|47.325268
WRK|2017-02-27|53.169998|54|53.009998|53.73|895300|47.590981
WRK|2017-02-28|53.779999|53.849998|53.41|53.720001|1620200|47.582127
WRK|2017-03-01|54.23|55.060001|54.029999|54.560001|1339000|48.326157
WRK|2017-03-02|54.349998|54.66|53.98|54.049999|1266900|47.87442
WRK|2017-03-03|54.040001|54.150002|53.419998|54.040001|919200|47.865562
WRK|2017-03-06|53.450001|53.669998|51.720001|52.16|2382200|46.200367
WRK|2017-03-07|51.959999|52.200001|50.790001|50.900002|2122100|45.084324
WRK|2017-03-08|51.299999|51.889999|51.02|51.299999|3310400|45.438625
WRK|2017-03-09|51.200001|51.400002|50.529999|50.93|1793400|45.110909
WRK|2017-03-10|51.240002|51.849998|50.900002|51.240002|1467800|45.385487
WRK|2017-03-13|51.349998|51.799999|51.150002|51.32|1024900|45.456341
WRK|2017-03-14|50.830002|51.16|50.580002|50.869999|944800|45.057755
WRK|2017-03-15|51.240002|52.005001|50.91|51.790001|1035000|45.872639
WRK|2017-03-16|52.060001|52.75|52|52.450001|1520600|46.457237
WRK|2017-03-17|52.490002|52.84|52.27|52.380001|2695400|46.395237
WRK|2017-03-20|52.439999|53.150002|51.91|53.09|1359000|47.024109
WRK|2017-03-21|53.009998|53.400002|51.25|51.48|2006800|45.598057
WRK|2017-03-22|51.529999|52.59|51.310001|52.459999|1229300|46.466091
WRK|2017-03-23|52.400002|53.400002|52.27|52.91|964000|46.864677
WRK|2017-03-24|52.91|53.139999|52.02|52.400002|1274600|46.412949
WRK|2017-03-27|51.82|51.82|50.77|51.599998|1541000|45.704346
WRK|2017-03-28|51.580002|53.084999|51.349998|52.860001|1353200|46.820385
WRK|2017-03-29|52.52|52.740002|52|52.029999|1497100|46.08522
WRK|2017-03-30|51.830002|52.650002|51.68|52.560001|1028100|46.554668
WRK|2017-03-31|52.380001|52.48|51.884998|52.029999|1640200|46.08522
WRK|2017-04-03|51.93|52.360001|50.958|51.23|1611500|45.376629
WRK|2017-04-04|50.939999|51.68|50.799999|51.549999|1316800|45.660069
WRK|2017-04-05|52.049999|52.389999|51.5|51.599998|1231500|45.704346
WRK|2017-04-06|51.639999|52.200001|51.290001|51.869999|906500|45.943501
WRK|2017-04-07|51.709999|51.799999|50.98|51.080002|1342800|45.243767
WRK|2017-04-10|51.139999|51.599998|50.82|51.189999|788400|45.341187
WRK|2017-04-11|50.900002|51.049999|50.360001|50.990002|869300|45.164051
WRK|2017-04-12|50.91|51.07|49.689999|49.830002|1473800|44.136589
WRK|2017-04-13|49.59|49.974998|49.23|49.34|1329600|43.702568
WRK|2017-04-17|49.57|50.205002|49.509998|50.150002|1260900|44.420029
WRK|2017-04-18|49.860001|51.119999|49.860001|50.630001|2179900|44.845177
WRK|2017-04-19|51.830002|53.139999|51.759998|52.900002|3404900|46.85582
WRK|2017-04-20|53.389999|53.66|52.990002|53.080002|1736000|47.015247
WRK|2017-04-21|53.049999|53.48|52.779999|53.02|1619300|46.962109
WRK|2017-04-24|53.709999|54.369999|53.669998|54.02|2196700|47.847855
WRK|2017-04-25|54.279999|54.950001|53.93|54.360001|2015800|48.149002
WRK|2017-04-26|55.48|56.32|53.509998|53.650002|2371700|47.520134
WRK|2017-04-27|53.52|54.400002|53.244999|54.290001|1879400|48.086998
WRK|2017-04-28|54.389999|54.389999|53.369999|53.560001|1754600|47.440411
WRK|2017-05-01|53.700001|54.470001|53.299999|54.110001|1262100|47.92757
WRK|2017-05-02|54.110001|54.360001|53.68|54.189999|1129800|47.998425
WRK|2017-05-03|53.810001|54.110001|53.549999|53.990002|1188300|48.176895
WRK|2017-05-04|54.25|54.52|53.610001|54.110001|1263600|48.283974
WRK|2017-05-05|54.529999|55.130001|54.237|55.02|1123700|49.095997
WRK|2017-05-08|54.849998|55.139999|54.5|54.610001|809200|48.730137
WRK|2017-05-09|54.25|54.801998|53.360001|53.41|1291800|47.659344
WRK|2017-05-10|53.419998|54.119999|53.380001|54.110001|1247300|48.283974
WRK|2017-05-11|54.110001|54.32|53.43|54.279999|905700|48.435669
WRK|2017-05-12|53.919998|54.279999|53.23|53.68|1303900|47.900276
WRK|2017-05-15|54.009998|54.470001|53.830002|54|1240900|48.185818
WRK|2017-05-16|54.169998|54.169998|53.34|53.790001|1117500|47.998425
WRK|2017-05-17|53.790001|53.790001|52.080002|52.139999|1300800|46.526077
WRK|2017-05-18|51.869999|52.130001|51.220001|51.59|2447100|46.035305
WRK|2017-05-19|51.669998|52.369999|51.610001|51.990002|1519900|46.392235
WRK|2017-05-22|52.09|52.580002|51.950001|52.310001|1336600|46.67778
WRK|2017-05-23|52.439999|52.830002|52.189999|52.700001|1020900|47.025791
WRK|2017-05-24|52.810001|54.349998|52.759998|54.310001|1620100|48.462437
WRK|2017-05-25|54.549999|55.400002|54.470001|55.290001|1986100|49.336918
WRK|2017-05-26|55.259998|55.369999|54.965|55.150002|1423800|49.212002
WRK|2017-05-30|54.900002|55.380001|54.764999|55.049999|1198600|49.122761
WRK|2017-05-31|55.099998|55.130001|54.049999|54.419998|1925700|48.560593
WRK|2017-06-01|54.400002|55.400002|54.400002|55.27|1144500|49.319073
WRK|2017-06-02|55.150002|55.220001|54.790001|55.099998|1034900|49.167377
WRK|2017-06-05|55.27|55.27|54.59|54.650002|1221100|48.765831
WRK|2017-06-06|54.18|54.509998|53.970001|54.119999|964000|48.292892
WRK|2017-06-07|54.66|56|54.209999|55.740002|2089800|49.738472
WRK|2017-06-08|55.740002|55.82|55.23|55.459999|1389700|49.488613
WRK|2017-06-09|55.779999|57.799999|55.599998|57.299999|1920300|51.130508
WRK|2017-06-12|57.09|57.860001|56.939999|57.27|2273000|51.103737
WRK|2017-06-13|57.43|57.790001|57.084999|57.48|1100300|51.291126
WRK|2017-06-14|57.200001|57.5|56.349998|56.799999|936000|50.684334
WRK|2017-06-15|56.799999|57.799999|56.369999|57.360001|1347000|51.18404
WRK|2017-06-16|57.060001|57.5|56.84|57.490002|1540700|51.300045
WRK|2017-06-19|58.07|58.619999|57.470001|57.950001|1373000|51.710514
WRK|2017-06-20|57.639999|57.950001|57.18|57.240002|1159700|51.076965
WRK|2017-06-21|57.450001|57.450001|56.639999|56.98|1074000|50.844955
WRK|2017-06-22|57.310001|57.310001|56.360001|56.849998|867800|50.728951
WRK|2017-06-23|56.970001|57.740002|56.970001|57.310001|1575800|51.139431
WRK|2017-06-26|57.25|57.416|56.834999|57.029999|1329700|50.889576
WRK|2017-06-27|57.099998|57.200001|56.630001|56.720001|1187100|50.612953
WRK|2017-06-28|57.259998|57.299999|56.360001|56.689999|1405500|50.586182
WRK|2017-06-29|56.57|56.945|55.720001|56.310001|1306900|50.247101
WRK|2017-06-30|56.689999|56.959999|56.32|56.66|1442500|50.559406
WRK|2017-07-03|57.099998|57.349998|56.689999|57.119999|368900|50.969883
WRK|2017-07-05|57.209999|57.529999|56.985001|57.119999|794200|50.969883
WRK|2017-07-06|56.639999|57.099998|56.369999|56.41|806700|50.336327
WRK|2017-07-07|56.669998|57.5|56.560001|57.310001|1201000|51.139431
WRK|2017-07-10|57.18|58.619999|57.18|58.290001|1408300|52.013916
WRK|2017-07-11|58.049999|58.66|57.709999|57.869999|1178400|51.63913
WRK|2017-07-12|58.380001|59|58.18|58.630001|1232200|52.317299
WRK|2017-07-13|59.169998|60.360001|59.099998|59.689999|1640800|53.263168
WRK|2017-07-14|59.77|60.009998|59.27|59.650002|1890900|53.227486
WRK|2017-07-17|59.450001|59.830002|59.060001|59.73|1252900|53.298866
WRK|2017-07-18|59.73|59.73|58.759998|59.119999|1041700|52.754539
WRK|2017-07-19|59.259998|59.720001|59.16|59.5|804300|53.093636
WRK|2017-07-20|59.360001|59.700001|58.470001|58.91|860400|52.567158
WRK|2017-07-21|58.610001|59.060001|58.439999|58.700001|857300|52.379761
WRK|2017-07-24|58.650002|59.009998|58.43|58.619999|1005200|52.308372
WRK|2017-07-25|58.970001|59.259998|58.560001|58.830002|686800|52.495773
WRK|2017-07-26|59.02|59.029999|58.07|58.150002|698800|51.888985
WRK|2017-07-27|58.369999|58.849998|57.27|58.720001|1381200|52.397614
WRK|2017-07-28|58.610001|58.66|56.66|57.32|1632300|51.14835
WRK|2017-07-31|57.529999|57.639999|56.919998|57.419998|1643700|51.237579
WRK|2017-08-01|57.549999|57.869999|57.130001|57.77|856200|51.5499
WRK|2017-08-02|57.650002|57.799999|56.580002|57.650002|1160100|51.442818
WRK|2017-08-03|58.610001|59.73|56.490002|56.59|1853500|50.496952
WRK|2017-08-04|56.919998|58.18|56.790001|57.330002|2080700|51.157272
WRK|2017-08-07|57.509998|57.650002|56.73|57.16|2016600|51.005577
WRK|2017-08-08|56.82|57.41|56.459999|56.560001|1329800|50.470181
WRK|2017-08-09|56.139999|56.73|55.860001|56.139999|1105000|50.452206
WRK|2017-08-10|55.830002|56.18|55.189999|55.23|1176400|49.634407
WRK|2017-08-11|55.380001|55.759998|54.91|55.610001|889500|49.975903
WRK|2017-08-14|56.330002|56.919998|55.970001|56.540001|1421100|50.81168
WRK|2017-08-15|56.59|56.740002|56.240002|56.310001|692800|50.604988
WRK|2017-08-16|56.860001|57.450001|56.860001|57.299999|1042900|51.494682
WRK|2017-08-17|56.93|57.259998|56.029999|56.07|836700|50.389301
WRK|2017-08-18|55.959999|56.810001|55.549999|56.290001|1033000|50.587009
WRK|2017-08-21|56.18|56.18|54.049999|54.330002|1905100|48.825584
WRK|2017-08-22|54.369999|55.044998|54.205002|54.830002|1340200|49.274925
WRK|2017-08-23|54.759998|54.93|54.259998|54.599998|936500|49.068233
WRK|2017-08-24|54.869999|55.169998|54.470001|54.68|1438800|49.140125
WRK|2017-08-25|54.970001|55.389999|54.779999|55.23|1043500|49.634407
WRK|2017-08-28|55.650002|55.720001|54.709999|55.169998|1553200|49.580482
WRK|2017-08-29|54.740002|55.330002|54.509998|55.259998|821700|49.661366
WRK|2017-08-30|55.09|56.25|54.945|56.139999|998400|50.452206
WRK|2017-08-31|56.540001|57.060001|56.450001|56.91|1323800|51.144196
WRK|2017-09-01|57.209999|58.049999|57.029999|57.93|1421000|52.060856
WRK|2017-09-05|57.990002|57.990002|56.619999|56.84|1821300|51.081287
WRK|2017-09-06|57.110001|57.23|56.130001|56.790001|1644000|51.036358
WRK|2017-09-07|56.860001|57.035|55.880001|56.470001|1539900|50.748783
WRK|2017-09-08|56.490002|56.759998|56.25|56.470001|1314400|50.748783
WRK|2017-09-11|56.950001|58|56.779999|57.75|2301500|51.899086
WRK|2017-09-12|59.02|59.02|57.77|57.970001|1123400|52.096802
WRK|2017-09-13|57.459999|57.93|56.75|57.330002|1127200|51.521641
WRK|2017-09-14|57|57.610001|56.900002|57.419998|1349700|51.602524
WRK|2017-09-15|57.509998|57.889999|56.93|57.560001|1932800|51.72834
WRK|2017-09-18|57.470001|58.23|57.470001|57.740002|1242100|51.890102
WRK|2017-09-19|57.740002|57.860001|57.029999|57.34|1506200|51.530628
WRK|2017-09-20|57.18|58.349998|57.18|58.25|1008000|52.348434
WRK|2017-09-21|58.25|58.349998|57.57|57.610001|1821400|51.773281
WRK|2017-09-22|57.509998|57.650002|55.330002|55.669998|2338800|50.029823
WRK|2017-09-25|55.380001|55.66|54.669998|55.209999|1461400|49.616425
WRK|2017-09-26|55.400002|55.950001|55.23|55.599998|1024800|49.966919
WRK|2017-09-27|55.939999|56.73|55.939999|56.330002|1845000|50.622959
WRK|2017-09-28|56.27|57.119999|56.241001|56.779999|1447500|51.027367
WRK|2017-09-29|56.669998|56.919998|56.380001|56.73|1339500|50.98243
WRK|2017-10-02|56.959999|58.07|56.759998|58.07|1515100|52.186676
WRK|2017-10-03|58.389999|58.415001|57.790001|58.060001|1499900|52.177681
WRK|2017-10-04|58.119999|58.279999|57.849998|58.189999|1179400|52.294502
WRK|2017-10-05|58.490002|58.490002|57.720001|57.889999|1109800|52.024902
WRK|2017-10-06|57.900002|58.720001|57.68|58.169998|2361400|52.276531
WRK|2017-10-09|58.389999|58.540001|57.505001|58.540001|1013400|52.609055
WRK|2017-10-10|58.84|59.02|58.369999|58.970001|1641700|52.995487
WRK|2017-10-11|59.099998|59.099998|58.150002|58.57|1089100|52.636013
WRK|2017-10-12|58.580002|58.990002|58.48|58.709999|976800|52.761833
WRK|2017-10-13|58.93|59.110001|58.57|58.860001|676800|52.896633
WRK|2017-10-16|58.970001|59.18|58.619999|59.130001|897000|53.139275
WRK|2017-10-17|59.080002|59.650002|59.009998|59.599998|1562700|53.561657
WRK|2017-10-18|59.900002|59.900002|59.310001|59.599998|1427800|53.561657
WRK|2017-10-19|59.759998|60.029999|59.16|59.599998|1936500|53.561657
WRK|2017-10-20|59.900002|60.540001|59.735001|60.529999|1214100|54.397438
WRK|2017-10-23|60.799999|61.119999|60.490002|60.759998|2298700|54.60413
WRK|2017-10-24|61.09|61.5|60.43|61.07|2315600|54.882721
WRK|2017-10-25|61.32|61.32|60.369999|60.970001|1736400|54.792862
WRK|2017-10-26|61.389999|61.389999|60.439999|60.470001|1808200|54.343513
WRK|2017-10-27|60.560001|60.860001|58.630001|60.830002|2023900|54.667046
WRK|2017-10-30|60.549999|61.09|60.237999|60.32|1026100|54.208706
WRK|2017-10-31|60.75|61.349998|60.139999|61.330002|1861900|55.116386
WRK|2017-11-01|61.330002|61.599998|60.830002|61.330002|2422500|55.116386
WRK|2017-11-02|61.209999|61.220001|59.209999|59.82|2129600|53.759369
WRK|2017-11-03|59.849998|60.049999|59|59.950001|1617700|53.876198
WRK|2017-11-06|59.990002|60.419998|58.360001|59.27|2238800|53.265091
WRK|2017-11-07|59.450001|59.52|58.540001|58.950001|1187400|52.977516
WRK|2017-11-08|58.900002|59.349998|58.450001|59.34|1146700|53.327999
WRK|2017-11-09|58.740002|59.529999|58.490002|59.029999|1855300|53.43663
WRK|2017-11-10|59.02|59.119999|58.439999|58.66|1185800|53.101685
WRK|2017-11-13|58.509998|58.889999|58.18|58.84|1310600|53.264633
WRK|2017-11-14|58.73|59.220001|58.200001|58.66|1389600|53.101685
WRK|2017-11-15|58.540001|59.18|58.139999|58.759998|1281100|53.192207
WRK|2017-11-16|59.23|59.549999|58.59|59.150002|1577900|53.545261
WRK|2017-11-17|58.93|59.720001|58.529999|59.5|1192500|53.862099
WRK|2017-11-20|59.32|59.32|58.439999|58.450001|1313600|52.911587
WRK|2017-11-21|58.790001|59.150002|58.560001|58.66|1329400|53.101685
WRK|2017-11-22|59.060001|59.060001|58.639999|58.790001|851000|53.219364
WRK|2017-11-24|59.209999|59.380001|58.66|58.860001|350800|53.282742
WRK|2017-11-27|59.110001|59.110001|58.450001|58.689999|1090400|53.128849
WRK|2017-11-28|58.959999|59.360001|58.669998|59.279999|957600|53.662945
WRK|2017-11-29|59.23|60.470001|59.009998|60.259998|953700|54.550079
WRK|2017-11-30|60.52|62.610001|60.415001|62.41|2371400|56.496357
WRK|2017-12-01|62.27|62.540001|60.540001|62.400002|2293900|56.487312
WRK|2017-12-04|62.82|63.630001|62.533001|63.470001|1747800|57.455917
WRK|2017-12-05|63.580002|63.630001|63.009998|63.310001|1675400|57.311085
WRK|2017-12-06|63.23|63.549999|62.950001|63.419998|1335900|57.41066
WRK|2017-12-07|63.5|63.759998|63.175999|63.560001|1279700|57.537395
WRK|2017-12-08|64|64.760002|63.705002|64.419998|1671000|58.315903
WRK|2017-12-11|64.449997|64.739998|63.970001|64.419998|2141700|58.315903
WRK|2017-12-12|64.660004|64.870003|63.799999|63.939999|1525700|57.881382
WRK|2017-12-13|64|64.480003|63.950001|64.300003|1523800|58.207275
WRK|2017-12-14|64.489998|64.620003|62.549999|62.549999|2113700|56.623096
WRK|2017-12-15|63.919998|64.099998|62.639999|63.110001|5030200|57.130032
WRK|2017-12-18|63.5|64.089996|63.5|63.860001|1467400|57.808964
WRK|2017-12-19|63.830002|64.190002|63.150002|63.400002|1410900|57.392555
WRK|2017-12-20|63.549999|63.830002|63.099998|63.73|1144300|57.69128
WRK|2017-12-21|64.089996|64.239998|63.740002|63.84|932900|57.790863
WRK|2017-12-22|63.810001|63.963001|63.16|63.73|868000|57.69128
WRK|2017-12-26|63.84|64.139999|63.150002|63.25|664600|57.256767
WRK|2017-12-27|63.299999|63.490002|62.959999|63.080002|817200|57.102875
WRK|2017-12-28|63.23|63.27|62.740002|63.200001|1191000|57.211498
WRK|2017-12-29|63.299999|63.66|62.849998|63.209999|1142900|57.220558
WRK|2018-01-02|63.650002|64.800003|63.41|64.709999|2236300|58.578419
WRK|2018-01-03|64.959999|66|64.75|65.400002|2139100|59.203049
WRK|2018-01-04|65.68|67.239998|65.5|67.040001|2195200|60.687637
WRK|2018-01-05|67.25|67.82|66.839996|67.309998|1962000|60.932064
WRK|2018-01-08|67.389999|68.290001|67.129997|67.760002|2040100|61.339424
WRK|2018-01-09|67.580002|68.099998|67.260002|67.400002|2250300|61.013535
WRK|2018-01-10|67.519997|67.720001|67.050003|67.410004|1378400|61.022594
WRK|2018-01-11|67.739998|68.260002|67.220001|68.260002|1335200|61.792046
WRK|2018-01-12|68.709999|69.290001|68.110001|69.199997|1580900|62.642971
WRK|2018-01-16|69.410004|69.970001|68.389999|68.690002|1602400|62.181301
WRK|2018-01-17|69.190002|69.5|68.75|69.269997|1461600|62.706345
WRK|2018-01-18|69.139999|69.389999|67.870003|68.029999|2306300|61.583836
WRK|2018-01-19|68.279999|69.300003|68.18|69.160004|1436400|62.60677
WRK|2018-01-22|69.25|69.355003|68.260002|68.779999|1413300|62.262768
WRK|2018-01-23|68.830002|68.830002|68.099998|68.410004|2125900|61.927826
WRK|2018-01-24|68.389999|69.309998|68.389999|68.75|1248600|62.235607
WRK|2018-01-25|68.959999|69.68|68.43|69.089996|1130000|62.5434
WRK|2018-01-26|69.830002|71.550003|69.160004|70.269997|1891400|63.611572
WRK|2018-01-29|70.400002|70.642998|67.93|68.410004|5584300|61.927826
WRK|2018-01-30|67.830002|69.471001|67.830002|68.160004|3750700|61.70153
WRK|2018-01-31|68.440002|68.440002|66.089996|66.629997|3950300|60.31649
WRK|2018-02-01|65.18|66.949997|65.18|66.279999|2062500|59.999657
WRK|2018-02-02|66.010002|67.540001|65.885002|67.239998|2711200|60.868694
WRK|2018-02-05|66.970001|66.970001|63.77|63.959999|3116900|57.899487
WRK|2018-02-06|62.98|64.620003|62.000999|64.550003|3195200|58.433586
WRK|2018-02-07|64.389999|65.940002|64.139999|64.419998|2440700|58.315903
WRK|2018-02-08|64.059998|64.379997|60.889999|60.93|2336100|55.156593
WRK|2018-02-09|61.889999|62.869999|60.165001|62.330002|1997700|56.423943
WRK|2018-02-12|63.220001|63.709999|62.360001|63.27|1777700|57.274876
WRK|2018-02-13|63.07|63.490002|62.77|63.43|1077600|57.419708
WRK|2018-02-14|62.77|64.360001|62.77|64.300003|1542600|58.207275
WRK|2018-02-15|64.760002|64.989998|63.68|64.910004|1858100|59.155067
WRK|2018-02-16|64.599998|66.68|64.510002|66.32|2374500|60.44006
WRK|2018-02-20|66.010002|66.269997|64.919998|65.110001|1551400|59.337334
WRK|2018-02-21|65.029999|66.209999|64.870003|65.129997|1847600|59.355564
WRK|2018-02-22|65.629997|65.849998|64.785004|65.279999|1646600|59.492256
WRK|2018-02-23|65.790001|66.160004|65.300003|66.110001|1321000|60.248669
WRK|2018-02-26|66.669998|67.480003|66.279999|67.330002|1553400|61.360516
WRK|2018-02-27|67.18|67.779999|66.660004|66.660004|1205000|60.749908
WRK|2018-02-28|67.449997|67.470001|65.720001|65.760002|1328000|59.929707
WRK|2018-03-01|65.540001|66.019997|64.360001|64.970001|1373500|59.209747
WRK|2018-03-02|64.57|65.57|63.75|65.400002|1274100|59.601624
WRK|2018-03-05|64.839996|66.18|64.699997|66|1319100|60.148422
WRK|2018-03-06|66.290001|66.75|65.139999|66.400002|1703800|60.512966
WRK|2018-03-07|65.730003|66.540001|65.32|66.199997|1285100|60.330696
WRK|2018-03-08|66.5|66.610001|65.599998|66.050003|1299800|60.194008
WRK|2018-03-09|66.309998|67.07|65.900002|67.07|1134200|61.123554
WRK|2018-03-12|67.32|67.32|66.760002|67.050003|1596400|61.105335
WRK|2018-03-13|67.510002|67.959999|66.959999|67.010002|1351200|61.068886
WRK|2018-03-14|67.220001|67.290001|66.18|66.199997|1743100|60.330696
WRK|2018-03-15|66.150002|67.029999|66.150002|66.510002|1341000|60.613205
WRK|2018-03-16|66.580002|66.68|65.809998|66.370003|3105300|60.485626
WRK|2018-03-19|66.32|66.32|64.449997|64.82|1827900|59.073044
WRK|2018-03-20|65.239998|65.389999|64.157997|64.580002|1228800|58.854328
WRK|2018-03-21|64.540001|65.489998|64.235001|64.839996|1248400|59.091278
WRK|2018-03-22|64.25|64.489998|62.689999|62.740002|1433600|57.177456
WRK|2018-03-23|62.619999|63.134998|60.98|61.040001|1853700|55.628181
WRK|2018-03-26|61.900002|63.900002|61.900002|63.830002|1831800|58.170822
WRK|2018-03-27|63.84|64.709999|63.139999|63.450001|1479000|57.824512
WRK|2018-03-28|63.77|64.139999|62.950001|63.16|1416300|57.560223
WRK|2018-03-29|63.689999|64.739998|63.221001|64.169998|1552800|58.480671
WRK|2018-04-02|64.019997|64.260002|60.93|61.950001|1747900|56.457497
WRK|2018-04-03|62.310001|63.25|61.84|63.169998|1086700|57.569332
WRK|2018-04-04|62.040001|63.919998|62.029999|63.860001|1196400|58.198166
WRK|2018-04-05|64.75|64.779999|63.759998|64.449997|1374200|58.735844
WRK|2018-04-06|63.709999|63.939999|62.279999|62.650002|1780000|57.095444
WRK|2018-04-09|63.02|63.68|62.77|63|1105200|57.414406
WRK|2018-04-10|64.040001|65.010002|64|64.559998|1347600|58.836098
WRK|2018-04-11|63.919998|64.620003|63.68|64.25|739100|58.553581
WRK|2018-04-12|64.769997|65.050003|64.470001|64.839996|823800|59.091278
WRK|2018-04-13|65.440002|65.528|64.730003|65|893700|59.237087
WRK|2018-04-16|65.93|66.019997|65.209999|65.360001|1328000|59.56517
WRK|2018-04-17|65.940002|66.230003|65.410004|66.099998|1064000|60.239559
WRK|2018-04-18|66.150002|66.779999|65.93|66.360001|1072900|60.476513
WRK|2018-04-19|66.699997|67.010002|66.150002|66.610001|735200|60.704346
WRK|2018-04-20|66.879997|66.970001|65.43|66.269997|1355000|60.394482
WRK|2018-04-23|66.419998|66.599998|65.980003|66.370003|1041300|60.485626
WRK|2018-04-24|66.75|66.75|64.129997|64.699997|1539200|58.96368
WRK|2018-04-25|64.540001|65.410004|63.5|65.099998|1437700|59.32822
WRK|2018-04-26|65.089996|65.5|64.209999|64.349998|1849200|58.644718
WRK|2018-04-27|63.5|64.160004|60.18|60.790001|3369900|55.400349
WRK|2018-04-30|60.799999|61.439999|58.959999|59.16|2642200|53.91486
WRK|2018-05-01|59.049999|59.91|58.48|59.82|2553100|54.516346
WRK|2018-05-02|59.470001|59.720001|58.349998|58.560001|2182500|53.368061
WRK|2018-05-03|58|58.82|57.630001|58.419998|1413700|53.6343
WRK|2018-05-04|57.98|59.651001|57.91|59.41|2498300|54.543198
WRK|2018-05-07|59.75|60.400002|59.580002|60|2645400|55.084866
WRK|2018-05-08|59.84|60.25|59.700001|60.110001|2618200|55.18586
WRK|2018-05-09|60.5|60.68|60.029999|60.48|1264700|55.525543
WRK|2018-05-10|60.509998|60.75|60.255001|60.549999|1279200|55.589809
WRK|2018-05-11|60.91|61.560001|60.709999|61.029999|874700|56.030487
WRK|2018-05-14|61.240002|61.57|61.029999|61.209999|1534400|56.195747
WRK|2018-05-15|61.09|61.220001|60.380001|60.860001|1939100|55.874424
WRK|2018-05-16|61.07|62.119999|60.860001|61.889999|1634300|56.820042
WRK|2018-05-17|61.869999|62.799999|61.68|62.279999|1279500|57.178089
WRK|2018-05-18|62.009998|62.439999|62.009998|62.09|1149900|57.003662
WRK|2018-05-21|62.5|62.560001|61.18|61.389999|1845400|56.361004
WRK|2018-05-22|61.389999|61.599998|61.049999|61.360001|1709500|56.333458
WRK|2018-05-23|61.09|61.209999|60.299999|60.77|1391300|55.79179
WRK|2018-05-24|60.560001|60.970001|60|60.66|1452800|55.690804
WRK|2018-05-25|60.439999|60.580002|59.619999|59.959999|1779300|55.048141
WRK|2018-05-29|59.509998|60.080002|58.860001|59.029999|2301700|54.194332
WRK|2018-05-30|59.560001|60.139999|59.43|59.759998|1477400|54.864525
WRK|2018-05-31|59.650002|59.900002|58.57|58.880001|1774700|54.056622
WRK|2018-06-01|59.52|60.400002|59.330002|60.119999|2029200|55.195038
WRK|2018-06-04|60.34|60.950001|60.330002|60.68|1429900|55.709164
WRK|2018-06-05|60.98|61.654999|60.75|60.77|2300900|55.79179
WRK|2018-06-06|60.939999|60.939999|59.470001|60.91|1861700|55.920319
WRK|2018-06-07|60.810001|61.200001|60.41|60.560001|989900|55.598995
WRK|2018-06-08|60.32|60.990002|60.049999|60.959999|1007400|55.966228
WRK|2018-06-11|61.139999|61.77|61.02|61.439999|1281800|56.406906
WRK|2018-06-12|61.68|62.049999|61.139999|61.82|1384200|56.755775
WRK|2018-06-13|61.48|61.650002|59.950001|60.5|1872200|55.543907
WRK|2018-06-14|60.860001|60.860001|60.099998|60.5|1380700|55.543907
WRK|2018-06-15|59.689999|60.125|59.240002|59.810001|2842700|54.910431
WRK|2018-06-18|59.5|59.860001|59.279999|59.400002|1513200|54.534019
WRK|2018-06-19|58.77|58.900002|58.07|58.490002|1676100|53.698566
WRK|2018-06-20|58.720001|58.880001|57.970001|58.459999|1215800|53.671021
WRK|2018-06-21|58.209999|58.360001|57.32|57.439999|1687400|52.734573
WRK|2018-06-22|57.830002|58.377998|57.77|57.970001|2834500|53.221161
WRK|2018-06-25|58.459999|58.849998|57.509998|58.23|1485400|53.459866
WRK|2018-06-26|58.169998|58.490002|57.93|58.27|1302400|53.496593
WRK|2018-06-27|58.43|58.669998|57.5|57.509998|1213600|52.798843
WRK|2018-06-28|57.599998|57.619999|56.57|57.040001|1158000|52.367348
WRK|2018-06-29|57.220001|57.779999|56.98|57.02|1654000|52.348988
WRK|2018-07-02|56.57|57.064999|56.150002|56.93|1337800|52.266357
WRK|2018-07-03|57.290001|57.419998|56.490002|56.59|1045900|51.954216
WRK|2018-07-05|56.900002|56.900002|56.360001|56.709999|1425200|52.064381
WRK|2018-07-06|56.48|57.334999|56.34|56.919998|1286900|52.257175
WRK|2018-07-09|57.419998|57.869999|57.02|57.689999|1562000|52.964104
WRK|2018-07-10|57.68|58.16|57.630001|58.110001|1057800|53.349693
WRK|2018-07-11|57.619999|57.91|57.23|57.299999|1072900|52.606049
WRK|2018-07-12|57.439999|58.509998|57.439999|57.889999|979200|53.147713
WRK|2018-07-13|57.599998|58.189999|57.349998|57.439999|861600|52.734573
WRK|2018-07-16|57.389999|57.473|56.775002|57.040001|907600|52.367348
WRK|2018-07-17|57.139999|57.639999|56.52|57.290001|1239600|52.59687
WRK|2018-07-18|57.16|57.889999|57.16|57.639999|863900|52.918194
WRK|2018-07-19|57.700001|57.93|57.084999|57.790001|815500|53.055908
WRK|2018-07-20|57.529999|57.830002|57.330002|57.5|999900|52.789661
WRK|2018-07-23|57.650002|57.75|57.150002|57.18|1072900|52.49588
WRK|2018-07-24|57.48|57.709999|57.290001|57.459999|1386900|52.752941
WRK|2018-07-25|57.5|57.5|56.560001|57.23|1554700|52.541782
WRK|2018-07-26|57.09|57.259998|56.009998|56.389999|2543100|51.770596
WRK|2018-07-27|56.009998|57.450001|56.009998|56.119999|2592200|51.522717
WRK|2018-07-30|56.130001|57.549999|56.02|57.290001|2543000|52.59687
WRK|2018-07-31|57.450001|58.279999|57.345001|57.98|3149500|53.230347
WRK|2018-08-01|57.98|58.220001|56.779999|57.119999|1312300|52.440792
WRK|2018-08-02|56|56|52.779999|55.41|4968100|50.870876
WRK|2018-08-03|55.529999|56.32|55.299999|55.82|3123000|51.247295
WRK|2018-08-06|55.650002|56.57|55.650002|56.290001|2527400|51.678787
WRK|2018-08-07|56.490002|56.970001|56|56.720001|1866100|52.073563
WRK|2018-08-08|56.959999|57.02|55.799999|56.169998|2149900|51.568615
WRK|2018-08-09|56.07|56.351002|55.450001|55.560001|1199900|51.402088
WRK|2018-08-10|55.200001|55.41|54.580002|55|1469500|50.883991
WRK|2018-08-13|55.080002|55.18|54.41|54.709999|1948000|50.615704
WRK|2018-08-14|55.93|55.93|54.68|55.900002|2821200|51.716648
WRK|2018-08-15|55.290001|55.439999|54.16|54.959999|1555900|50.846985
WRK|2018-08-16|55.150002|55.48|55.029999|55.119999|904300|50.995014
WRK|2018-08-17|55.16|55.5|54.830002|55.32|1143600|51.18005
WRK|2018-08-20|55.709999|55.759998|55.240002|55.599998|1228300|51.439091
WRK|2018-08-21|55.82|55.869999|55.419998|55.5|1914200|51.346581
WRK|2018-08-22|55.310001|55.599998|54.810001|54.84|1562700|50.73597
WRK|2018-08-23|54.619999|54.970001|54.25|54.82|2136700|50.717461
WRK|2018-08-24|55.240002|55.610001|55.07|55.400002|1689700|51.254066
WRK|2018-08-27|55.790001|56.509998|55.57|56.09|860100|51.892426
WRK|2018-08-28|56.029999|56.32|55.659|55.709999|1320700|51.540859
WRK|2018-08-29|55.34|56.099998|55.34|55.939999|1035900|51.753651
WRK|2018-08-30|55.650002|56.009998|55.349998|55.529999|1933600|51.374329
WRK|2018-08-31|55.490002|55.709999|55.060001|55.080002|2570900|50.958012
WRK|2018-09-04|55.25|55.32|53.990002|54.139999|1674300|50.088356
WRK|2018-09-05|54.139999|55.209999|53.965|55.18|3077500|51.050526
WRK|2018-09-06|55.490002|55.759998|54.709999|54.880001|1409900|50.77298
WRK|2018-09-07|54.650002|55.200001|54.650002|54.98|1282600|50.865494
WRK|2018-09-10|54.919998|55.82|54.919998|55.580002|1099500|51.420597
WRK|2018-09-11|55.630001|55.779999|54.831001|55.279999|1201900|51.14304
WRK|2018-09-12|55.040001|55.580002|54.990002|55.09|919400|50.967258
WRK|2018-09-13|55.139999|55.84|55.139999|55.509998|1073200|51.355827
WRK|2018-09-14|55.720001|56.080002|55.27|55.82|1726600|51.642635
WRK|2018-09-17|55.990002|56.630001|55.82|55.950001|1204000|51.762901
WRK|2018-09-18|55.990002|56.310001|55.450001|56.16|1163300|51.957188
WRK|2018-09-19|56.73|56.93|56.34|56.610001|1402500|52.373508
WRK|2018-09-20|56.82|57.23|56.689999|56.84|1272000|52.586292
WRK|2018-09-21|57.130001|57.130001|55.98|56.330002|2397300|52.11446
WRK|2018-09-24|56.389999|56.389999|55.009998|55.450001|1514300|51.300323
WRK|2018-09-25|55.75|55.75|54.049999|54.169998|1482100|50.116112
WRK|2018-09-26|54.049999|54.599998|52.970001|53.689999|1511300|49.672028
WRK|2018-09-27|53.619999|53.889999|53|53.529999|1384400|49.524006
WRK|2018-09-28|53.18|54.099998|53.18|53.439999|1786500|49.440739
WRK|2018-10-01|53.549999|54.310001|53.5|53.599998|1480300|49.588772
WRK|2018-10-02|53.599998|54.32|53.139999|53.369999|1733900|49.37598
WRK|2018-10-03|53.59|53.669998|51.689999|51.799999|2027100|47.92347
WRK|2018-10-04|51.700001|51.900002|50.900002|51.59|2059700|47.729191
WRK|2018-10-05|51.669998|52.09|50.419998|50.560001|2613400|46.776272
WRK|2018-10-08|50.439999|50.75|48.919998|49.130001|2783200|45.453289
WRK|2018-10-09|46.049999|47.099998|44.18|45.25|6042700|41.863651
WRK|2018-10-10|45.110001|45.349998|43.610001|43.630001|3333200|40.364883
WRK|2018-10-11|43.630001|43.970001|41.880001|41.950001|3643900|38.810612
WRK|2018-10-12|42.630001|42.82|41.860001|42.610001|3459200|39.421219
WRK|2018-10-15|42.459999|42.846001|42.349998|42.349998|2053600|39.180676
WRK|2018-10-16|42.349998|43.169998|41.869999|43.110001|2036700|39.883804
WRK|2018-10-17|43.139999|43.200001|42.380001|43.150002|1453700|39.920811
WRK|2018-10-18|42.330002|43.629002|42.330002|42.689999|2934200|39.495228
WRK|2018-10-19|42.619999|43.099998|42.330002|42.48|1663300|39.300945
WRK|2018-10-22|42.43|42.669998|40.200001|40.27|5558300|37.25634
WRK|2018-10-23|40|41.959999|39.209999|41.599998|3808800|38.486805
WRK|2018-10-24|41.349998|42.130001|40.02|40.029999|2974300|37.034302
WRK|2018-10-25|40.52|42.205002|40.52|41.549999|2582600|38.440544
WRK|2018-10-26|40.5|41.950001|40.330002|41.549999|3404400|38.440544
WRK|2018-10-29|42.130001|42.619999|40.09|40.939999|2381700|37.876198
WRK|2018-10-30|41.16|42.98|41.049999|42.84|3565400|39.634003
WRK|2018-10-31|43.41|43.84|42.950001|42.970001|3007400|39.75428
WRK|2018-11-01|43.490002|44.895|43.110001|44.759998|2713400|41.410324
WRK|2018-11-02|45.09|45.355|44.27|44.669998|2620700|41.327053
WRK|2018-11-05|45.5|45.98|44.080002|45.369999|3431700|41.97467
WRK|2018-11-06|45.400002|47.360001|45.400002|46.73|2889300|43.232895
WRK|2018-11-07|47.209999|47.52|46.009998|46.799999|2158800|43.297649
WRK|2018-11-08|46.32|47.060001|45.759998|46.349998|1989200|43.302322
WRK|2018-11-09|46.09|46.240002|45.400002|45.810001|1412200|42.797836
WRK|2018-11-12|45.724998|45.91|44.650002|44.790001|1648800|41.844902
WRK|2018-11-13|45.040001|46.169998|44.77|45.330002|1883700|42.349396
WRK|2018-11-14|45.610001|46.77|45.25|45.560001|2205800|42.564278
WRK|2018-11-15|44.950001|45.720001|44.32|45.43|2625500|42.442822
WRK|2018-11-16|45.130001|46.459999|45.009998|46.150002|2245600|43.115479
WRK|2018-11-19|46.060001|46.779999|45.68|46.07|2319400|43.040741
WRK|2018-11-20|45.669998|46.610001|44.674999|45.73|2125200|42.723099
WRK|2018-11-21|46.43|46.43|44.77|45.549999|2438200|42.554932
WRK|2018-11-23|45.189999|45.490002|44.700001|45.32|901900|42.340057
WRK|2018-11-26|45.799999|46.509998|45.689999|46.43|2090300|43.377068
WRK|2018-11-27|45.889999|46.73|45.889999|46.560001|2149500|43.498524
WRK|2018-11-28|46.75|46.959999|45.34|46.450001|2440400|43.395752
WRK|2018-11-29|46.23|46.860001|46.049999|46.349998|1919600|43.302322
WRK|2018-11-30|46.119999|47.32|46.119999|47.110001|2647600|44.012356
WRK|2018-12-03|47.98|48.549999|46.580002|47.27|2010900|44.161831
WRK|2018-12-04|46.889999|47.18|45.970001|46.509998|3232700|43.451809
WRK|2018-12-06|45.740002|46.290001|44.970001|46.209999|2577900|43.171532
WRK|2018-12-07|46.130001|46.59|45.049999|45.290001|2392400|42.312023
WRK|2018-12-10|44.900002|45.130001|43.540001|44.209999|2301600|41.30304
WRK|2018-12-11|44.950001|45.189999|44.02|44.200001|1831800|41.293697
WRK|2018-12-12|45.049999|45.299999|44.360001|44.41|1929300|41.489887
WRK|2018-12-13|44.470001|44.75|43.75|43.860001|1653200|40.976055
WRK|2018-12-14|43.490002|44.41|43.049999|44.369999|3156300|41.452518
WRK|2018-12-17|43.490002|43.509998|39.924999|40.189999|5093500|37.547371
WRK|2018-12-18|40.380001|41.18|39.830002|40.25|3415300|37.60342
WRK|2018-12-19|40.34|40.959999|39.139999|39.360001|2097500|36.771942
WRK|2018-12-20|39.040001|39.599998|38.040001|38.279999|2796300|35.762959
WRK|2018-12-21|38.299999|38.810001|36.869999|36.939999|5166400|34.511066
WRK|2018-12-24|36.75|36.849998|35.200001|35.240002|1699100|32.922852
WRK|2018-12-26|35.529999|37.310001|35.209999|37.310001|2304800|34.856735
WRK|2018-12-27|36.529999|37.93|36.330002|37.93|2239300|35.435974
WRK|2018-12-28|38.009998|38.279999|37.119999|37.27|2116300|34.81937
WRK|2018-12-31|37.549999|37.950001|37.074001|37.759998|2307100|35.277145
WRK|2019-01-02|37.349998|39.119999|37.23|38.889999|2427400|36.332851
WRK|2019-01-03|38.68|39|37.779999|38.23|2272700|35.716248
WRK|2019-01-04|39.080002|40.07|38.863998|39.880001|2011200|37.257751
WRK|2019-01-07|39.23|40.84|39|39.950001|2543300|37.323151
WRK|2019-01-08|39.849998|40.150002|39.220001|39.84|2605400|37.220383
WRK|2019-01-09|39.689999|39.869999|38.709999|39|3555400|36.435612
WRK|2019-01-10|38.919998|40.639999|38.66|40.290001|5582700|37.640793
WRK|2019-01-11|40.330002|41.099998|40.09|40.950001|3177700|38.257393
WRK|2019-01-14|40.630001|40.75|40.080002|40.200001|2265100|37.556713
WRK|2019-01-15|40.200001|40.389999|39.810001|40.380001|2083600|37.724876
WRK|2019-01-16|40.369999|40.639999|39.869999|40.32|2548300|37.668823
WRK|2019-01-17|40.259998|40.869999|39.880001|40.57|4598300|37.902382
WRK|2019-01-18|40.84|41.970001|40.810001|41.419998|3221900|38.696491
WRK|2019-01-22|41.32|41.84|41.110001|41.259998|3291900|38.547009
WRK|2019-01-23|41.610001|41.826|40.57|41.029999|2034500|38.332138
WRK|2019-01-24|41.189999|41.860001|41.080002|41.830002|1846800|39.079536
WRK|2019-01-25|42.259998|43.005001|42.025002|42.290001|2909600|39.509289
WRK|2019-01-28|41.889999|41.945|41.18|41.68|2330500|38.939396
WRK|2019-01-29|41.869999|42.099998|41.259998|41.450001|2264500|38.724522
WRK|2019-01-30|41.529999|41.855|40.84|41.459999|2301000|38.733856
WRK|2019-01-31|41.25|41.68|39.599998|40.709999|4420400|38.033173
WRK|2019-02-01|40.610001|40.610001|38.66|38.700001|3897200|36.155342
WRK|2019-02-04|38.830002|38.880001|37.75|38|2889800|35.501366
WRK|2019-02-05|38.110001|38.41|37.535|38.259998|4030300|35.74427
WRK|2019-02-06|38.27|39.021|38.200001|38.639999|3645000|36.099293
WRK|2019-02-07|38.27|38.57|37.459999|37.900002|3305300|35.407944
WRK|2019-02-08|37.959999|38.150002|37.305|37.810001|2557700|35.323864
WRK|2019-02-11|38.009998|38.07|37.040001|37.669998|2705800|35.193066
WRK|2019-02-12|38.029999|38.75|37.860001|38.709999|2590700|36.16468
WRK|2019-02-13|39.080002|39.400002|38.880001|39.139999|2578300|36.56641
WRK|2019-02-14|38.68|38.709999|38.290001|38.380001|1981800|36.278111
WRK|2019-02-15|38.560001|39.209999|38.5|39.049999|2351600|36.911423
WRK|2019-02-19|39|39.540001|38.700001|39.259998|2265600|37.109917
WRK|2019-02-20|39.34|40.490002|39.255001|40.32|3156600|38.11187
WRK|2019-02-21|40.130001|40.139999|39.035|39.259998|2486100|37.109917
WRK|2019-02-22|39.52|39.805|38.779999|39.27|2036300|37.11937
WRK|2019-02-25|39.389999|40.02|39.34|39.669998|2510000|37.497467
WRK|2019-02-26|39.639999|39.990002|39.23|39.23|2317800|37.081562
WRK|2019-02-27|39.18|39.18|38.580002|38.599998|2143100|36.486061
WRK|2019-02-28|38.470001|38.549999|37.369999|37.380001|4497500|35.332882
WRK|2019-03-01|37.700001|38.18|37.360001|37.549999|2616400|35.493568
WRK|2019-03-04|37.790001|38.395|37.200001|38.310001|2539800|36.211948
WRK|2019-03-05|38.400002|38.740002|38.209999|38.529999|2246300|36.419899
WRK|2019-03-06|38.610001|38.709999|37.860001|37.889999|2267900|35.814945
WRK|2019-03-07|37.73|37.73|36.959999|37.41|2125500|35.361237
WRK|2019-03-08|36.959999|37.740002|36.665001|37.700001|2272900|35.635353
WRK|2019-03-11|37.93|38.98|37.875|38.790001|3081600|36.665661
WRK|2019-03-12|38.900002|39.700001|38.880001|39.549999|3056900|37.384041
WRK|2019-03-13|39.799999|40.080002|39.549999|39.580002|2846400|37.412395
WRK|2019-03-14|39.400002|39.619999|38.98|39.16|2695600|37.015392
WRK|2019-03-15|39.07|39.110001|37.41|37.549999|8647300|35.493568
WRK|2019-03-18|37.650002|38.380001|37.57|38.279999|3576700|36.18359
WRK|2019-03-19|38.619999|39.439999|38.294998|38.459999|2587700|36.353733
WRK|2019-03-20|38.290001|38.43|37.330002|37.650002|2278200|35.588089
WRK|2019-03-21|37.369999|38.16|37.230999|38.099998|2804100|36.013447
WRK|2019-03-22|37.869999|37.869999|36.540001|36.75|2666000|34.737377
WRK|2019-03-25|36.610001|36.900002|35.959999|36.610001|2576400|34.605049
WRK|2019-03-26|36.700001|37.68|36.700001|37.66|2121200|35.597542
WRK|2019-03-27|37.720001|38.330002|37.540001|37.560001|3282900|35.503025
WRK|2019-03-28|37.560001|38.040001|37.470001|37.98|2503600|35.900021
WRK|2019-03-29|38.23|38.57|37.669998|38.349998|2074900|36.24976
WRK|2019-04-01|38.52|39.84|38.52|39.77|2569700|37.591991
WRK|2019-04-02|39.77|39.919998|38.939999|38.950001|1942900|36.816902
WRK|2019-04-03|39.32|40.077999|39.150002|39.82|2377300|37.639252
WRK|2019-04-04|39.689999|39.73|38.59|39.18|2361200|37.034302
WRK|2019-04-05|39.200001|40.09|39.07|39.889999|2311900|37.705418
WRK|2019-04-08|39.93|40.099998|39.040001|39.560001|1694200|37.39349
WRK|2019-04-09|39.27|39.439999|38.787998|38.919998|2159600|36.78854
WRK|2019-04-10|38.93|39.189999|38.5|38.990002|1633000|36.854706
WRK|2019-04-11|39|39.752998|38.869999|39|1707600|36.864159
WRK|2019-04-12|39.389999|39.93|39.34|39.540001|1752800|37.374588
WRK|2019-04-15|39.459999|39.695|38.700001|38.73|2639000|36.608944
WRK|2019-04-16|37.220001|37.220001|35.209999|36.880001|7141100|34.86026
WRK|2019-04-17|36.630001|36.849998|35.375|35.5|3421100|33.555836
WRK|2019-04-18|35.57|35.831001|35.240002|35.490002|2497800|33.546383
WRK|2019-04-22|36.470001|36.785|35.59|35.799999|2465700|33.839405
WRK|2019-04-23|35.810001|36.68|35.400002|36.5|3181400|34.501068
WRK|2019-04-24|36.549999|36.91|36.349998|36.830002|2288100|34.813
WRK|2019-04-25|37.029999|37.424999|36.285|36.610001|2435100|34.605049
WRK|2019-04-26|36.73|37.220001|36.52|37.110001|1798700|35.077667
WRK|2019-04-29|37.060001|37.290001|36.650002|37.049999|3588900|35.020947
WRK|2019-04-30|37.040001|38.509998|36.235001|38.380001|5137400|36.278111
WRK|2019-05-01|38.540001|39|37.695|37.990002|2192100|35.909477
WRK|2019-05-02|37.779999|38.779999|37.549999|38.52|1924500|36.410446
WRK|2019-05-03|38.849998|39.494999|38.849998|39.290001|2089800|37.138275
WRK|2019-05-06|38.650002|38.759998|37.82|38.389999|1724200|36.287563
WRK|2019-05-07|37.98|38.450001|37.705002|38.299999|1869600|36.202492
WRK|2019-05-08|38.09|38.639999|37.900002|38.119999|1857300|36.032349
WRK|2019-05-09|37.259998|37.34|36.549999|37.150002|2183600|35.53968
WRK|2019-05-10|37.02|37.490002|36.52|37.23|1451000|35.616207
WRK|2019-05-13|36.5|36.549999|35.814999|36.119999|1739100|34.554325
WRK|2019-05-14|36.279999|37.599998|36.174999|37.189999|2595500|35.577942
WRK|2019-05-15|37.259998|37.830002|36.880001|37.439999|2188400|35.817104
WRK|2019-05-16|37.57|38.139999|37.384998|37.419998|1565200|35.79797
WRK|2019-05-17|37.049999|37.41|36.450001|36.66|1381800|35.070915
WRK|2019-05-20|35.799999|36.130001|35.075001|35.150002|2530800|33.626369
WRK|2019-05-21|35.25|36.139999|35.25|35.939999|1780200|34.382126
WRK|2019-05-22|36.02|36.779999|35.209999|35.220001|2003300|33.69334
WRK|2019-05-23|35|35.049999|34.485001|34.68|1973500|33.176743
WRK|2019-05-24|34.970001|35.200001|34.57|34.84|1260900|33.329807
WRK|2019-05-28|34.68|34.849998|34.02|34.02|1957400|32.545353
WRK|2019-05-29|33.759998|34.139999|33.43|33.630001|2088000|32.172256
WRK|2019-05-30|33.650002|33.889999|32.959999|33.16|1530900|31.722628
WRK|2019-05-31|32.529999|32.880001|32.009998|32.599998|2128300|31.186903
WRK|2019-06-03|32.52|33.400002|32.310001|33.240002|3078400|31.799164
WRK|2019-06-04|33.639999|35.615002|33.490002|35.599998|2857600|34.056858
WRK|2019-06-05|36.150002|36.150002|34.869999|35.880001|2788200|34.324726
WRK|2019-06-06|35.75|36.98|35.689999|36.650002|3263100|35.061348
WRK|2019-06-07|36.5|36.994999|36.060001|36.419998|1739500|34.84132
WRK|2019-06-10|36.68|37.09|36.255001|36.43|3021100|34.850891
WRK|2019-06-11|36.889999|37.25|36.43|36.509998|1470000|34.927414
WRK|2019-06-12|36.400002|36.742001|36.150002|36.299999|1048500|34.726524
WRK|2019-06-13|36.599998|37.18|36.580002|37.16|1200000|35.54924
WRK|2019-06-14|37.18|37.18|36|36.049999|1651400|34.487354
WRK|2019-06-17|36.060001|36.27|35.290001|35.360001|2062600|33.827263
WRK|2019-06-18|35.619999|36.610001|35.59|35.98|1499900|34.420391
WRK|2019-06-19|36.220001|36.470001|35.790001|35.849998|1669800|34.296024
WRK|2019-06-20|36.349998|36.599998|35.580002|36.5|2030300|34.917847
WRK|2019-06-21|36.419998|36.779999|36.330002|36.720001|3233800|35.128319
WRK|2019-06-24|36.380001|36.380001|35.110001|35.18|2281700|33.655067
WRK|2019-06-25|35.169998|35.459999|34.549999|34.650002|2078500|33.148041
WRK|2019-06-26|35|35.18|34.630001|34.740002|1853200|33.234146
WRK|2019-06-27|35.130001|35.810001|35.060001|35.75|2097100|34.200359
WRK|2019-06-28|35.77|36.645|35.77|36.470001|2758600|34.889156
WRK|2019-07-01|37.349998|37.810001|36.669998|37.450001|2905200|35.826675
WRK|2019-07-02|37.5|37.59|36.75|37.23|1951500|35.616207
WRK|2019-07-03|37.150002|38.16|37.139999|38.119999|1025400|36.467625
WRK|2019-07-05|37.57|38.134998|37.400002|38.07|1600800|36.419792
WRK|2019-07-08|37.75|38.639999|37.639999|37.779999|1684000|36.142365
WRK|2019-07-09|37.5|37.740002|37.235001|37.419998|1625000|35.79797
WRK|2019-07-10|37.810001|38.189999|37.330002|37.400002|1346400|35.778839
WRK|2019-07-11|37.349998|37.349998|36.029999|36.189999|2902300|34.621288
WRK|2019-07-12|36.240002|36.990002|36.029999|36.950001|1507000|35.348347
WRK|2019-07-15|35.91|36.119999|35.34|35.849998|2605300|34.296024
WRK|2019-07-16|35.639999|36.630001|35.639999|35.810001|1971300|34.257763
WRK|2019-07-17|35.77|35.779999|35.049999|35.34|2467100|33.808136
WRK|2019-07-18|35.240002|35.294998|34.865002|35.240002|2519300|33.712467
WRK|2019-07-19|35.439999|36.415001|34.990002|36.23|2279900|34.659554
WRK|2019-07-22|36.25|36.334999|35.259998|35.689999|1791800|34.142963
WRK|2019-07-23|36.080002|37.169998|35.869999|36.77|2374900|35.176151
WRK|2019-07-24|36.549999|37.07|36.395|36.790001|2612700|35.195286
WRK|2019-07-25|36.669998|37.41|36.630001|37.110001|1841800|35.501411
WRK|2019-07-26|37.110001|37.25|36.43|36.639999|1801900|35.051785
WRK|2019-07-29|36.5|36.860001|36.188999|36.75|1243100|35.157013
WRK|2019-07-30|36.529999|37.220001|36.139999|37.150002|1483200|35.53968
WRK|2019-07-31|37.040001|37.150002|35.810001|36.049999|2751700|34.487354
WRK|2019-08-01|36.32|38.52|36.32|37.259998|3960200|35.644909
WRK|2019-08-02|36.91|37.450001|36.18|36.849998|1733200|35.252682
WRK|2019-08-05|36.130001|36.200001|34.700001|35.169998|2969100|33.645504
WRK|2019-08-06|35.450001|35.599998|34.540001|34.82|1982500|33.310669
WRK|2019-08-07|34.34|34.790001|33.990002|34.790001|2115600|33.281975
WRK|2019-08-08|34.599998|34.98|34.470001|34.82|2271700|33.752094
WRK|2019-08-09|34.68|34.68|34.049999|34.32|1711200|33.267437
WRK|2019-08-12|34.040001|34.110001|33.189999|33.220001|1951400|32.201172
WRK|2019-08-13|33.25|35.014999|32.889999|34.650002|1932600|33.587311
WRK|2019-08-14|33.939999|34.514999|33.209999|33.240002|3739000|32.220558
WRK|2019-08-15|33.25|33.580002|32.375999|32.599998|3618700|31.600185
WRK|2019-08-16|32.700001|33.849998|32.630001|33.349998|2921000|32.327183
WRK|2019-08-19|33.970001|34.349998|33.77|33.98|1806300|32.937859
WRK|2019-08-20|33.689999|34.060001|33.165001|33.25|1610800|32.230244
WRK|2019-08-21|33.66|33.77|33.360001|33.57|1218900|32.540432
WRK|2019-08-22|33.73|33.91|33.400002|33.630001|1457500|32.598595
WRK|2019-08-23|33.389999|33.490002|32.200001|32.34|2845600|31.348158
WRK|2019-08-26|32.799999|33.18|32.439999|32.880001|1824900|31.871599
WRK|2019-08-27|33.119999|33.41|32.189999|32.310001|1676500|31.319078
WRK|2019-08-28|32.099998|33.544998|31.940001|33.48|2480100|32.453197
WRK|2019-08-29|33.779999|34.509998|33.779999|34.110001|1630100|33.063873
WRK|2019-08-30|34.48|34.869999|34.150002|34.18|1863600|33.131725
WRK|2019-09-03|33.779999|33.849998|32.889999|33.009998|2073900|31.997606
WRK|2019-09-04|33.5|34.130001|33.23|33.990002|1723200|32.947556
WRK|2019-09-05|34.560001|35.099998|34.459999|34.93|2385600|33.858727
WRK|2019-09-06|35|35.459999|34.75|35.119999|1899400|34.042892
WRK|2019-09-09|35.75|36.41|35.400002|35.950001|2092800|34.847446
WRK|2019-09-10|36.060001|37.98|36.060001|37.860001|3171300|36.698868
WRK|2019-09-11|37.869999|39.110001|37.459999|39.080002|3483400|37.881447
WRK|2019-09-12|38.939999|39|38.009998|38.439999|2431800|37.261074
WRK|2019-09-13|38.849998|39.685001|38.619999|39.09|2930200|37.89114
WRK|2019-09-16|38.68|38.950001|37.709999|37.919998|3024900|36.757023
WRK|2019-09-17|37.639999|37.639999|36.779999|37.240002|2402300|36.097881
WRK|2019-09-18|37.029999|37.395|36.669998|36.799999|2448200|35.671371
WRK|2019-09-19|36.880001|37.040001|35.84|35.889999|2611100|34.789284
WRK|2019-09-20|36.009998|36.41|35.575001|35.91|4488500|34.808666
WRK|2019-09-23|35.619999|36.299999|35.400002|36.16|2365100|35.051003
WRK|2019-09-24|36.509998|36.509998|35.709999|35.889999|2175000|34.789284
WRK|2019-09-25|35.970001|36.48|35.610001|36.400002|1725200|35.283642
WRK|2019-09-26|36.48|36.599998|35.93|36.330002|1597900|35.21579
WRK|2019-09-27|36.599998|36.740002|36.200001|36.48|1308800|35.361191
WRK|2019-09-30|36.529999|36.790001|36.231998|36.450001|2189300|35.332108
WRK|2019-10-01|36.75|36.860001|34.77|34.860001|2370100|33.790874
WRK|2019-10-02|34.490002|34.5|33.5|33.93|2563200|32.889393
WRK|2019-10-03|33.759998|33.790001|32.84|33.470001|2251500|32.443504
WRK|2019-10-04|33.580002|34.139999|33.264999|34.07|2605800|33.025101
WRK|2019-10-07|33.970001|34.450001|33.830002|34.009998|2486200|32.966942
WRK|2019-10-08|33.450001|34|33.450001|33.57|2873900|32.540432
WRK|2019-10-09|33.93|34.115002|33.689999|34|2666100|32.957249
WRK|2019-10-10|34.279999|35.560001|34.209999|35.41|3573700|34.324005
WRK|2019-10-11|35.970001|36.860001|35.834999|36.57|3197700|35.448425
WRK|2019-10-14|36.279999|36.459999|36|36.029999|1558800|34.924984
WRK|2019-10-15|36.290001|36.599998|35.98|36.25|1458700|35.138245
WRK|2019-10-16|36.32|37.220001|36.200001|36.310001|2409500|35.196407
WRK|2019-10-17|36.34|36.52|35.689999|36.200001|1613500|35.089771
WRK|2019-10-18|36.259998|36.849998|36.02|36.700001|1817400|35.57444
WRK|2019-10-21|36.990002|37.542999|36.939999|37.119999|1367100|35.981556
WRK|2019-10-22|37.029999|37.98|36.709999|37.650002|1532200|36.495304
WRK|2019-10-23|37.700001|38.355|37.490002|38.25|2061600|37.0769
WRK|2019-10-24|38.279999|38.459999|37.029999|37.599998|1795800|36.446835
WRK|2019-10-25|37.580002|38.439999|37.450001|38.009998|1150300|36.844261
WRK|2019-10-28|38.16|38.5|38.029999|38.439999|1064600|37.261074
WRK|2019-10-29|38.029999|38.195999|37.41|37.970001|1067500|36.805492
WRK|2019-10-30|37.900002|37.98|37.144001|37.66|1314000|36.504997
WRK|2019-10-31|37.700001|38.07|36.810001|37.369999|1985600|36.223892
WRK|2019-11-01|37.75|38.830002|37.509998|38.799999|1948400|37.610035
WRK|2019-11-04|38.900002|39.264999|38.720001|39.169998|1778500|37.968685
WRK|2019-11-05|39.25|40|39.049999|39.619999|2229600|38.404881
WRK|2019-11-06|39.419998|39.77|38.779999|39.240002|2553100|38.036545
WRK|2019-11-07|39.720001|39.98|37.759998|39.040001|4026500|37.842674
WRK|2019-11-08|38.77|39.779999|38.290001|39.75|2016900|38.530895
WRK|2019-11-11|39.59|39.720001|39.099998|39.389999|1539800|38.181938
WRK|2019-11-12|39.450001|41.042999|39.32|40.639999|4574300|39.3936
WRK|2019-11-13|40.57|40.779999|40.110001|40.369999|3161700|39.131882
WRK|2019-11-14|40.380001|41.080002|40.25|40.5|2543800|39.2579
WRK|2019-11-15|40.75|40.847|39.880001|39.959999|4356800|38.734459
WRK|2019-11-18|40.34|40.360001|39.644001|40.02|4783800|39.249348
WRK|2019-11-19|40.099998|40.236|39.849998|39.939999|2942400|39.170887
WRK|2019-11-20|39.709999|39.759998|38.5|38.740002|3488200|37.993999
WRK|2019-11-21|38.98|39.099998|38.244999|38.32|1818400|37.582085
WRK|2019-11-22|38.419998|38.959999|38.290001|38.810001|5024800|38.062653
WRK|2019-11-25|39.099998|39.790001|38.990002|39.740002|3602100|38.974743
WRK|2019-11-26|39.650002|40.584999|39.419998|40.490002|2824400|39.7103
WRK|2019-11-27|40.599998|40.882999|40.369999|40.66|3457200|39.877026
WRK|2019-11-29|40.59|40.605|40.235001|40.330002|1648800|39.553383
WRK|2019-12-02|40.59|41|40.349998|40.400002|2445300|39.622032
WRK|2019-12-03|39.709999|39.91|39.16|39.5|2610800|38.739361
WRK|2019-12-04|39.66|40.349998|39.349998|39.380001|2527100|38.621674
WRK|2019-12-05|39.580002|40.09|39.48|39.98|1479500|39.210117
WRK|2019-12-06|40.490002|41.310001|40.279999|41.23|2570200|40.436047
WRK|2019-12-09|41.330002|41.400002|40.799999|40.889999|1735700|40.102592
WRK|2019-12-10|40.68|40.860001|39.941002|40.07|1383200|39.298382
WRK|2019-12-11|40.099998|40.490002|39.889999|40.41|1714900|39.631836
WRK|2019-12-12|40.439999|41.360001|40.191002|41.240002|1807600|40.445858
WRK|2019-12-13|41.18|41.389999|40.57|40.889999|2055500|40.102592
WRK|2019-12-16|41.32|41.48|40.869999|40.900002|2373800|40.112404
WRK|2019-12-17|40.84|42.060001|40.830002|42.009998|2061200|41.201027
WRK|2019-12-18|41.869999|42.27|41.59|42.139999|1977400|41.328522
WRK|2019-12-19|42.5|42.75|42.029999|42.240002|2043500|41.426598
WRK|2019-12-20|42.59|42.860001|42.369999|42.48|4484200|41.661976
WRK|2019-12-23|42.599998|43.290001|42.571999|43.18|2445600|42.348495
WRK|2019-12-24|43.200001|43.360001|42.514999|42.759998|970400|41.936584
WRK|2019-12-26|42.759998|42.990002|42.555|42.970001|794600|42.142544
WRK|2019-12-27|43.09|43.139999|42.52|42.639999|1165000|41.818897
WRK|2019-12-30|42.630001|42.790001|42.395|42.599998|728300|41.779663
WRK|2019-12-31|42.5|42.970001|42.48|42.91|1158400|42.083694
WRK|2020-01-02|44.279999|44.389999|42.950001|43.450001|4633600|42.6133
WRK|2020-01-03|42.810001|43.220001|42.66|42.68|3544100|41.858128
WRK|2020-01-06|42.830002|42.900002|41.849998|42.029999|3879300|41.220642
WRK|2020-01-07|41.77|41.919998|41.380001|41.560001|4693800|40.759693
WRK|2020-01-08|41.720001|42.080002|41.369999|41.740002|3156400|40.93623
WRK|2020-01-09|41.880001|42.580002|41.82|42.57|2742100|41.75024
WRK|2020-01-10|42.529999|42.740002|42.09|42.16|1819900|41.348137
WRK|2020-01-13|42.290001|42.82|42.080002|42.529999|1480500|41.711014
WRK|2020-01-14|42.41|42.959999|42.32|42.560001|2742200|41.740437
WRK|2020-01-15|42.470001|42.900002|42.365002|42.650002|1732500|41.828705
WRK|2020-01-16|42.880001|43.450001|42.779999|43.439999|3353800|42.603489
WRK|2020-01-17|43.68|43.880001|43.25|43.68|2125000|42.838867
WRK|2020-01-21|42.459999|42.75|41.029999|41.599998|3555800|40.798923
WRK|2020-01-22|41.75|42.240002|41.549999|41.66|2452600|40.857765
WRK|2020-01-23|41.459999|42.299999|40.77|42.049999|2601200|41.240257
WRK|2020-01-24|41.880001|41.900002|40.599998|40.939999|1393700|40.15163
WRK|2020-01-27|40|40.439999|39.509998|40.07|1632000|39.298382
WRK|2020-01-28|40.41|40.790001|40.049999|40.5|1526800|39.720104
WRK|2020-01-29|40.810001|40.950001|40.369999|40.610001|1695700|39.827988
WRK|2020-01-30|40.400002|40.705002|38.549999|40.02|3556800|39.249348
WRK|2020-01-31|39.57|39.73|38.59|39|2797600|38.248989
WRK|2020-02-03|39.259998|39.715|38.880001|39.470001|2805200|38.709938
WRK|2020-02-04|40.189999|40.259998|39.450001|39.700001|2271600|38.935513
WRK|2020-02-05|40.139999|41.830002|40.105|41.740002|3107900|40.93623
WRK|2020-02-06|41.84|41.869999|41.240002|41.669998|2874000|40.867573
WRK|2020-02-07|41.310001|41.560001|41.110001|41.220001|2678200|40.426243
WRK|2020-02-10|40.93|41.310001|40.700001|40.950001|1102600|40.161442
WRK|2020-02-11|41.139999|42.110001|41.09|41.98|1639900|41.171604
WRK|2020-02-12|42.279999|42.77|41.700001|41.939999|2102700|41.132374
WRK|2020-02-13|41.279999|41.32|40.490002|40.75|2035400|40.413364
WRK|2020-02-14|40.759998|41.060001|40.490002|40.529999|1268400|40.195179
WRK|2020-02-18|40.209999|40.939999|40.009998|40.919998|3041300|40.581959
WRK|2020-02-19|41.080002|41.279999|40.400002|40.470001|1261100|40.135677
WRK|2020-02-20|40.23|41.119999|40.110001|40.549999|1988600|40.215015
WRK|2020-02-21|40.5|40.919998|39.880001|40.849998|2136400|40.512535
WRK|2020-02-24|39.080002|39.23|37.48|37.57|2997000|37.259632
WRK|2020-02-25|37.610001|37.759998|34.778999|34.950001|2963700|34.661278
WRK|2020-02-26|35.34|35.889999|34.849998|34.860001|3857500|34.572021
WRK|2020-02-27|33.779999|34.669998|32.669998|32.720001|5573400|32.449699
WRK|2020-02-28|31.700001|33.419998|31.34|33.25|5370500|32.975323
WRK|2020-03-02|33.470001|34.220001|32.150002|34.189999|3966100|33.907555
WRK|2020-03-03|33.900002|34.849998|32.16|32.580002|3677200|32.310856
WRK|2020-03-04|33.509998|33.605|32.5|33.59|2884000|33.312511
WRK|2020-03-05|32.5|32.647999|31.049999|31.26|3364000|31.00176
WRK|2020-03-06|30.190001|30.865999|29.33|30.08|3559100|29.831509
WRK|2020-03-09|27.639999|27.792|26.32|26.610001|5020400|26.390175
WRK|2020-03-10|28.389999|29.02|26.51|28.959999|3694400|28.72076
WRK|2020-03-11|27.690001|27.91|25.700001|26.23|4094500|26.013313
WRK|2020-03-12|24.4|24.41|21.860001|22.08|5813000|21.897596
WRK|2020-03-13|23.99|25.9|22.610001|25.870001|5029700|25.656288
WRK|2020-03-16|21.790001|24.49|21.5|22.51|4393400|22.324045
WRK|2020-03-17|23.01|26.24|22.5|26.1|5366100|25.884388
WRK|2020-03-18|23.73|26.35|22.504999|23.450001|3956100|23.256279
WRK|2020-03-19|23.23|26.15|22.443001|25.16|3817700|24.952152
WRK|2020-03-20|26.27|26.32|24.450001|25.52|4763300|25.309179
WRK|2020-03-23|25|26.809999|24.51|24.809999|5216800|24.605043
WRK|2020-03-24|26.9|27.76|25.09|26.24|3398700|26.02323
WRK|2020-03-25|26.440001|28.245001|25.209999|26.35|3983200|26.132322
WRK|2020-03-26|26.450001|28.690001|26.32|28.389999|3203900|28.155468
WRK|2020-03-27|27.280001|28.77|26.870001|27.889999|2620500|27.659599
WRK|2020-03-30|28|29.129999|27.780001|29|1993200|28.760429
WRK|2020-03-31|28.73|29.33|28|28.26|3346500|28.026545
WRK|2020-04-01|26.969999|28.120001|26.51|26.709999|2848700|26.489347
WRK|2020-04-02|26.360001|27.68|26.17|26.790001|3782100|26.568687
WRK|2020-04-03|26.41|27.639999|25.459999|25.68|2741200|25.467857
WRK|2020-04-06|27.129999|29.26|26.969999|28.969999|3445900|28.730677
WRK|2020-04-07|30.309999|30.75|28.879999|28.940001|3851500|28.700926
WRK|2020-04-08|29.290001|30.959999|29.01|30.690001|2617000|30.43647
WRK|2020-04-09|31.219999|32.860001|31.152|32.16|3579400|31.894325
WRK|2020-04-13|32|32.52|30.76|32.439999|2714500|32.172012
WRK|2020-04-14|32.98|33.25|31.334999|31.91|2630100|31.646391
WRK|2020-04-15|30.74|30.780001|29.57|30.309999|1924800|30.059608
WRK|2020-04-16|30.4|30.51|28.33|28.82|2407200|28.581917
WRK|2020-04-17|29.75|30.93|29.75|30.690001|2156700|30.43647
WRK|2020-04-20|30|30.545|29.34|29.66|1677000|29.414978
WRK|2020-04-21|28.790001|29.709999|28.690001|29.07|1388800|28.829851
WRK|2020-04-22|28.76|29.370001|27.959999|28.469999|3881300|28.234808
WRK|2020-04-23|28.84|29.440001|28.559999|28.879999|2282200|28.64142
WRK|2020-04-24|29.280001|29.389999|28.440001|28.879999|1929000|28.64142
WRK|2020-04-27|29.059999|30.66|29.01|30.49|2216400|30.238121
WRK|2020-04-28|31.84|33.189999|31.620001|32.900002|3078400|32.628212
WRK|2020-04-29|33.5|34.57|33.5|34.150002|2408000|33.867889
WRK|2020-04-30|33.200001|33.220001|31.950001|32.189999|2181700|31.924076
WRK|2020-05-01|31.58|31.66|30.43|30.84|1453500|30.58523
WRK|2020-05-04|30.73|30.74|29.809999|30.309999|1686300|30.059608
WRK|2020-05-05|28.290001|28.299999|24.754999|25.059999|11078300|24.852978
WRK|2020-05-06|25.219999|25.74|24.41|24.700001|5385400|24.495953
WRK|2020-05-07|25.110001|26.200001|24.91|25.09|3906000|24.88273
WRK|2020-05-08|25.6|27.129999|25.5|27|3535300|26.776953
WRK|2020-05-11|26.540001|26.540001|25.645|25.969999|2344600|25.755461
WRK|2020-05-12|25.690001|26.200001|25.17|25.200001|2655300|24.991823
WRK|2020-05-13|25|25.08|23.459999|24.16|3261300|23.960413
WRK|2020-05-14|23.84|25.25|23.219999|25.23|3322900|25.021574
WRK|2020-05-15|24.74|25.129999|24.115|24.209999|3502200|24.01
WRK|2020-05-18|25.120001|26.08|24.959999|25.879999|3376100|25.879999
WRK|2020-05-19|25.809999|25.879999|24.950001|24.969999|2382400|24.969999
WRK|2020-05-20|25.52|25.85|25.25|25.43|3930400|25.43
WRK|2020-05-21|25.33|25.889999|25.07|25.15|2071000|25.15
WRK|2020-05-22|25.17|25.440001|24.98|25.35|2243700|25.35
WRK|2020-05-26|26.42|27.370001|26.41|27|6127700|27
WRK|2020-05-27|28.07|29.17|27.74|29.16|4577400|29.16
WRK|2020-05-28|29.379999|29.379999|28.049999|28.870001|3523000|28.870001
WRK|2020-05-29|28.5|28.73|27.58|28.059999|3787500|28.059999
WRK|2020-06-01|28.049999|29.030001|28.01|28.58|2284000|28.58
WRK|2020-06-02|28.82|29.09|28.27|28.360001|2362800|28.360001
WRK|2020-06-03|28.83|30.209999|28.690001|29.870001|3036000|29.870001
WRK|2020-06-04|29.66|30.690001|29.370001|30.690001|2762100|30.690001
WRK|2020-06-05|32.84|33.715|31.84|32.049999|3727200|32.049999
WRK|2020-06-08|32.189999|33.290001|32.119999|33|2527400|33
WRK|2020-06-09|32.310001|32.470001|31.642|31.91|2326400|31.91
WRK|2020-06-10|31.540001|31.790001|30.33|30.379999|2531800|30.379999
WRK|2020-06-11|28.540001|29.370001|27.07|27.639999|2853000|27.639999
WRK|2020-06-12|28.99|29.309999|27.17|28.209999|2459800|28.209999
WRK|2020-06-15|27|28.559999|26.629999|28.26|2721700|28.26
WRK|2020-06-16|29.76|29.98|28.334999|28.93|2244200|28.93
WRK|2020-06-17|29.120001|29.219999|28.219999|28.77|2818900|28.77
WRK|2020-06-18|28.35|28.9|28.120001|28.35|2713800|28.35
WRK|2020-06-19|29.040001|29.040001|28.049999|28.32|5039500|28.32
WRK|2020-06-22|28.219999|28.219999|27.15|27.379999|2719500|27.379999
WRK|2020-06-23|27.67|27.92|27.370001|27.469999|2080600|27.469999
WRK|2020-06-24|27.139999|27.23|26.16|26.200001|2466300|26.200001
WRK|2020-06-25|25.93|26.67|25.440001|26.610001|2355800|26.610001
WRK|2020-06-26|26.379999|26.74|25.91|26.719999|3751300|26.719999
WRK|2020-06-29|27.049999|28.059999|26.959999|27.75|2256000|27.75
WRK|2020-06-30|27.49|28.465|27.07|28.26|2186100|28.26
WRK|2020-07-01|28.280001|28.35|27.209999|27.66|2662000|27.66
WRK|2020-07-02|28.120001|28.389999|27.91|28.200001|2282200|28.200001
WRK|2020-07-06|28.889999|29.139999|28.27|28.780001|2119800|28.780001
WRK|2020-07-07|28.299999|28.469999|27.84|28.059999|2035900|28.059999
WRK|2020-07-08|27.940001|28.23|27.110001|27.469999|2387200|27.469999
WRK|2020-07-09|27.32|27.35|26.049999|26.219999|2496300|26.219999
WRK|2020-07-10|26.35|27.785|26.268999|27.75|2499400|27.75
WRK|2020-07-13|28|28.43|27.6|27.85|2053300|27.85
WRK|2020-07-14|27.93|29.299999|27.82|29.15|4177100|29.15
WRK|2020-07-15|29.85|30.370001|29.35|30.15|3330100|30.15
WRK|2020-07-16|30.190001|31.245001|30|30.719999|3324000|30.719999
WRK|2020-07-17|30.870001|30.870001|29.84|29.969999|1751500|29.969999
