365 24
16458 18985 16561 12611 8726 4220 3407 3420 3634 4930 6962 9981 11624 11890 12403 13256 12548 12748 11815 10449 8356 8850 7895 5389
3581 1724 1205 918 1214 2865 7049 10914 13731 13129 12049 12284 12901 13285 14140 14315 14045 16015 17349 14390 12371 11812 10276 6590
4547 2614 1537 1144 1368 2687 7539 12073 15021 14828 13613 13473 13959 14262 15405 15111 14598 17020 18909 17495 14808 13841 12758 8382
5356 2899 1908 1294 1386 2259 5172 6975 7567 6716 5849 5574 5256 5336 5278 5106 5076 5782 6956 6711 6313 6524 6022 4907
3619 2161 1348 1016 1145 2276 6279 11079 13669 13145 12280 12001 12959 13537 14704 14753 13904 16597 18808 18878 16121 15078 16007 13848
11282 8746 6675 4784 3405 1992 3043 4538 6657 10038 12527 14267 15646 16195 15758 18087 17433 17253 18455 18123 13751 13398 14347 14860
11981 9662 7595 5726 3446 1760 2503 3526 5846 8789 11682 13746 15614 15181 15164 15118 15615 15071 14494 12027 10231 9162 7250 6204
3968 2331 1671 1223 1479 3312 8132 13524 16322 15109 12957 12351 12872 13411 14869 15844 14389 16191 17571 16142 14548 12938 11074 7564
6174 2927 1778 1181 1446 2845 8080 14274 17158 16396 13884 13156 13688 13745 15035 15798 14459 16970 19685 18151 17465 16966 14207 9194
5470 3225 2002 1370 1439 2920 7979 14584 17588 15865 14269 13553 14351 14019 15464 16036 14513 16666 19675 18714 17411 17336 15670 10243
6384 3515 2252 1490 1611 2895 8046 14668 17555 15867 13893 13743 14990 15006 16297 16236 15003 17488 20776 19788 18300 18247 17320 13612
8866 5394 3346 2349 2081 3313 8111 14659 17471 16009 13972 14191 15443 15689 19012 17017 13868 16566 19452 21340 16666 18446 17506 16872
13353 11223 9485 6438 4037 2186 3220 4727 7349 11265 13864 15281 16900 17090 16611 18510 18570 19468 20965 21435 16852 16789 17902 18359
16127 13447 11137 8313 5111 2235 2564 4049 6442 9866 12963 14873 16888 17186 17061 17350 17177 17086 17367 14758 14490 13098 11781 9584
7163 4667 3108 2213 2108 2155 4244 6196 9820 11287 12106 13512 14654 14813 15234 15877 15551 16912 17259 14930 12305 11995 11013 7766
4415 2593 1464 1087 1384 3177 8593 15385 18752 17073 14884 14135 15068 15274 17023 16828 15429 17580 19938 17948 16989 17312 14431 8965
5678 3196 2028 1383 1618 3085 8793 16120 18368 16265 14368 13917 14480 14414 15668 16059 14679 18130 20706 19757 18811 19400 16869 11217
6738 3688 2240 1596 1626 3026 8710 16295 19325 17273 15212 15242 15813 15843 17466 17745 16451 19073 21993 21269 19968 20617 19265 14241
9397 5624 3813 2532 2092 2966 7954 14852 18125 16948 14809 14695 15430 15598 17240 17172 15860 18477 21134 21411 17805 17244 17679 16741
14446 11580 9512 6768 4217 2257 3097 4566 7766 11345 13315 14028 14176 13979 14412 16141 14967 17252 18872 18542 15015 15059 16571 16637
15507 13792 11519 8444 5159 2189 2465 4029 5829 8596 11763 13018 14630 14747 15126 15397 14682 14094 14883 11557 10398 10514 8057 5796
3797 2416 1505 1129 1441 2934 7927 13679 15906 14362 12473 12115 12700 13121 15147 15281 14852 16190 18281 16695 15115 14638 12179 7770
4402 2548 1587 1131 1315 2931 8507 14248 17778 17064 14188 13686 14419 12927 14469 14851 15763 16820 19662 18610 17755 17583 15634 9647
5544 3098 1926 1335 1480 3131 7897 14362 17536 16143 14397 14701 15054 15313 16542 17806 15803 18879 21746 21202 20622 20804 18258 11988
7050 3978 2538 1610 1586 3133 8600 15445 18867 16840 15348 15564 16001 16082 17483 17843 16160 18664 22121 21598 20318 20884 19528 14652
9990 5782 3816 2576 2200 3179 8161 14832 17847 16299 14500 14781 15489 16064 17200 17393 16170 19874 22688 21999 19277 18337 19146 17761
15612 12815 10171 7432 4790 2340 3272 4833 8186 12055 13498 15019 16103 16533 16006 16528 16314 17537 18751 18823 14848 14749 16912 16842
16623 14929 12467 9224 5670 2551 2500 3660 5825 9288 12906 14792 16362 15236 14874 14679 14416 14121 13775 11578 10016 9455 8043 6817
4422 3064 2275 1829 1865 3250 8134 13484 15798 14485 12351 12324 13158 13379 14865 15371 14406 16093 18429 17299 15444 14702 12076 8104
5198 2685 1607 1115 1378 3011 8508 15083 17690 15608 13979 13544 14394 14221 16293 16072 15236 18455 21480 20622 19640 19535 16425 11062
6111 3333 1997 1326 1526 3133 8503 15565 18854 17152 14960 15008 16049 16116 16978 17196 16020 18722 21609 20972 19637 19757 17343 11176
6920 3945 2485 1593 1662 3247 8810 15175 18516 16482 14548 14366 15340 15296 16623 17797 15570 18355 21976 20221 18830 19357 18925 15004
9788 5790 3617 2277 2098 3185 8192 14722 18052 16665 15428 15028 16255 16818 18674 18737 17525 20424 23885 23730 20749 19527 20269 17932
14458 11051 8852 6272 4109 2226 3144 4969 8088 12156 14629 16381 17421 17423 17267 18817 17658 18067 20142 20614 15675 15066 16344 15769
14038 12236 9869 7353 4715 2174 2433 3805 6417 9045 12156 13167 15791 15761 14779 15685 16301 20160 16923 10807 9908 8986 13561 9754
4669 2619 1602 1266 1478 3150 8134 14092 17672 16239 14407 13704 14558 14486 15946 16725 15716 18301 20738 18215 16714 15879 12303 7584
4706 2437 1437 1010 1258 3115 8335 14892 18350 16768 14672 14437 15215 15113 16679 17026 15545 17939 20729 19436 18587 19007 16338 10009
6014 3186 2108 1412 1529 3145 8260 15348 18605 16481 15094 15409 16963 16930 17756 17782 16016 19807 20902 19093 18084 17985 16635 11201
7143 3735 2281 1554 1658 3226 8833 15821 18867 17089 15427 15036 16288 16466 19264 18773 16900 19297 22683 22132 20911 21159 19871 14525
9715 5681 3520 2432 2314 3212 8394 15008 18156 16843 14786 15306 16175 16805 18211 17873 16670 19320 22423 22053 18448 17750 18878 17411
14733 11537 9274 6858 4474 2530 3355 5108 7954 11489 13615 15277 19486 20233 20575 18252 15199 16762 20615 21886 15958 15267 15886 15690
15282 13357 10845 7974 5050 2145 2610 3736 6982 10055 12889 14873 18055 19383 15270 14495 14641 14573 13458 11963 10171 9485 7990 6337
4407 2806 1688 1261 1510 3187 8534 13943 16752 15704 13849 13434 14192 14160 15135 16097 15157 17933 20111 19021 17944 16638 14843 9582
5562 2814 1896 1291 1446 3307 8504 15353 18562 16897 15119 15304 16558 16957 17697 18625 16616 16399 19689 21015 19853 19963 16879 11589
7168 3685 2208 1471 1606 3265 8810 15535 18767 17114 14450 14792 15352 15679 16848 17086 15569 18912 21286 21384 18519 17848 19319 14920
7833 4348 2741 1793 1945 3479 9055 15799 17981 16306 14464 14172 15098 15121 16482 17099 15240 18078 20936 20067 18562 21561 19452 15245
9412 5704 3763 2454 2239 3385 8656 13775 16315 15699 14567 14397 15657 15842 19067 17680 15206 17073 19921 20458 17601 17646 18628 16885
15094 11765 9344 6953 4448 2346 3526 5278 8071 11059 12699 13805 15198 16471 16315 16871 16105 17235 19715 19910 15967 15974 16525 14766
13519 10781 9201 6876 4307 1929 2488 3589 5973 8202 10710 12443 13940 14381 14195 14959 14938 15245 15857 13768 12341 12399 11134 10228
7199 4965 3570 2582 2164 2025 4000 5611 8840 10043 11045 12047 13630 13992 14713 15787 15266 17461 19623 15334 12920 11820 9913 7269
4449 2599 1505 1009 1314 2871 7748 12136 15788 15693 13663 13060 13427 13695 14738 14505 13772 15959 19050 16931 15580 16023 13497 9371
5837 3284 2042 1359 1517 2822 7801 12971 16198 15251 13602 13361 14661 14893 15425 15996 14397 16814 19946 19934 19180 20730 16940 12525
7659 4072 2502 1742 1692 3092 8185 15106 17331 16647 14759 14724 15651 17386 18762 18257 17252 19128 20940 20538 19515 20387 18724 14800
10230 5974 3639 2483 2084 3079 7980 13383 17293 16724 15019 15113 15776 16388 18368 17522 16508 19421 21517 20493 17374 17489 17877 17010
15278 12301 9673 7113 4706 2469 3526 4821 7697 11003 13090 14546 16375 16465 17053 20092 16083 17377 18557 18607 14741 16036 17749 17535
16100 14296 11993 9381 5797 2289 2992 4119 6699 10088 13789 15694 16176 16784 15890 14952 14655 14574 14690 12619 10669 10212 8732 6337
3958 2274 1516 1155 1501 3188 8578 14701 17846 15625 13539 12919 13505 13516 15174 15764 14743 16934 20545 17494 15829 15906 13828 8532
5311 2864 1863 1172 1382 2995 8386 14786 18013 16234 14045 13823 14574 14231 16019 16395 15236 18108 21108 19634 18847 19589 16227 10776
6288 3565 2195 1466 1669 3208 8511 15507 18701 16980 14798 14592 15215 15031 16208 16534 15301 18376 20897 20357 19639 19862 17391 12313
7568 4330 2753 1844 1921 3412 8848 15852 18031 16162 14233 15254 15493 15262 17155 17211 15932 18660 21763 21211 22510 22950 19408 15039
9632 5571 3483 2341 2419 3663 9322 16730 19524 17287 14967 16007 16370 16807 18308 18246 16708 19174 21155 19077 15152 14087 15640 15274
12462 9985 8146 5591 3895 2218 3624 5349 8489 11936 13893 15178 16854 17742 16343 17262 17148 17957 20438 21465 16855 16730 18504 18759
17386 14718 12575 9216 5777 2573 3037 4207 6981 10162 13154 15022 16448 17375 16266 16131 16294 15961 17410 15369 11954 10721 9890 7699
6732 2410 1488 1323 1641 3480 8919 14714 18079 17078 15081 14393 13679 12584 12608 16211 15252 18296 21196 18851 17317 16512 13556 9231
5314 2833 1728 1130 1486 3193 8549 15212 17876 16426 14860 14743 15921 15634 17720 18058 16143 18443 21241 20777 20263 19876 17354 10946
6634 3721 2466 1574 1776 2886 6999 11212 14373 13980 12199 12733 13865 13186 12624 14210 12824 13035 13582 12043 10624 10008 9407 7317
5138 2463 1643 1096 1499 3048 8467 15138 17894 15928 14663 14650 15421 15695 17356 17561 16963 20009 23113 22019 20676 20643 19841 15716
10586 6386 3985 2617 2516 3413 8788 15279 18373 17086 15731 16198 16801 17320 18871 18089 15634 18110 21429 22341 20194 18997 20270 19410
16790 12785 10148 7375 4868 2720 4113 5776 8583 12393 14634 16835 18360 19241 18645 18882 17439 18872 21189 20841 17011 16888 18514 19181
16439 14413 2 13196 9166 3850 3109 4162 6383 9300 12964 14857 16894 16411 16738 16697 15782 16009 16334 14525 12664 11741 9924 6895
4533 2605 1657 1252 1600 3334 8340 14422 17594 15904 14167 13769 14111 14652 16506 17424 15888 18420 20056 18491 16723 17530 15057 9808
5443 2838 1799 1190 1344 2974 8287 15810 18734 16512 14741 14201 14935 14496 15415 16382 15373 18032 20858 19967 19943 19594 16818 10871
6290 3641 2165 1485 1628 3073 8667 15897 19123 17154 15776 15815 16594 16401 17895 18642 16815 19654 22708 22118 21048 21658 18881 12991
7596 4144 2589 1812 1880 3215 8905 16473 19573 17969 16033 16408 17120 16635 18116 18200 16495 19553 23073 22865 21892 21371 20131 16150
11215 6622 4187 2698 2473 3350 8678 15410 19064 17269 15747 16234 16886 16859 18867 17726 15197 17840 21561 21942 20447 19905 20244 19419
16104 11780 8796 6765 4528 2400 3644 5371 8642 11798 13993 14694 16203 16602 16341 16871 15681 17702 20460 21305 18541 18361 19559 18958
16099 13688 10921 8094 5670 3183 4137 4588 7017 10368 13700 15300 16349 16233 16175 15690 15507 15819 15416 13803 12467 11424 10015 7126
4219 2537 1709 1261 1587 3140 8256 13040 16106 15142 13325 13020 13680 13494 14515 14584 14201 16363 18828 17383 16198 16133 14181 8728
5397 2911 1891 1258 1503 3445 10048 16625 19890 17614 15161 14954 15875 15946 16847 16352 15045 17986 20429 19174 18298 18942 16149 11285
6588 3968 2542 1701 1785 2515 6056 9393 11860 10782 9285 8710 8760 9084 8556 8302 8926 9937 11150 10205 8944 9371 8689 6520
3959 2398 1569 1199 1322 2656 7574 13070 16983 15501 13563 13574 14208 14437 15431 15174 15191 17943 21071 20408 19011 19347 18729 16384
10997 6554 4217 2788 2490 3496 8287 13572 17218 15959 14492 14363 14806 14537 16310 16098 14678 17637 20226 21000 18614 18165 20076 19272
18197 13121 9911 7316 4688 2487 3624 5226 7977 11296 13508 13872 14667 14742 14633 14588 14289 16750 19052 19860 16529 16862 18374 19061
16622 14721 12204 9084 5701 2509 2919 3971 6024 9393 13062 14396 16393 16641 16581 15620 14653 14896 15071 13214 12435 11832 10149 7665
4334 2541 1681 1163 1509 3161 8283 13130 15864 14884 13423 13228 13625 13788 14795 14735 14896 17162 19757 18756 17705 16990 15084 9599
5397 3068 1878 1156 1449 3106 8245 13591 16667 14934 13484 13026 13629 13436 15577 16064 15073 18221 21078 19996 19444 20262 17459 12445
6980 3603 2144 1536 1604 3232 8643 14269 17938 16452 14844 15193 15846 15771 16006 16091 14796 17722 20263 19917 19208 19636 18265 14092
8612 4420 2724 1936 1810 3042 8141 14196 18031 17547 16413 14813 15486 15866 16784 16650 15437 17879 21151 20959 19346 19659 18545 16153
11314 7557 5035 3408 2805 2848 5897 8311 12254 13961 14051 15086 15589 16112 16992 17533 18131 19705 19613 17248 14709 15695 17533 16172
13174 10181 8283 6424 4373 2268 3139 4306 6786 9591 12161 13740 14867 15557 15331 15899 15735 17119 17851 17359 14946 14843 15988 15331
11830 9467 7651 6218 4430 2278 2639 3713 5927 8448 12485 13120 14097 14310 14582 13899 13769 13685 13859 13664 13301 12655 10948 7419
4201 2517 1571 1177 1483 3070 7919 11732 14243 13860 12281 12467 13364 13638 14365 14223 13883 15872 17659 17597 15785 14316 11881 9826
5747 2910 1761 1200 1307 2892 7548 12851 16087 15727 14895 17182 18367 17623 17914 17925 15727 18477 19922 18848 17752 17793 15205 9894
5966 3274 2105 1362 1434 2852 8151 13759 16581 15920 14111 14503 16197 18639 15850 15528 14410 17541 20609 20634 19820 19972 18107 13616
7744 4370 2503 1687 1698 2988 8079 13964 17211 16829 15422 16010 16472 16514 17733 17866 15957 18806 22166 21917 20376 20275 19539 16069
10256 6071 3908 2588 2275 3024 7818 13236 18303 17826 14950 15072 15466 15407 16370 16466 15376 18317 21669 21208 18127 16912 18103 17695
15794 12835 10247 7457 4992 2349 3352 4858 7954 11188 14318 15861 17116 17321 16272 16171 15784 17450 19369 20067 16752 16752 18022 18938
17413 15116 12505 8756 5683 2450 2784 3748 6349 9213 12973 14475 16507 16476 16547 15716 15695 15554 15611 14361 12915 11932 9771 7110
4338 2510 1697 1171 1549 3135 8563 14780 17237 15596 13140 13190 13719 13732 15485 16142 15747 18341 20576 18397 16904 16423 13736 8917
5100 2813 1718 1119 1271 2981 8610 15517 18549 16737 14667 14473 15008 15036 16460 16701 15697 18052 21004 20099 19378 19517 16455 11132
6598 3612 2176 1413 1483 3068 8515 15612 18397 16327 14703 14959 15471 15958 17161 16812 15304 18679 21666 21197 20272 20137 18277 13032
7154 4062 2485 1624 1753 3192 8720 15285 18193 16843 15188 15016 15699 15745 17748 17208 15697 18852 21139 20754 20266 20392 19217 14872
9863 5943 3643 2338 2153 3079 8129 14554 17486 15865 14408 15007 15695 15751 17777 17199 15657 18450 21274 21940 19146 18694 19840 19200
16244 12857 9895 6935 4678 2431 3715 6107 9542 12564 14862 16457 18173 18805 18186 18315 17013 19105 22136 22044 19457 18741 19978 19092
16417 13847 10949 8148 4980 2246 2913 4665 6964 10661 14980 16548 18000 18127 18233 16919 16704 17687 19225 17617 14996 12717 9631 7062
4550 2894 1692 1063 1589 3403 9427 15342 16929 15630 13169 12042 12556 13257 14381 15272 15155 18448 20147 18105 16819 16902 13417 9002
5385 2721 1778 1245 1448 3106 8670 15676 18244 16986 15441 15517 16398 16440 17648 17589 15936 19265 22264 20731 20417 20073 17462 11399
6453 3427 2099 1417 1513 3217 8884 15721 18476 17240 15297 15601 16294 15727 16787 16745 15123 18159 20854 20191 19655 20181 18582 13338
7812 4533 2774 1819 1790 3305 9386 16742 18689 16848 16536 17088 16855 18827 19791 17150 15114 18315 21838 21828 21809 22178 20981 16973
10965 6556 4229 2624 2382 3420 8791 15494 17989 16641 15320 15697 16494 16103 17511 16617 15300 18370 22180 22838 21160 20053 20742 19533
16462 12000 9389 6744 4582 2450 3645 5360 8972 12103 13972 15549 16728 16859 15832 16208 15597 17645 19804 19582 16607 16573 17787 18718
16613 14005 11622 8597 5498 2508 2907 4527 6693 9853 13012 14629 15776 15508 15658 14931 14556 15307 16520 14936 13836 12517 10153 7461
4550 2668 1682 1167 1632 3455 8671 14311 15951 14477 13467 13394 14110 13904 15486 16070 15375 18189 20752 18040 17504 17472 14152 9004
5165 2849 1645 1109 1296 3154 8481 14869 16797 15298 14048 14261 14856 14637 16562 16870 15623 18509 21718 19870 19903 20871 19000 12193
6549 3344 2074 1496 1609 3344 10289 18118 18767 16121 14741 14831 15543 16352 17841 17028 15558 18447 21217 21439 19875 19819 17732 13497
8825 4658 2539 1677 1586 3275 8988 15491 17504 16190 15150 15286 16066 15754 17285 17134 15478 17943 21876 20792 20560 20655 19714 16744
10819 7275 4484 2904 2382 3473 8565 14912 18992 16870 15579 16066 15548 15435 17473 17190 15084 17814 19995 20527 17779 17313 18665 17577
14684 11780 9321 6757 4472 2513 3600 5396 8664 11904 13735 15328 16961 16776 16186 16225 15792 17748 19671 20927 21062 17929 19409 17982
15386 12730 11083 7740 4907 2311 2799 4356 7152 10103 13170 14605 15935 16289 16915 15505 15998 16733 16997 15405 13926 12941 10532 7909
4633 2650 1625 1142 1537 3263 8462 13882 15696 14784 14059 15721 14962 14869 17248 18198 16386 19564 20167 18650 17899 16587 14906 9460
5159 3121 1753 1116 1286 3161 8403 14831 16677 15169 13963 14252 15076 14807 16806 16966 15521 18426 21148 19365 19284 19027 17502 12569
7050 4002 2403 1452 1594 3199 8422 14871 16903 16131 15040 15282 16048 16019 17216 17018 15643 18481 21491 20670 20040 20199 18600 14166
8208 4504 2636 1731 1764 3204 8723 15143 17663 16667 15464 15676 16507 16706 18190 17647 15649 18139 21471 23395 19439 20226 19469 16611
11189 6713 4273 2655 2380 3539 8514 14550 16802 15706 15015 15381 16185 15875 17679 16627 15127 17817 21202 21644 18804 17962 19049 18436
15000 11928 9412 6689 4347 2491 3694 6143 9063 12616 14994 16377 17994 18124 17808 18155 17266 18971 19876 20246 17257 17744 18880 18671
15653 13347 11578 8546 5463 2672 3028 4851 7387 10147 13136 14875 16106 16068 16718 15887 15944 16228 16388 13949 13142 11818 9973 7123
4403 2412 1530 1121 1514 3152 8314 14201 16160 15027 13259 13442 14092 14110 15589 16286 15226 17492 19744 18328 17073 17193 15145 9563
5489 3072 1848 1362 1555 3106 8382 14783 16932 15878 14855 14790 15501 15310 16990 16756 15629 18260 21101 19507 18701 19760 17654 12492
6906 3691 2133 1428 1501 3050 8496 15241 17202 15698 14425 15119 15741 15797 16912 16735 14999 17516 20411 20301 19764 20501 18629 14654
7826 4318 2649 1769 1889 3164 8674 15326 17426 16062 14651 15323 16875 17072 17778 16930 15130 18131 21366 20633 20832 21142 17689 15636
10434 6787 4481 2592 2305 3306 8402 14725 16643 15838 14505 15033 15452 14851 16679 15780 14349 17119 20432 21195 18435 17815 18949 18550
15490 12319 9766 7203 4741 2680 3617 5646 8933 12573 18703 16448 17060 17261 16275 16595 16078 19326 19857 20437 14382 13832 16251 15831
13492 11047 8715 6824 4508 2319 2968 4684 6652 10027 13963 16561 20291 19335 17916 15236 14680 15468 16008 14597 14210 14144 10344 7203
4476 2403 1658 1051 1587 3293 8833 14156 16094 14889 13644 13765 14496 14492 15974 16563 15745 18114 20492 18768 17990 18243 16230 11085
6741 3640 1941 1459 1578 3045 8448 15202 17322 15975 15179 15509 16031 16068 17867 17535 16291 18633 18842 17591 16778 18091 16455 12800
8188 5098 3072 1925 1917 3212 8825 15662 18180 17469 16609 15880 17603 17455 17114 15425 13416 15940 18389 18805 18224 19273 17896 14434
9106 4896 2945 1979 2060 3400 9866 16260 17711 16318 15218 15757 16290 15484 16489 15776 14615 17909 20753 20593 19224 20178 18254 16421
11939 7124 4369 2898 2702 3451 8204 14129 16387 15596 15027 15263 15857 15327 16821 15551 14018 17474 20603 21229 18672 19667 20618 19000
15568 12563 9759 7095 5006 3479 4930 6026 9062 13107 15725 17419 19588 17849 15546 15235 14339 15983 17649 17740 14464 14980 17741 16931
14644 12308 9697 7348 5086 2444 2786 3963 6578 9890 12724 14462 15416 15687 16043 15172 14839 15543 15438 13701 12334 12537 10315 8323
4771 2866 1903 1269 1782 3140 7868 13271 15134 14055 12938 13305 13805 13873 15503 15980 15134 17329 19607 17382 16367 17186 14137 10101
5793 2900 1787 1165 1442 3093 8021 14388 16819 16346 15370 14457 15339 15270 17893 16819 13958 15678 18863 18312 17232 18793 16505 11273
6946 3569 2386 1639 1696 3072 8336 14588 16395 15438 14473 14910 15258 14776 15513 15115 12879 15752 18387 18540 17840 19901 17838 14848
8483 4744 2816 1885 1993 3194 8313 14436 16471 15536 14188 14289 15057 15313 16039 15543 13574 15828 18456 18587 17704 19508 18162 14977
10351 6882 4323 2966 2619 3263 7266 12347 13693 13345 12986 13436 14644 14759 15930 15313 13939 15328 16368 15331 13170 13859 14311 13370
10558 8507 6758 5249 3791 2235 3063 4296 6335 8709 10634 11880 13243 13983 13333 12850 12647 13608 13684 13725 11230 11666 12600 11775
9458 7717 6454 5070 3616 1893 2201 3216 4774 7730 8857 10923 10474 11689 12963 11059 11197 12129 12252 10847 9868 10440 9111 9558
6853 4817 3413 2710 2267 1566 2241 3137 4020 5872 7785 9004 10121 10831 12019 12329 12128 12722 13072 12431 11039 11001 9039 7144
3922 2094 1340 896 1336 3000 8351 13844 16183 14738 13314 13316 14136 14470 15564 15814 14940 17033 18999 17153 15209 16125 13786 9888
5982 3332 1935 1389 1460 2937 7940 14581 17183 15745 14440 14505 15246 15005 15960 15896 14214 16725 19285 19589 18474 19987 17081 12273
7116 3931 2413 1628 1663 3066 8234 14549 17523 15938 16495 17714 16518 16273 15994 15426 13942 17085 19470 19388 18147 19650 18564 14772
10044 6224 3856 2542 2382 3579 8287 14473 17185 15739 14254 14536 15427 15524 16886 15931 14555 17480 20381 19573 17085 17798 18768 18020
16604 11605 9211 6776 4511 2474 3419 5657 8163 11610 13883 15582 17200 17532 16489 16420 15300 16518 17670 17538 14118 15456 17352 17305
16494 12099 9308 7318 4541 2407 2791 4389 6296 9287 12560 14136 14834 14312 14630 13812 14015 14518 15071 14330 12766 12650 13659 9021
5704 2612 1551 1190 1621 3628 9145 14144 15779 14601 12677 13150 13592 13568 14959 15542 14884 17028 19690 18213 15613 16619 14535 9308
5454 3057 1717 1177 1398 3081 8153 14047 16448 15207 14278 14693 15004 15707 17038 16252 14653 16932 19369 18940 17001 18999 17231 12304
6825 3823 2313 1471 1579 3082 8249 14613 17195 16169 14395 15275 15490 15722 16630 16566 14828 17768 20662 20200 18639 20638 18554 14668
8233 4396 2544 1694 1762 3085 8221 14431 17169 16221 15015 15609 15906 15493 16597 16337 14480 16869 20001 20800 18946 20329 18920 16257
10636 6462 3961 2649 2305 3318 8006 13547 16369 14786 14304 14729 15127 15234 16778 15959 14495 17368 20162 19420 17144 17276 18034 17591
14501 11897 9494 6812 4503 2529 3828 5958 8367 11522 12999 14590 15538 15809 15045 15069 14368 15683 16763 16975 14101 15044 16058 16481
14263 11880 9337 7143 4836 2431 2664 4279 6512 9264 11326 12578 13293 14179 14405 13663 14178 14554 14286 13868 11572 11202 9702 8325
5278 3174 1856 1272 1700 3207 8209 12936 15130 14379 13132 13194 13857 13970 15211 15221 14745 16871 18867 17769 15996 17127 15662 9725
5702 3003 1738 1196 1333 2953 7817 13306 15857 15055 14226 14186 14771 15361 16079 15901 14635 16774 19181 18358 17376 19626 18055 12888
7193 3823 2166 1592 1550 3106 8767 14194 17155 16713 14971 15579 17555 16143 15936 15311 14350 17138 20063 19355 17486 19269 18758 14478
8472 4511 2613 1725 1733 3200 8417 13472 16363 15751 14689 14887 15703 16100 16940 16524 14448 17163 20122 19612 18356 19624 19071 16672
11871 7347 4661 2960 2818 3828 7713 10657 11750 12259 12673 13438 14112 14209 14279 13318 13133 14651 17030 17651 15618 15267 15985 14655
13186 10924 8621 6377 4073 2599 4006 5331 7647 10431 12212 14174 14702 14869 14609 14627 14600 15762 16444 15922 12936 13405 14151 14254
12522 10155 8281 6372 4149 2195 2845 4112 5964 8537 12019 13057 13750 14939 14443 13325 13788 14163 14450 13501 12500 13108 10998 8667
4645 2635 1843 1183 1736 3300 8157 12445 14871 14177 13215 13369 14700 14963 16452 16136 15446 17695 19768 18418 19713 15489 12578 8551
5772 3159 1662 1157 1341 2932 8394 13793 16424 15866 14520 15313 15274 15555 16654 15963 14623 17301 18979 18527 17785 18170 16952 12412
7548 4068 2351 1583 1555 3104 8099 13558 16752 15866 14552 15373 15798 15759 16614 15574 14334 16739 19962 19437 18219 19140 17382 14513
9054 5210 2918 1757 1742 3473 9658 14934 17078 15594 15002 15089 15485 15615 16134 14913 12786 14494 17332 18839 18493 19349 17980 16140
11902 7530 4616 2937 2635 3486 8197 12331 15647 14843 13494 14242 15148 15247 15861 15274 13887 16287 18561 19752 16637 16116 17867 18865
14127 12165 10362 7574 4980 2634 3629 5695 7039 9901 12446 13542 14018 14751 13666 13326 13728 14742 15272 14454 12708 13378 14754 14776
14121 12600 10751 8544 5487 2753 3031 4136 5562 7711 10924 12596 12767 13166 13191 12395 12317 12427 12837 12410 11571 12771 10611 9107
6475 4671 2803 1795 2169 3503 8065 11865 14390 13509 12092 12626 13220 13472 14440 14488 13849 15948 17930 16522 14371 15107 14013 10545
6134 3277 1885 1199 1625 3187 8054 12277 15276 14603 13206 14214 14300 14547 15387 15117 14223 16458 19268 17947 16755 18173 16640 13439
7451 3971 2493 1495 1535 2913 8088 12278 15173 14986 13940 14292 15954 14986 15155 14537 13534 16390 19446 20877 17805 19250 17957 13410
7714 4246 2606 1675 1695 3113 9173 14544 16234 14936 13858 14451 14919 15004 15960 14966 14694 16937 18109 18026 17578 18650 18086 15622
11124 7251 4479 2808 2392 3316 7651 11225 14199 14228 13399 13778 14467 14083 14835 13743 11826 14098 17123 17470 14861 14985 16129 15956
13305 10918 8769 6449 4084 2453 3767 5143 7748 11341 12345 12979 14858 15616 14261 13886 14608 15181 15732 15361 12646 13091 14022 13839
11510 9596 7984 5919 4414 2251 2725 3720 5547 8934 10842 12045 13286 14658 14261 13059 12673 14327 13896 12740 11350 11197 9885 8741
4915 2747 1652 1173 1318 2682 6690 9618 12715 13279 12110 12133 13245 14139 14624 14278 13545 14945 16542 14673 12759 12897 11317 8075
4866 2737 1587 1156 1172 2520 6333 9554 12878 13005 12508 12509 14326 16733 15450 14738 14632 16585 16488 12862 11051 11540 11029 10140
8339 6441 4764 3385 2489 1651 2388 3018 3847 5269 6621 8176 9131 10124 9832 9478 9806 9764 10516 9950 9449 9440 11986 10788
6345 3355 2111 1414 1366 2270 5301 7594 10273 10926 10616 10788 12116 12772 12904 12575 12116 13439 14473 12812 11349 11756 10464 7848
5536 3561 2302 1660 1524 2178 6234 8220 9995 10437 10021 11955 12674 12017 12783 11841 11650 13070 13303 12539 10685 11528 11800 11005
9443 7794 6175 4687 3361 1892 2786 3752 5481 7869 9100 9620 11007 11285 11134 10864 10683 12168 12399 12150 10983 11208 11376 10827
9318 7695 6260 4851 3429 1740 2219 3221 4342 6381 8524 9878 10828 11297 11505 11516 11866 12287 12529 11260 10677 10836 9840 7283
4094 2220 1413 1013 1257 2787 7332 11159 13840 13255 11569 11592 12588 12721 13433 13512 13078 14817 17167 15863 14644 13827 11689 7893
5018 2812 1453 1078 1234 2702 7503 11735 14697 14275 12718 13496 14435 14878 15015 14869 14668 16336 18963 18167 16372 17435 15216 11249
6502 3660 2164 1456 1369 2754 7536 12094 15115 14585 13291 13598 14701 15052 14999 14265 13834 16411 19155 19377 17193 17819 16711 13820
7931 4123 2578 1758 1695 3157 8037 12581 15415 15031 13597 13221 14170 13843 14837 14534 13227 15387 18399 18176 16697 18010 17216 14253
10314 6546 3995 2684 2102 3179 7325 10718 14168 13581 12122 12771 13797 14023 14487 14190 12858 15364 17325 16450 14643 14232 15033 15238
13313 11104 9341 6677 4237 2303 3415 4706 6419 9003 10605 12236 13352 13749 14372 14679 13762 14337 14922 14620 12591 12663 13474 13552
15112 10105 8203 6332 4191 1914 2476 3332 5003 8088 12630 11825 10140 11973 12512 12277 12555 13497 13638 12521 11223 11319 9826 7247
4947 3047 1798 1197 1580 3252 7849 11641 14373 13739 12523 13194 14191 14518 15158 15046 14439 16496 18454 16940 15159 14965 13413 9725
5856 3434 1666 1131 1272 3032 7985 12665 15772 14993 14211 14520 15183 15329 17679 16065 11890 13926 15608 16310 17151 16242 14975 11210
6872 3832 2459 1533 1566 3034 8055 12431 15249 15139 13424 13732 14660 14616 15157 14921 13707 15981 18303 18431 17105 18504 17468 14349
8633 4675 2804 1787 1729 2969 7592 12211 14435 13863 12758 12998 13642 13737 14145 13728 12341 14213 16719 16816 16365 17372 16818 14879
10637 6502 3961 2657 2213 3202 7334 10592 13576 13075 11592 12278 13178 13352 14167 13716 13053 15131 16725 16293 13953 14202 14800 15013
14232 11442 9487 7005 4433 2436 3655 4429 6100 8419 10199 11660 12586 12873 12353 12622 12737 14094 14851 16812 14696 14958 14115 13267
11830 8807 7406 5253 3315 1813 2300 3223 4559 6868 9055 10521 11596 12038 12814 13864 12447 14339 15476 11678 12772 9993 8522 6902
4839 3321 1919 1197 1342 3141 8232 12071 14225 13479 11601 12006 12768 13038 13522 13413 13000 15111 17503 16551 14452 14237 12592 8482
5570 3272 1773 1213 1352 2931 7971 12121 15016 14292 13143 13417 14100 14333 15111 14472 13729 16070 18820 18132 16626 17741 16512 11962
7214 4011 2391 1541 1570 2893 9696 13596 15479 14529 13282 14106 14126 14097 14022 13797 13408 16043 18356 17499 17431 17691 16637 13099
8525 4325 2501 1644 1657 3009 7819 12199 15091 14653 13218 13379 14123 14414 15238 14856 13368 15154 17946 18055 17672 18436 17641 15197
11064 6856 4501 2838 2247 3207 7454 11116 14231 13668 12483 13002 14154 14137 15289 15443 13374 14886 16645 17144 14020 15141 14443 13699
11935 10460 8603 6052 3755 2265 3513 4605 6312 8652 10668 11963 13185 13505 13142 13345 13308 14823 14702 14498 12139 12907 13629 13962
13394 11370 9376 7195 4426 2309 2508 3458 4996 7099 9706 10923 12058 12348 12883 12689 12747 13224 13631 12560 11173 11218 10274 8783
5285 2709 1559 1210 1475 3231 7553 10703 13394 12888 11514 11651 12225 12446 13072 12915 12775 14577 18717 16694 14087 14076 12160 8386
5186 2915 1726 1195 1387 2935 7613 11492 14211 13780 12530 12896 13624 13751 14586 13723 13305 15635 18467 17086 16183 17197 15966 10561
6524 3690 2425 1478 1475 3090 8368 12787 15373 15089 13916 13664 14436 14608 15168 13888 13199 15661 18989 18278 17330 17889 16541 13075
7940 4690 2663 1653 1658 2957 7809 11927 14898 14266 13084 13355 14560 14851 15623 14445 13243 15411 18568 17310 16169 19496 16222 13389
9459 6351 4744 3496 2351 3069 7364 10920 13952 13518 12334 12891 14399 13679 15528 13628 11271 13129 15292 15633 14000 13491 14075 13815
12589 11427 9267 6542 4034 2223 3290 4377 6323 10048 10707 11254 11340 12131 12044 12574 12861 13644 14017 13767 12167 12429 12741 12526
11409 10434 8551 6637 4309 2070 2586 3901 5059 7392 10057 11273 12589 13017 13582 12908 12655 13143 13624 12479 11491 11255 9605 7413
4567 2468 1482 1131 1401 2976 7505 10972 13538 13459 12307 12369 13187 13361 14100 14123 13666 16430 17749 16203 14849 14704 12424 7959
5107 2708 1512 1089 1291 2814 7673 11730 14844 14470 13420 13676 14664 15305 15275 15116 14328 17386 19400 21878 15592 16449 15421 11230
6532 4017 2510 1528 1449 3011 7445 12055 14969 14664 14272 14426 14741 15036 15346 14999 13835 16207 19453 18786 17586 18103 16568 12525
7696 4515 2850 1611 1614 2874 7631 12013 15428 14442 13603 13708 14567 14640 15445 14836 13583 15606 17963 17517 16771 17094 16764 14217
10218 6469 4124 2638 2240 3148 7041 10352 13357 13052 12092 12481 13511 13971 14683 14210 13566 15475 17439 17308 14249 13708 13946 13923
12643 11026 9282 6340 3801 2134 2981 4614 6912 8064 9260 10085 11241 12976 11595 11927 13858 12575 13235 12774 10898 10923 11621 11341
10531 9647 8235 6045 3935 2014 2847 3349 5134 7050 9242 10361 11412 11491 12193 11569 11600 12221 12832 12359 11417 10519 8854 6503
4479 2767 1689 1064 1458 2954 7239 10701 13590 13255 12423 12141 13305 11907 11909 12592 12998 14066 17085 15958 14974 12795 11625 7552
5046 2849 1691 1082 1265 2711 7385 11325 14236 13909 12868 12883 13687 14097 14279 16770 12912 14328 16538 16840 15104 15560 14470 9886
6093 3868 2253 1419 1388 2684 7223 10955 14187 14127 13186 13885 14398 14695 14942 14310 13614 15777 18421 17924 16883 16895 15770 11539
7150 4020 2441 1590 1539 2721 7224 11229 13949 13751 12809 13271 14150 14403 15192 14507 13401 15163 17628 17298 16760 17240 16480 13761
9649 5951 3743 2464 2034 2723 6741 9687 12791 12865 12119 12736 13428 14218 14984 14395 13518 15274 17563 16376 13945 15116 16178 14477
12336 9137 7765 5350 3532 2048 3202 4267 5801 7864 9636 11163 12147 12827 11978 12445 12535 13474 14078 15575 11981 11110 11637 11261
10908 9704 8220 6290 4254 2082 2407 3478 4899 6894 8841 10360 11201 11018 11778 11818 11131 11748 12235 11143 10085 9537 8327 6512
4173 2507 1689 1092 1569 2735 6918 9869 12104 12616 11539 10914 11592 11787 12271 12209 11890 13457 15579 14305 12995 12516 10390 7513
5351 2902 1854 1267 1350 2524 6582 9551 11333 11802 11321 11443 12376 12553 13058 13073 12808 14575 16363 15437 14877 14277 12476 10625
6550 3905 2020 1279 1299 2466 6764 10560 12698 12568 12076 12592 13204 13332 13634 13798 12722 14899 17603 16767 17181 15782 14602 11445
6636 3782 2362 1520 1565 2602 6928 10855 13168 13123 11827 12131 13164 12966 13592 13211 12840 14876 17490 16911 16016 16236 15917 13010
8869 5690 3509 2403 2001 2611 6348 9119 11332 11766 11105 11496 12500 12936 13905 13359 12836 14483 16235 15420 13521 12593 13396 13978
12314 10224 8064 5941 3628 1937 3098 4382 5799 7808 9586 10365 11653 11768 11540 12136 12078 13063 13717 13273 11857 11470 11752 12579
11339 9665 8069 6187 3911 1816 2406 3406 4528 6900 9079 10088 11509 11836 12651 12240 12240 12587 13109 11399 10577 10450 9026 6766
4066 2159 1345 991 1381 2730 6594 9604 12335 11981 11058 11359 11958 12201 12744 12953 12349 14401 16368 14581 13179 12116 10339 8078
4991 2588 1439 1055 1119 2467 6618 10922 13292 13358 12598 12922 14066 14098 14788 14332 13899 15873 18291 16442 15599 15199 13594 10753
6033 3319 2017 1388 1307 2434 6980 10905 14179 13978 13022 13677 14388 14504 14595 14089 13650 15957 18464 17209 15909 15673 14464 10969
6853 3844 2154 1574 1441 2589 6829 10485 13605 13412 13005 13051 13574 13238 14226 13640 13374 15280 17327 15991 14820 14755 13970 12202
8690 5589 3634 2435 2089 2831 6216 8653 10655 10926 10783 11169 12435 13796 14412 14235 13899 15562 14924 13528 11482 11031 11508 11325
9863 8167 6623 5056 3821 2125 3063 3955 5123 7107 8947 10047 10735 11052 11036 11477 11314 12334 12264 12212 10669 10030 10485 10635
9302 7654 6278 4811 3527 1703 2172 2796 3976 6014 8494 9527 10455 10876 11247 10934 11062 11601 11593 10553 9899 9148 8928 8637
7228 4762 3465 2642 2180 1583 2441 3080 3991 5885 7790 9283 11013 11473 12563 12701 12304 13070 12968 11984 11536 10770 8619 6071
3770 2349 1366 832 1156 2864 7951 12669 14460 13959 13474 13332 14162 14390 15139 15363 14804 17106 19215 17939 15684 14471 12187 8107
5158 2746 1933 1221 1130 2886 8104 14108 15931 15247 14637 15026 15051 15266 16455 16329 14813 16858 19107 19039 17895 17072 15225 10977
7059 3932 2189 1508 1432 2923 8205 14882 15985 14757 14962 15157 16005 16047 17093 16279 14090 16677 20003 17063 17406 17303 17241 13729
9901 5655 3862 2515 2076 3066 8104 13861 15332 14535 13656 13650 13978 13666 15535 14763 13088 15489 17958 18099 16278 16377 16870 15747
14379 11899 9730 6916 4336 2308 3422 5373 7659 10123 11617 12961 13632 14142 13845 14373 14232 16007 17931 17633 14831 13665 14232 14933
13825 11943 9968 7708 4946 2140 2614 4233 6368 8911 12142 14446 16293 15423 14459 14001 14014 15466 14979 13161 11575 11629 9589 7082
4075 2298 1457 1067 1555 2852 7081 10707 12416 13424 13309 13175 13389 14011 14105 13614 14654 16163 17252 16443 14798 14085 12546 8105
5097 2609 1558 1005 1225 2511 7256 12172 13932 13740 13712 12393 13475 13540 14995 14872 13496 15601 17953 17510 16539 16331 14472 9884
5964 3346 2180 1481 1484 2963 8398 14665 16082 15289 14701 14472 14632 14512 15769 15867 14226 15948 17674 18058 18135 17311 16149 12192
7163 4048 2701 1635 1819 3069 8202 14853 16004 14752 13918 14129 14440 14852 15876 16004 13988 16735 18698 19271 18741 18520 17178 14401
10032 6172 4102 2742 2210 3195 7954 13830 15398 14288 13291 13711 14144 14067 15972 15330 14102 16465 19241 19504 17000 15890 16629 16548
14071 11907 9937 7106 4447 2330 3277 5010 7643 10873 12795 13753 14871 15232 15090 15083 14074 15608 17255 17471 14908 13991 15170 15313
14497 12781 10758 7899 5093 2297 3104 3907 6565 9002 12298 13719 15336 14570 14513 14227 14448 14617 15099 13707 11917 10899 9366 6655
3869 2271 1411 990 1360 2916 8010 13458 14304 13659 13005 13014 13506 13636 15535 15807 15638 16822 17945 17943 16756 15256 12253 8214
4744 2504 1513 1073 1186 2874 8162 14450 15166 14778 13403 12941 15371 15108 16313 14426 13548 15003 17935 15996 15105 15158 13482 8659
5518 3174 1885 1248 1355 2508 6432 10113 12147 13197 13281 12861 13906 14351 14757 14536 13376 16201 18361 18448 17532 17989 15704 9775
6399 3226 2021 1357 1542 2969 7895 14318 15945 14614 13695 13871 14365 14306 15554 15386 14207 16964 19318 19381 19364 19057 17333 15543
10358 6209 3801 2399 2147 3176 8007 13961 15619 14216 13616 13570 13799 13775 15910 15021 13499 15868 18539 18815 16660 15775 16708 16418
14504 11784 9904 6943 4083 2201 3313 4935 7431 10361 12598 13530 14693 15304 15030 15248 14248 15983 17378 17429 14484 13390 14871 15167
13801 11840 10225 7444 4621 2103 2467 3634 5912 8541 11578 13052 14573 14045 14422 14106 14106 13931 13586 12704 11189 10306 8811 6289
3742 2141 1416 1045 1314 3101 7871 11846 12141 10685 10541 10345 10921 11320 12521 13020 12749 15068 16386 15854 15126 14610 13166 8370
4877 2722 1516 1001 1252 2913 8646 13302 14236 12060 10548 10536 12033 13407 12243 12709 12808 15123 16664 16798 16355 15967 14313 9589
6004 3327 1943 1261 1402 3022 8398 13543 13814 12122 11854 12158 12390 12417 13658 13927 12496 15157 16992 17123 17492 17611 14632 11948
7503 4701 2436 1592 1687 2990 7993 13430 14046 12273 11552 12201 12804 12839 14081 13648 13105 16220 18076 18426 18513 18839 17011 15103
9932 6127 3819 2500 2198 3487 8513 13396 14716 13431 13238 13708 14086 13311 14773 14640 13491 16234 18332 19305 16865 15773 16736 15981
13889 11256 9392 6929 4185 2169 3339 5088 7639 10707 12594 14065 15023 15607 14932 15437 14345 16435 17500 17626 15167 14623 15855 16113
14579 12328 10088 7613 4643 2247 2931 4134 6069 8657 11584 13367 14445 14415 14872 14921 14509 14922 15258 14304 11874 10920 9407 6635
4116 2336 1545 1023 1487 3102 7905 12531 13869 12952 11787 12069 12631 13372 14221 14894 14365 16523 18431 17005 15460 14571 11759 8428
4804 2547 1440 1028 1223 2783 7525 13109 14589 13626 13011 13056 13886 13874 15417 15807 14464 17237 19263 18393 17391 17423 18443 11326
5921 3639 2090 1409 1335 2952 7937 14400 15868 14759 13711 14195 14628 14525 15664 15536 14392 17340 19749 19647 18507 18505 16864 14023
8343 4470 2571 1700 1632 3046 8277 14803 16013 15065 14080 14277 15099 14845 16326 16177 14825 18772 18428 18795 18514 18343 17454 14343
9655 5803 3435 2318 2073 3189 7922 13714 15059 14168 13380 13731 14233 14012 15367 14647 13505 15469 17999 18716 16378 15782 16380 16765
14034 11408 8754 6449 4125 2366 3722 5853 8205 11508 12690 13558 14400 14635 15162 15887 14193 15783 16923 17115 14011 13676 14920 15957
12865 14239 10092 7409 4719 2204 2577 3919 6260 9117 12237 13418 13862 13625 13667 12791 12188 12712 13713 13370 11727 11361 10386 8111
5233 2992 1991 1440 1782 2528 5588 8773 10849 11450 11092 11237 11869 11984 13020 13902 13959 16121 16857 15699 13145 12422 10829 8187
4867 2527 1416 1034 1186 2878 7824 13418 15679 14675 13558 13620 14179 14130 15574 15710 14404 17273 19482 18333 17152 16505 14232 11765
7083 3440 2136 1326 1412 2960 7740 13941 16110 14780 13805 14296 14848 14703 15855 15649 14095 16825 19692 19502 18678 18213 16474 12129
6998 3791 2269 1507 1584 3018 7881 14316 16196 14997 14385 16441 14269 13492 14842 15557 14400 16299 16590 17604 17545 17421 16817 13893
9915 6163 3655 2243 2125 3361 8047 14031 15813 14416 13747 13698 14131 14064 15527 14966 13264 15811 19077 20077 17807 17422 17656 16914
14567 11849 9534 6662 4050 2211 3453 5783 8849 11966 13816 14727 16058 15368 14807 15842 14756 16067 18020 18302 14630 14475 15924 16307
13999 12429 10105 7268 4492 2254 2939 4367 6592 9343 12499 13592 14582 14341 14581 14052 13834 15054 15390 13930 11773 10922 9895 7015
3867 2100 1371 979 1473 3224 8105 12968 14729 14288 13204 12905 12898 13053 14566 15083 14200 16717 18576 17423 15416 14404 12397 9189
5342 2489 1539 1005 1188 2975 7900 14187 16235 15002 13813 13970 14386 14260 15553 15524 14669 17709 20533 20080 19346 19361 16763 10624
5818 3109 2008 1344 1498 2925 7882 14225 16270 16043 14921 14354 14759 14162 15868 15578 14321 17511 19424 19579 19264 19171 18132 12617
7039 4107 2257 1499 1683 3008 8286 14868 16496 15397 14666 14920 15386 15237 16638 16066 14540 17769 19951 20463 19675 19771 18650 15392
10552 6046 3510 2300 2002 3150 8234 14165 15630 14550 13654 14021 14620 14242 16187 15575 13953 16221 18434 19509 17065 16416 17375 17157
14553 11716 9521 6547 3869 2291 3711 5315 8618 11343 13207 14611 15457 15268 14948 15339 14254 15886 17689 17922 14257 14044 16466 16037
14968 12933 10410 7482 4620 2225 2598 4084 6438 9446 13466 14794 16673 16490 16031 15198 15492 16388 16617 14633 12391 11651 9832 6866
4134 2116 1316 937 1375 3107 7933 13377 15547 14068 12819 12868 13307 13613 14959 15295 14579 16785 19663 17870 16216 15450 12591 9055
4958 2458 1500 1047 1243 2819 7577 13672 15528 14394 13312 13675 13891 13787 14822 15053 14138 17134 19968 18566 18289 18688 15900 10759
6078 3363 2049 1164 1402 2973 7931 14284 16154 14882 14101 14582 14720 14506 15437 15512 14162 17086 19735 19613 19069 19085 15100 12128
8694 3812 2307 1504 1549 3088 8299 14779 16260 15316 14233 14686 15041 14917 16003 15909 14290 16842 19765 20561 19964 19744 18492 15071
9686 6052 3683 2454 2163 3145 7867 13928 15761 14419 13903 14176 14803 14747 16436 15825 14516 17315 19921 20312 17699 17227 18045 17121
15667 13196 10432 8085 4522 2232 3077 4959 7811 11280 13946 15228 17296 17102 15542 15130 14586 15952 16602 17744 16545 14311 15702 15868
15016 13467 11711 8950 5727 2532 2750 4321 6337 9642 12615 14522 15504 15583 15123 14786 14355 14538 14728 13165 11554 10288 8637 6765
4421 2129 1482 1125 1539 3215 7660 13042 14985 13648 12839 12562 13058 12992 14294 14915 13859 16127 18756 17004 16150 16183 13335 8411
4584 2620 1530 1073 1250 3003 7520 13515 15312 14246 13678 13592 14060 13878 14825 15291 13843 16112 18659 18593 18050 17930 16489 11198
6234 3336 2072 1382 1418 2892 7560 13521 15396 14216 12834 12886 13813 13630 15149 15500 14085 16152 17438 17148 15334 14756 14162 12088
9586 7107 5221 3844 3102 3554 7705 14286 16143 14923 14037 13938 14607 14474 15815 15898 14224 17447 19655 18851 18682 18982 17543 13325
8718 5550 3330 1994 1805 3190 7540 13506 15764 14942 14186 14381 14704 14506 16094 15571 14102 17262 20253 19965 17999 17168 18080 15847
13165 11059 9307 5852 3617 2070 3020 5478 8434 11775 14166 15407 16834 16471 15813 16308 15115 16544 18384 18170 14761 14706 15850 15716
15080 23288 7253 4874 3277 3415 3593 4610 6154 8377 11507 12169 13479 13737 14290 14380 13275 13862 14819 13695 12610 11250 9409 6009
3692 1981 1217 968 1443 3153 8340 13594 15285 13963 13715 12586 13006 12984 14218 16423 14076 16221 18871 18112 17207 16922 14196 8953
4479 2377 1364 1005 1493 3057 8136 13398 14623 14557 16667 15462 14940 14443 13577 15358 13578 16365 18905 17004 15998 15786 14374 10410
5850 3255 1963 1312 1500 3055 8458 14019 15469 14460 13543 13765 14390 14565 15504 15249 13599 16430 18724 18660 17920 18555 17324 12861
6888 3797 2227 1522 1694 3127 8262 14622 15830 14665 14106 13924 14820 14369 15868 15398 13892 16255 18341 18699 18680 19428 18515 15520
10115 6076 3752 2560 2288 3369 8264 13613 15449 14747 14785 14258 14545 15550 16842 15497 12840 15684 17566 16706 15297 14845 16365 16597
13617 10266 7840 5786 3555 2151 3497 5461 8750 12104 14449 16662 17274 17720 17217 17793 16180 17896 19365 18968 15081 15527 16788 17386
15060 13072 10151 7534 4572 2139 2705 4228 6925 10129 13328 14437 14679 14587 14168 13791 13287 14613 14952 13076 12034 11571 9652 7000
4278 2377 1553 1123 1607 2858 6824 10947 13105 13335 12386 13043 13572 13943 15162 15872 14731 16666 18541 16143 14778 14670 13942 9255
5028 2595 1467 941 1201 3196 9068 15404 16734 14709 14305 13534 13724 13614 15187 15538 13958 16746 19587 18046 17784 18055 16259 10328
6104 3170 1929 1223 1404 3017 8218 14537 16411 15225 14480 14600 15191 14835 16374 16402 14127 16649 19003 18915 19051 19084 17743 12544
7111 3961 2488 1630 1751 3099 8359 15022 16698 15569 14620 15208 14988 15442 14986 11997 7615 6726 7462 8330 9118 9764 10188 10029
8556 5775 3744 2525 2441 3527 7949 13273 14717 13859 13367 13244 13989 14484 16081 15922 14065 17137 19291 19054 16400 16753 17906 16965
14216 11916 9202 6525 4184 2134 3468 5404 8112 11662 13763 15326 17207 17167 16553 16769 15293 16883 18920 18523 14605 14889 16406 16382
14999 12933 10636 7899 4683 2099 2516 4089 6295 9728 12860 14146 15904 15745 15654 14984 14433 14211 14506 12283 10825 10001 8654 6450
3507 1953 1320 982 1320 2928 7379 12237 14170 12749 12279 12478 13380 13349 14512 14870 13812 16089 17508 16872 15293 15290 13162 8609
5493 2624 1653 1108 1522 3032 7735 13601 15554 14660 13535 13738 14341 14907 16240 15814 13421 15844 18275 18005 16191 16148 15121 10332
6760 3809 2369 1662 1946 3271 7232 10946 13189 13241 13209 14168 15419 16077 16102 15518 13885 15069 17236 13624 12394 12830 11243 9196
6987 5237 4026 3235 2575 1932 3073 4220 5462 6270 7712 9034 9922 10154 10280 10785 9924 9262 9227 9570 10162 10224 9058 6011
3739 2238 1417 1078 1010 1341 2854 4382 5826 7595 9494 10549 11679 12963 13162 13787 13031 13355 13374 12455 10339 10470 11154 8548
7424 5130 4361 3420 2663 1552 2102 3368 5084 7531 9989 11697 13138 13485 13111 13621 12731 13337 15071 15643 14252 13869 13459 11299
9551 6978 5516 3841 2980 1611 2338 3701 5467 7540 10030 11003 12504 12998 13215 12900 13005 13068 12946 11914 10274 9498 7806 5739
4017 2161 1205 963 1296 2898 7449 12302 14671 13089 11989 12637 13059 13549 15806 16643 14345 16061 17041 16819 15244 13924 10718 7669
4866 2781 1535 1052 1266 2854 7669 13648 15452 14351 13440 13302 14449 14325 15414 15436 13836 16500 19106 18407 17438 17215 15018 11096
6374 3297 2036 1366 1504 2970 7841 13733 16045 14875 13972 13781 14416 14598 15217 15253 13413 15579 17976 17285 16941 17066 16080 11828
7201 3878 2380 1545 1609 2941 7828 14137 15964 15168 14146 14061 14617 14440 15828 15921 13520 16108 18637 18786 18267 18418 17980 15386
9850 5974 3706 2550 2136 3062 7730 13657 16067 14831 14059 14271 14641 15575 16615 15185 13712 15844 18921 18952 17060 16836 17736 17252
15098 12465 9738 6969 4345 2281 3244 5302 8432 11727 14268 15789 17009 17386 17255 17261 15415 16284 18834 17797 15742 14221 16081 16308
15172 13705 10802 7901 4789 2130 2482 4052 6727 10487 13818 14979 15458 16121 15797 15701 14616 14867 14175 12783 11545 10275 8103 5939
4184 2085 1422 1062 1447 3040 8064 13268 15020 13812 12802 13028 13783 13661 15065 15134 14148 15856 18158 17018 16044 15990 14167 9485
5314 2900 1729 1125 1441 2887 7804 14250 16008 14812 14031 14068 14797 14205 15594 15927 13985 16976 18893 18153 17992 18506 16747 12701
7535 4063 2334 1450 1547 2857 7213 13978 17025 15612 14679 14621 15085 15559 16695 15943 13517 16036 18111 17990 18328 18475 16941 13379
8405 4618 2673 1632 1753 3067 8165 15112 17051 15527 14818 14922 15143 14915 16220 16026 13941 16380 18967 18373 18216 18628 17248 15298
11438 7134 4223 2630 2141 3099 7787 13943 16011 14998 14444 14732 14666 14661 16558 16145 14385 17732 20244 20551 17897 18280 18404 17204
14621 11641 8555 5720 3691 2129 3153 5383 8541 12236 15596 17100 18114 18190 17232 17290 14876 15665 17521 17502 14954 15338 16150 16541
14895 12433 9560 6582 4262 1926 2510 3810 6325 9765 13467 15104 16554 16732 16388 15687 14834 14973 14718 13308 11521 11205 9305 6229
3886 2054 1380 1037 1362 3116 8079 13180 14991 13949 13014 13016 13479 13366 14937 15713 14542 16945 19889 18820 16937 16999 14849 9708
5372 2853 1740 1047 1339 2881 7623 14150 16092 14771 13744 13534 14414 14004 15209 15449 13349 15801 18478 18056 18003 18592 16627 13541
7954 4025 2344 1442 1451 3047 7792 14103 16436 15285 14108 14453 15168 14799 16133 16129 13594 16458 19152 18519 18504 18943 17522 14510
9350 5260 3086 1919 1822 3098 8144 14296 16779 15719 14760 14855 14845 14835 16222 15398 13625 16238 18381 18395 18404 18730 18082 16168
13517 9012 5305 3095 2520 3293 7682 13534 15260 14571 13987 14250 14687 14799 16462 15385 13757 16939 19276 19887 18608 18691 18275 17156
15210 12645 10011 7151 4398 2236 3018 4552 7474 10878 13926 15648 17167 16996 16458 16319 14982 16150 18127 18416 15718 15207 16278 16657
16569 14635 11988 9334 5135 2136 2686 3603 6259 10086 15223 17054 17798 17731 17013 15197 13526 14701 15194 14625 12456 10752 8587 6029
3998 2191 1441 1044 1478 3213 7758 12856 14659 13345 12670 12892 14226 14359 15288 16191 14186 16648 18683 18033 16937 17027 15046 10339
6350 3243 1889 1259 1413 2982 7857 13867 16004 15293 14291 14672 15243 14934 16613 16867 14381 16932 19795 19245 19036 19451 17897 13252
8005 4207 2482 1679 1714 3046 8036 14380 16626 15339 14620 14949 15756 15008 16545 16063 14042 16079 19082 18607 18024 18586 17848 14192
9130 5334 3245 1982 2026 3162 7766 13512 15921 15154 14587 14518 15747 15845 17525 16123 14023 16189 18516 18836 17937 17575 16822 14517
10560 6757 4453 2804 2457 3379 8061 12202 15114 14355 13802 14788 15125 14473 15809 15722 14406 16381 17949 17306 13774 13589 14220 12828
11000 8960 7426 5054 3658 2207 3042 4157 6213 9148 11824 13767 15521 15676 15036 15278 14239 14473 14437 13934 11686 11319 12045 10625
8733 6944 5642 4575 3596 1825 2414 3358 4760 7538 10146 11108 12282 12410 12599 12972 12392 12009 11475 9751 8941 8484 7451 5811
4311 2453 1645 1185 1260 1523 3256 4588 6245 8144 9824 10434 11655 12794 12970 13986 12840 12242 11772 9917 8902 9004 8220 6725
5300 3622 2174 1416 1206 835 1515 2027 2534 3677 5171 6456 7308 7530 8292 8494 7966 7758 7813 7443 7313 7740 6774 4875
3026 1559 938 719 846 1673 3810 5195 6943 8308 9186 10197 11351 12111 12017 12473 11912 12045 12447 11171 9813 10056 9311 7212
4763 2712 1767 1288 1296 1882 4481 5751 7976 9317 10384 11268 12730 13387 13569 13948 12823 13356 14265 12514 11220 12126 11213 8493
6360 4411 2848 2026 1666 2158 4993 6472 8606 10630 12115 12881 12562 12986 13253 13844 12464 12551 12598 11817 9838 9975 10743 9368
9082 7022 5351 3977 2867 1752 2394 3269 4716 7261 9267 10605 12116 13473 12878 13931 12717 12529 13152 13057 11078 10671 11088 11340
9517 7700 6396 4933 3424 1672 2159 2897 4287 6368 8734 10032 11288 11775 11752 11912 11870 11878 11453 10710 9092 8950 8146 7166
5877 3875 2565 1806 1526 1680 3305 4393 6125 7036 8194 9488 10614 12607 14480 13303 12990 13033 14242 14869 14426 14083 10665 8284
