od,od_time,fd,fd_time,td,td_time,omd,omd_time,fmd,fmd_time,tmd,tmd_time
0.005479,0.001236,0.005479,0.000001,0.005479,0.000024,0.071511,0.012472,0.071511,0.000001,0.071834,0.000030
0.005479,0.001076,0.008641,0.000000,0.008641,0.000023,0.294669,0.013740,0.294668,0.000001,0.295556,0.000027
0.006262,0.001658,0.083246,0.000002,0.082628,0.000025,0.418314,0.015339,0.418314,0.000003,0.418213,0.000031
0.005479,0.002864,0.005479,0.000001,0.005479,0.000018,0.146278,0.012514,0.146278,0.000003,0.145725,0.000022
0.006292,0.001407,0.010763,0.000000,0.010763,0.000024,0.351975,0.014588,0.351968,0.000001,0.352243,0.000035
0.005886,0.002190,0.007436,0.000000,0.007045,0.000026,0.356168,0.015364,0.356168,0.000001,0.355964,0.000033
0.005750,0.002462,0.007376,0.000000,0.007346,0.000023,0.266247,0.014370,0.266247,0.000000,0.265381,0.000027
0.005660,0.001374,0.013834,0.000001,0.013277,0.000024,0.361654,0.015534,0.361482,0.000001,0.360947,0.000031
0.007150,0.002521,0.049435,0.000000,0.049435,0.000028,0.419689,0.015994,0.419586,0.000001,0.418829,0.000036
0.009288,0.002343,0.059326,0.000000,0.059326,0.000027,0.433935,0.016141,0.433762,0.000002,0.433947,0.000034
0.011365,0.002527,0.101821,0.000001,0.101821,0.000029,0.418075,0.015605,0.417936,0.000002,0.418673,0.000036
0.005540,0.002308,0.013066,0.000002,0.013066,0.000029,0.374765,0.016365,0.374600,0.000003,0.373954,0.000041
0.005479,0.001883,0.005479,0.000002,0.005479,0.000028,0.266107,0.014712,0.266107,0.000003,0.266309,0.000040
0.005510,0.001323,0.008611,0.000001,0.008611,0.000028,0.250854,0.014464,0.250685,0.000001,0.251304,0.000039
0.008866,0.002598,0.051543,0.000001,0.049857,0.000034,0.414510,0.015227,0.414389,0.000000,0.413526,0.000038
0.005765,0.001498,0.010176,0.000001,0.010176,0.000028,0.312511,0.015223,0.312511,0.000001,0.312464,0.000037
0.006307,0.002535,0.016017,0.000002,0.016017,0.000026,0.368011,0.015870,0.367729,0.000002,0.367764,0.000039
0.006443,0.002372,0.011802,0.000001,0.011802,0.000030,0.240089,0.015250,0.240089,0.000001,0.239665,0.000037
0.005479,0.002513,0.059250,0.000001,0.059250,0.000032,0.335270,0.015262,0.335044,0.000002,0.334842,0.000039
0.006051,0.001782,0.051468,0.000001,0.051468,0.000029,0.382822,0.015547,0.382770,0.000002,0.382374,0.000034
0.005495,0.001253,0.006082,0.000002,0.006021,0.000023,0.223207,0.014455,0.222891,0.000002,0.223601,0.000030
0.006172,0.001200,0.019449,0.000002,0.019449,0.000026,0.373594,0.015450,0.373293,0.000001,0.374466,0.000039
0.005600,0.001369,0.012946,0.000001,0.012013,0.000027,0.350201,0.015925,0.349832,0.000001,0.349159,0.000034
0.006292,0.002210,0.018215,0.000001,0.018215,0.000029,0.311544,0.015216,0.311393,0.000001,0.311611,0.000035
0.006669,0.002370,0.020021,0.000001,0.020021,0.000033,0.237064,0.015144,0.236727,0.000002,0.236532,0.000040
0.005479,0.002295,0.015460,0.000002,0.015415,0.000031,0.283109,0.015196,0.282932,0.000002,0.282504,0.000041
0.005510,0.001387,0.030649,0.000001,0.030649,0.000030,0.323158,0.015368,0.323015,0.000000,0.323915,0.000034
0.005479,0.001115,0.005796,0.000000,0.005690,0.000028,0.208820,0.014270,0.208270,0.000001,0.207796,0.000031
0.006458,0.001443,0.032576,0.000000,0.031823,0.000025,0.417101,0.015629,0.416839,0.000002,0.416890,0.000032
0.006322,0.001786,0.022791,0.000001,0.022791,0.000028,0.331779,0.015602,0.331508,0.000002,0.332407,0.000034
0.006187,0.002262,0.020247,0.000001,0.018486,0.000030,0.273867,0.015565,0.273480,0.000002,0.272657,0.000035
0.005525,0.002274,0.035616,0.000000,0.035616,0.000027,0.311689,0.015207,0.311352,0.000002,0.312080,0.000037
0.005479,0.002303,0.005479,0.000000,0.005479,0.000031,0.214752,0.014176,0.214752,0.000001,0.215071,0.000038
0.005479,0.001753,0.007286,0.000000,0.007286,0.000028,0.283220,0.014559,0.283220,0.000001,0.283006,0.000038
0.005479,0.001630,0.005555,0.000001,0.005555,0.000027,0.248008,0.014909,0.247844,0.000000,0.248029,0.000034
0.005630,0.001637,0.039410,0.000001,0.039410,0.000029,0.366228,0.015854,0.366042,0.000000,0.365342,0.000037
0.005660,0.001381,0.011621,0.000000,0.011019,0.000028,0.296350,0.016098,0.296138,0.000000,0.296194,0.000037
0.005479,0.002275,0.011742,0.000000,0.011742,0.000030,0.289306,0.015727,0.289139,0.000003,0.289801,0.000036
0.005479,0.002283,0.009815,0.000002,0.009815,0.000031,0.196191,0.014000,0.195624,0.000003,0.196816,0.000042
0.005479,0.002187,0.024898,0.000002,0.024898,0.000031,0.247061,0.014369,0.246968,0.000002,0.246352,0.000040
0.005479,0.001788,0.005479,0.000001,0.005479,0.000030,0.297038,0.014811,0.296736,0.000001,0.296228,0.000040
0.005479,0.001304,0.005570,0.000001,0.005570,0.000025,0.198854,0.014208,0.198463,0.000001,0.198588,0.000034
0.007557,0.001530,0.027337,0.000001,0.027337,0.000026,0.393020,0.015865,0.392597,0.000001,0.393087,0.000038
0.005479,0.001881,0.012073,0.000002,0.010899,0.000030,0.251476,0.014818,0.251298,0.000000,0.251774,0.000040
0.005495,0.002263,0.026103,0.000002,0.026103,0.000028,0.294848,0.015943,0.294413,0.000001,0.295979,0.000038
0.005479,0.002223,0.013744,0.000001,0.013744,0.000031,0.316039,0.015628,0.315846,0.000001,0.315430,0.000037
0.005495,0.002151,0.015324,0.000001,0.015324,0.000029,0.350383,0.015240,0.350233,0.000002,0.349261,0.000049
0.006067,0.001604,0.044769,0.000001,0.043866,0.000029,0.360830,0.015188,0.360271,0.000001,0.360824,0.000042
0.006744,0.001795,0.020066,0.000002,0.020066,0.000025,0.300396,0.014336,0.300396,0.000001,0.299987,0.000034
0.008490,0.002301,0.041728,0.000002,0.041728,0.000025,0.375209,0.014683,0.375209,0.000001,0.374819,0.000031
0.006458,0.001387,0.024989,0.000001,0.024507,0.000023,0.390133,0.015330,0.389907,0.000002,0.389662,0.000032
0.006789,0.002469,0.021587,0.000001,0.021587,0.000027,0.430316,0.016140,0.430195,0.000003,0.430876,0.000033
0.005479,0.002462,0.023288,0.000002,0.023288,0.000031,0.281706,0.014948,0.281694,0.000001,0.281496,0.000040
0.005479,0.002344,0.036791,0.000002,0.036791,0.000029,0.314496,0.016262,0.314086,0.000001,0.314688,0.000040
0.005479,0.001518,0.005479,0.000000,0.005479,0.000028,0.310682,0.015773,0.310483,0.000000,0.310541,0.000037
0.005479,0.001176,0.005931,0.000000,0.005901,0.000026,0.222563,0.014250,0.222539,0.000001,0.222177,0.000036
0.006067,0.001236,0.013307,0.000000,0.013307,0.000024,0.355465,0.015846,0.355097,0.000001,0.355235,0.000037
0.006699,0.001932,0.036038,0.000001,0.035165,0.000029,0.358816,0.016416,0.358760,0.000001,0.358402,0.000037
0.006262,0.002254,0.031823,0.000001,0.031823,0.000027,0.331256,0.015123,0.331107,0.000002,0.331145,0.000041
0.005479,0.002183,0.005479,0.000000,0.005479,0.000033,0.262585,0.014338,0.262217,0.000003,0.262363,0.000037
0.005479,0.001974,0.008882,0.000000,0.008851,0.000029,0.247018,0.015292,0.247018,0.000003,0.247476,0.000037
0.005479,0.002139,0.013202,0.000000,0.012344,0.000026,0.306571,0.014615,0.306315,0.000001,0.307056,0.000038
0.005479,0.001143,0.005976,0.000001,0.005976,0.000028,0.252976,0.014628,0.252976,0.000000,0.251948,0.000035
0.005479,0.001461,0.010763,0.000000,0.010763,0.000028,0.298401,0.015654,0.298327,0.000001,0.298632,0.000038
0.006172,0.001870,0.019299,0.000000,0.018486,0.000030,0.261471,0.014853,0.261294,0.000001,0.261206,0.000038
0.009709,0.002726,0.056390,0.000001,0.053711,0.000024,0.337755,0.014380,0.337190,0.000001,0.337504,0.000031
0.005479,0.001576,0.005976,0.000001,0.005976,0.000030,0.223542,0.014499,0.223362,0.000002,0.224077,0.000040
0.005479,0.001997,0.012494,0.000002,0.012494,0.000032,0.190886,0.014300,0.190886,0.000002,0.190405,0.000040
0.005479,0.001151,0.007060,0.000000,0.007060,0.000027,0.209644,0.013916,0.209644,0.000002,0.208529,0.000040
0.005479,0.001137,0.005479,0.000001,0.005479,0.000028,0.227288,0.014198,0.227288,0.000001,0.226475,0.000036
0.005479,0.001536,0.025847,0.000001,0.025847,0.000026,0.357670,0.015801,0.357488,0.000001,0.358532,0.000035
0.006202,0.001852,0.013096,0.000002,0.012931,0.000030,0.331705,0.015960,0.331239,0.000000,0.331243,0.000037
0.005479,0.002303,0.009273,0.000002,0.009273,0.000030,0.198189,0.014293,0.198189,0.000002,0.199427,0.000040
0.005479,0.002251,0.005479,0.000001,0.005479,0.000030,0.168799,0.014030,0.168763,0.000002,0.168597,0.000039
0.005479,0.001932,0.009122,0.000001,0.009092,0.000031,0.187373,0.014333,0.187353,0.000001,0.188355,0.000043
0.005976,0.001324,0.017673,0.000001,0.017673,0.000027,0.296161,0.014627,0.296091,0.000000,0.297633,0.000036
0.005570,0.001266,0.009815,0.000002,0.008641,0.000031,0.281443,0.014706,0.281254,0.000001,0.279286,0.000034
0.008219,0.001454,0.039922,0.000001,0.038597,0.000027,0.414785,0.015652,0.414196,0.000002,0.413468,0.000037
0.005479,0.001868,0.005479,0.000001,0.005479,0.000031,0.295069,0.014788,0.294792,0.000001,0.294157,0.000041
0.006322,0.002495,0.008114,0.000001,0.008114,0.000023,0.219314,0.012874,0.219314,0.000002,0.219402,0.000042
0.005660,0.001239,0.012856,0.000002,0.012856,0.000026,0.345092,0.015345,0.344874,0.000002,0.343629,0.000038
0.005479,0.001960,0.013247,0.000002,0.013202,0.000030,0.351956,0.015148,0.351600,0.000002,0.352762,0.000040
0.005479,0.001104,0.005479,0.000001,0.005479,0.000031,0.356960,0.015244,0.356899,0.000001,0.356147,0.000035
0.005479,0.001130,0.007587,0.000001,0.007587,0.000023,0.256642,0.014515,0.256477,0.000000,0.256700,0.000036
0.007376,0.001474,0.041713,0.000000,0.041277,0.000027,0.405096,0.015639,0.404923,0.000000,0.405364,0.000030
0.006232,0.002022,0.024146,0.000001,0.024146,0.000029,0.369285,0.015947,0.368807,0.000001,0.368008,0.000032
0.007632,0.002228,0.076471,0.000001,0.072527,0.000029,0.348397,0.016083,0.348313,0.000003,0.348352,0.000034
0.005479,0.002408,0.013924,0.000000,0.013879,0.000028,0.323825,0.014922,0.323779,0.000002,0.324079,0.000040
0.005479,0.002772,0.007271,0.000000,0.007271,0.000031,0.368888,0.015099,0.368888,0.000002,0.370116,0.000039
0.007180,0.002022,0.046048,0.000000,0.046048,0.000026,0.385650,0.015464,0.385576,0.000001,0.385266,0.000032
0.007180,0.001951,0.024266,0.000001,0.024266,0.000026,0.312523,0.014115,0.312351,0.000002,0.312199,0.000030
0.008671,0.001495,0.055156,0.000000,0.053169,0.000026,0.395346,0.015394,0.395133,0.000001,0.394618,0.000030
0.005479,0.001908,0.006443,0.000001,0.006443,0.000029,0.314966,0.014883,0.314426,0.000000,0.315075,0.000044
0.005675,0.002232,0.011983,0.000001,0.011983,0.000027,0.364367,0.015903,0.364160,0.000001,0.365805,0.000038
0.005479,0.002526,0.029053,0.000002,0.028782,0.000028,0.259606,0.014537,0.259529,0.000002,0.259672,0.000041
0.005479,0.002357,0.008415,0.000002,0.008415,0.000030,0.341901,0.015337,0.341901,0.000002,0.341770,0.000034
0.005510,0.001326,0.017673,0.000001,0.016318,0.000031,0.283527,0.014706,0.283279,0.000001,0.283856,0.000035
0.005479,0.001104,0.005886,0.000001,0.005871,0.000024,0.247875,0.014446,0.247612,0.000001,0.248202,0.000037
0.005886,0.001428,0.024447,0.000001,0.024447,0.000027,0.360744,0.015709,0.360612,0.000001,0.360733,0.000034
0.006036,0.001707,0.011983,0.000002,0.011983,0.000026,0.304340,0.015222,0.303913,0.000002,0.305047,0.000036
0.006804,0.002289,0.028602,0.000002,0.028361,0.000039,0.292385,0.015792,0.292326,0.000001,0.293638,0.000035
0.007090,0.002378,0.045702,0.000001,0.045702,0.000031,0.269941,0.014633,0.269304,0.000001,0.269672,0.000037
0.005479,0.002470,0.018185,0.000001,0.018185,0.000032,0.306128,0.014944,0.305784,0.000001,0.305042,0.000039
0.005479,0.001286,0.012479,0.000002,0.012479,0.000029,0.178885,0.013526,0.178827,0.000001,0.179227,0.000039
0.005479,0.001237,0.009333,0.000002,0.009333,0.000028,0.217265,0.014138,0.217050,0.000001,0.217845,0.000036
0.005479,0.001448,0.007888,0.000000,0.007888,0.000029,0.326149,0.015390,0.325948,0.000001,0.326876,0.000029
0.005841,0.001852,0.012118,0.000000,0.012118,0.000028,0.224145,0.014517,0.223675,0.000001,0.223624,0.000038
0.005525,0.002187,0.018726,0.000000,0.017071,0.000027,0.273606,0.015582,0.273606,0.000003,0.273826,0.000038
0.005479,0.002221,0.005479,0.000001,0.005479,0.000031,0.185960,0.013787,0.185960,0.000003,0.185201,0.000043
0.005479,0.001964,0.005479,0.000001,0.005479,0.000030,0.209474,0.013869,0.208995,0.000002,0.209045,0.000042
0.005479,0.001247,0.019931,0.000000,0.019931,0.000029,0.326101,0.014886,0.325500,0.000001,0.325665,0.000040
0.005479,0.001180,0.009634,0.000000,0.009634,0.000028,0.301914,0.014548,0.301702,0.000000,0.303375,0.000030
0.005479,0.001516,0.017402,0.000000,0.017131,0.000027,0.379137,0.015801,0.378896,0.000001,0.379328,0.000034
0.006067,0.001743,0.008851,0.000002,0.008851,0.000028,0.301175,0.015186,0.300672,0.000001,0.302188,0.000039
0.005479,0.002127,0.005479,0.000001,0.005479,0.000028,0.269415,0.014410,0.269125,0.000001,0.269228,0.000037
0.005479,0.002109,0.028496,0.000001,0.028496,0.000029,0.258006,0.014205,0.257733,0.000002,0.258606,0.000040
0.005495,0.001932,0.025982,0.000001,0.025802,0.000031,0.283830,0.014476,0.283668,0.000003,0.284461,0.000039
0.005479,0.001754,0.011200,0.000002,0.011200,0.000030,0.293673,0.014665,0.293479,0.000002,0.293521,0.000040
0.005600,0.001362,0.013066,0.000002,0.012886,0.000025,0.299135,0.014722,0.299135,0.000001,0.298874,0.000033
0.005479,0.001559,0.010432,0.000001,0.010432,0.000028,0.334419,0.015687,0.334214,0.000001,0.334647,0.000035
0.006383,0.001738,0.020352,0.000001,0.020352,0.000028,0.340624,0.016342,0.340486,0.000000,0.340808,0.000038
0.006503,0.002369,0.045522,0.000001,0.045522,0.000026,0.294447,0.015395,0.294346,0.000002,0.295890,0.000039
0.005479,0.002294,0.008264,0.000002,0.008249,0.000033,0.237561,0.014775,0.237536,0.000001,0.238216,0.000039
0.005479,0.001909,0.030664,0.000002,0.030558,0.000031,0.286795,0.014413,0.286565,0.000001,0.287516,0.000043
0.005479,0.001656,0.014782,0.000001,0.014602,0.000028,0.247864,0.014100,0.247781,0.000000,0.246689,0.000038
0.005570,0.001314,0.010221,0.000001,0.010221,0.000029,0.284442,0.014710,0.284117,0.000002,0.283095,0.000037
0.007662,0.001457,0.037513,0.000001,0.037513,0.000026,0.395133,0.015871,0.394929,0.000002,0.395960,0.000035
0.007753,0.002150,0.056164,0.000002,0.056164,0.000028,0.343282,0.016151,0.342446,0.000001,0.342675,0.000035
0.006759,0.002654,0.029189,0.000002,0.028963,0.000030,0.337785,0.015116,0.337720,0.000002,0.337342,0.000036
0.005479,0.002771,0.021737,0.000001,0.021737,0.000031,0.282481,0.014645,0.282481,0.000003,0.283054,0.000041
0.005479,0.002438,0.047027,0.000001,0.044257,0.000030,0.355695,0.015345,0.355155,0.000002,0.355107,0.000038
0.005479,0.001579,0.005479,0.000002,0.005479,0.000028,0.276771,0.014814,0.276771,0.000000,0.277774,0.000038
0.005479,0.002121,0.005479,0.000002,0.005479,0.000027,0.289456,0.014453,0.289312,0.000000,0.290783,0.000035
0.005660,0.001532,0.012524,0.000000,0.012524,0.000028,0.364138,0.015565,0.363843,0.000000,0.363856,0.000034
0.005826,0.002629,0.039621,0.000000,0.038988,0.000027,0.342991,0.015055,0.342813,0.000001,0.341764,0.000040
0.005479,0.002718,0.008039,0.000000,0.007978,0.000031,0.308123,0.015092,0.307933,0.000002,0.307835,0.000041
0.005479,0.002643,0.011561,0.000001,0.011471,0.000028,0.295811,0.014598,0.295751,0.000002,0.295553,0.000039
0.005495,0.002239,0.009845,0.000001,0.009845,0.000030,0.318856,0.015164,0.318682,0.000002,0.319504,0.000037
0.005479,0.001434,0.007135,0.000000,0.007135,0.000029,0.300575,0.015116,0.300220,0.000002,0.299885,0.000035
0.005479,0.001636,0.013909,0.000000,0.013909,0.000026,0.315345,0.014750,0.315321,0.000002,0.315924,0.000034
0.007813,0.001999,0.083667,0.000000,0.083667,0.000025,0.444819,0.015701,0.444640,0.000000,0.444362,0.000035
0.006127,0.002252,0.023363,0.000001,0.023363,0.000026,0.382689,0.016161,0.382372,0.000000,0.382849,0.000037
0.006232,0.002788,0.032937,0.000000,0.032455,0.000032,0.418587,0.016185,0.418587,0.000001,0.418798,0.000034
0.008370,0.002679,0.081484,0.000001,0.079994,0.000029,0.427964,0.015732,0.427818,0.000002,0.428292,0.000034
0.009499,0.002187,0.064203,0.000001,0.064203,0.000028,0.443885,0.015169,0.443378,0.000001,0.444187,0.000032
0.011877,0.002182,0.045943,0.000002,0.045461,0.000024,0.291861,0.013865,0.291483,0.000001,0.291584,0.000029
0.006112,0.001819,0.010899,0.000002,0.010899,0.000017,0.166260,0.012723,0.166243,0.000001,0.166709,0.000029
0.006518,0.001880,0.010944,0.000001,0.010944,0.000023,0.169729,0.012722,0.169636,0.000002,0.169959,0.000032
0.005961,0.001104,0.007617,0.000001,0.007617,0.000027,0.382943,0.015834,0.382806,0.000002,0.382575,0.000035
0.009303,0.002340,0.042150,0.000001,0.041728,0.000026,0.417880,0.016098,0.417791,0.000002,0.417473,0.000038
0.005479,0.002466,0.005479,0.000002,0.005479,0.000029,0.362136,0.015407,0.361937,0.000001,0.362195,0.000037
0.005479,0.002030,0.021511,0.000002,0.021511,0.000025,0.371074,0.015103,0.370619,0.000002,0.371683,0.000039
0.005916,0.001214,0.014542,0.000001,0.013247,0.000028,0.332271,0.015143,0.332051,0.000001,0.331628,0.000037
0.005660,0.001209,0.011034,0.000001,0.010899,0.000027,0.323125,0.014874,0.322748,0.000000,0.322917,0.000032
0.005479,0.001630,0.008129,0.000001,0.008129,0.000026,0.392381,0.015676,0.392185,0.000000,0.392314,0.000028
0.007421,0.002006,0.057640,0.000002,0.057640,0.000025,0.406013,0.016256,0.405464,0.000001,0.406065,0.000037
0.007482,0.002492,0.031898,0.000001,0.031898,0.000032,0.358010,0.015270,0.357790,0.000003,0.357739,0.000038
0.005495,0.002482,0.054253,0.000000,0.053711,0.000025,0.350692,0.015537,0.350409,0.000003,0.350830,0.000039
0.006970,0.002141,0.077149,0.000000,0.077149,0.000025,0.408655,0.015916,0.408360,0.000002,0.409013,0.000032
0.005570,0.001833,0.072543,0.000001,0.071865,0.000028,0.389586,0.015581,0.389586,0.000001,0.388610,0.000035
0.005660,0.001597,0.017899,0.000001,0.017899,0.000026,0.278565,0.014243,0.278395,0.000001,0.279096,0.000035
0.007933,0.002002,0.079663,0.000000,0.078504,0.000027,0.452362,0.015873,0.452112,0.000001,0.452601,0.000038
0.008114,0.002042,0.031974,0.000000,0.031974,0.000030,0.428784,0.016132,0.428784,0.000000,0.429162,0.000037
0.005479,0.002272,0.028240,0.000000,0.028060,0.000025,0.359837,0.015999,0.359142,0.000001,0.359017,0.000036
0.006744,0.002381,0.069788,0.000001,0.069788,0.000029,0.368560,0.015338,0.368433,0.000002,0.369622,0.000035
0.006232,0.001846,0.006804,0.000001,0.006804,0.000028,0.408323,0.014927,0.408045,0.000003,0.408421,0.000032
0.007467,0.002297,0.093271,0.000001,0.092052,0.000027,0.401900,0.014960,0.401772,0.000001,0.401465,0.000031
0.008264,0.001980,0.039756,0.000001,0.039756,0.000027,0.310904,0.014291,0.310904,0.000001,0.311375,0.000029
0.005690,0.001581,0.026434,0.000001,0.026434,0.000027,0.400218,0.015893,0.400218,0.000001,0.399734,0.000032
0.006548,0.001908,0.036610,0.000002,0.036610,0.000024,0.394194,0.015829,0.393821,0.000001,0.394922,0.000043
0.008008,0.002491,0.088334,0.000001,0.087686,0.000029,0.411286,0.017349,0.410840,0.000002,0.411686,0.000038
0.005479,0.002117,0.008249,0.000001,0.008249,0.000028,0.348025,0.016022,0.347623,0.000001,0.347563,0.000037
0.005525,0.001888,0.026840,0.000001,0.026840,0.000028,0.422233,0.017509,0.422233,0.000001,0.422375,0.000040
0.005510,0.001605,0.020021,0.000002,0.019028,0.000026,0.336182,0.015358,0.336170,0.000001,0.336227,0.000037
0.005479,0.001427,0.008039,0.000002,0.008039,0.000023,0.209545,0.014253,0.209545,0.000002,0.209032,0.000030
0.006202,0.001981,0.014692,0.000001,0.014557,0.000024,0.424434,0.015521,0.424164,0.000001,0.425220,0.000032
0.008400,0.002254,0.102935,0.000001,0.099368,0.000028,0.467630,0.017239,0.467256,0.000001,0.467294,0.000036
0.006563,0.002566,0.059822,0.000001,0.059250,0.000025,0.439586,0.017026,0.439304,0.000002,0.439150,0.000034
0.005886,0.002376,0.021255,0.000002,0.021255,0.000025,0.434560,0.016762,0.434168,0.000003,0.434196,0.000034
0.005630,0.002057,0.012856,0.000002,0.012856,0.000024,0.415651,0.015870,0.415651,0.000001,0.416606,0.000031
0.006307,0.002234,0.075087,0.000001,0.075087,0.000025,0.378798,0.015293,0.378430,0.000000,0.377945,0.000031
0.007045,0.001953,0.024176,0.000000,0.023830,0.000023,0.264173,0.014321,0.264128,0.000000,0.264589,0.000029
0.007843,0.001742,0.125230,0.000001,0.121993,0.000024,0.360746,0.014544,0.360746,0.000001,0.360055,0.000030
0.005615,0.001546,0.009002,0.000001,0.009002,0.000025,0.356252,0.015829,0.355673,0.000002,0.356045,0.000033
0.006172,0.001892,0.008671,0.000000,0.008671,0.000022,0.149359,0.012795,0.149359,0.000002,0.149787,0.000030
0.009454,0.002269,0.080084,0.000000,0.079768,0.000025,0.287131,0.013594,0.286866,0.000002,0.287114,0.000028
0.006624,0.002082,0.039621,0.000000,0.039621,0.000025,0.291552,0.013757,0.291342,0.000002,0.291494,0.000029
0.006142,0.001859,0.012780,0.000001,0.012780,0.000022,0.194465,0.013511,0.194262,0.000002,0.193700,0.000029
0.006383,0.001813,0.012705,0.000001,0.012705,0.000022,0.155281,0.013131,0.155281,0.000000,0.155434,0.000026
0.007873,0.001226,0.053124,0.000000,0.053124,0.000023,0.299651,0.014086,0.299559,0.000000,0.301121,0.000032
0.007286,0.001594,0.035059,0.000000,0.035059,0.000027,0.426667,0.015652,0.426643,0.000000,0.426863,0.000031
0.008279,0.002369,0.087581,0.000000,0.084465,0.000026,0.462930,0.016089,0.462650,0.000002,0.462684,0.000035
0.008671,0.002566,0.099262,0.000001,0.099262,0.000028,0.458468,0.016026,0.458347,0.000002,0.458403,0.000032
0.008219,0.002334,0.073370,0.000000,0.069306,0.000024,0.423340,0.014959,0.423289,0.000002,0.423220,0.000036
0.008084,0.001905,0.035827,0.000001,0.035827,0.000027,0.328324,0.014812,0.328255,0.000002,0.328822,0.000034
0.005765,0.001469,0.008279,0.000001,0.007813,0.000027,0.191382,0.013221,0.191350,0.000001,0.191393,0.000029
0.008084,0.001770,0.050474,0.000002,0.050474,0.000024,0.444689,0.016072,0.444208,0.000002,0.444655,0.000036
0.005479,0.001824,0.013669,0.000002,0.013157,0.000026,0.392200,0.016061,0.391483,0.000001,0.390555,0.000035
0.010462,0.002623,0.151799,0.000001,0.150173,0.000025,0.473479,0.016386,0.473330,0.000001,0.473539,0.000033
0.008731,0.002873,0.046530,0.000001,0.046530,0.000027,0.428830,0.015230,0.428584,0.000001,0.428478,0.000035
0.007753,0.002215,0.062110,0.000001,0.061117,0.000027,0.391670,0.014456,0.391590,0.000002,0.393001,0.000032
0.005675,0.001704,0.019389,0.000002,0.019389,0.000027,0.282927,0.015180,0.282897,0.000002,0.283112,0.000032
0.006127,0.001867,0.014963,0.000002,0.014752,0.000026,0.193771,0.013319,0.193715,0.000001,0.193391,0.000028
0.006082,0.001585,0.068478,0.000001,0.066416,0.000023,0.358892,0.014817,0.358714,0.000001,0.358004,0.000028
0.010011,0.002106,0.093632,0.000001,0.092187,0.000026,0.454419,0.016126,0.454302,0.000001,0.454279,0.000034
0.005630,0.002321,0.008189,0.000001,0.008189,0.000028,0.443462,0.016589,0.443311,0.000003,0.443719,0.000032
0.007768,0.002701,0.111155,0.000002,0.108806,0.000026,0.464459,0.016461,0.464363,0.000002,0.463964,0.000032
0.008054,0.002164,0.080400,0.000001,0.080400,0.000027,0.440866,0.016133,0.440499,0.000002,0.441060,0.000034
0.007963,0.002074,0.048337,0.000001,0.048337,0.000023,0.311891,0.014444,0.311891,0.000001,0.312168,0.000033
0.006097,0.001713,0.013488,0.000001,0.013488,0.000026,0.196923,0.013546,0.196713,0.000001,0.197100,0.000028
0.005886,0.001757,0.030212,0.000002,0.030212,0.000025,0.331783,0.014996,0.331612,0.000001,0.332505,0.000030
0.009619,0.001995,0.132952,0.000002,0.132952,0.000024,0.420683,0.016060,0.420683,0.000000,0.420175,0.000036
0.007768,0.002345,0.077149,0.000001,0.077149,0.000025,0.453873,0.016437,0.453817,0.000002,0.454084,0.000039
0.010026,0.002812,0.061057,0.000001,0.059988,0.000026,0.471554,0.016579,0.471351,0.000003,0.471623,0.000038
0.006337,0.002401,0.021286,0.000000,0.021286,0.000022,0.403431,0.015162,0.403287,0.000003,0.403650,0.000031
0.007391,0.001896,0.021602,0.000001,0.020172,0.000026,0.263659,0.014108,0.263659,0.000002,0.263098,0.000032
0.007211,0.001864,0.019931,0.000001,0.019931,0.000024,0.210581,0.013280,0.210562,0.000001,0.210355,0.000030
0.007256,0.001549,0.076712,0.000000,0.076712,0.000027,0.370766,0.014823,0.370221,0.000000,0.369674,0.000030
0.006021,0.001683,0.011576,0.000000,0.010763,0.000024,0.415662,0.016112,0.415662,0.000001,0.416302,0.000034
0.009092,0.002329,0.134457,0.000001,0.131386,0.000026,0.473163,0.016041,0.472706,0.000001,0.472760,0.000037
0.012961,0.002847,0.197050,0.000001,0.193647,0.000027,0.486481,0.015662,0.486226,0.000001,0.486278,0.000034
0.010522,0.002431,0.108445,0.000000,0.107015,0.000026,0.427594,0.014807,0.427373,0.000001,0.427965,0.000034
0.006473,0.001816,0.014662,0.000000,0.014662,0.000025,0.233062,0.014170,0.232859,0.000003,0.233651,0.000029
0.006172,0.001878,0.017221,0.000000,0.017221,0.000025,0.164651,0.012769,0.164651,0.000002,0.164996,0.000028
0.005871,0.001526,0.040705,0.000002,0.040705,0.000022,0.327051,0.014302,0.326706,0.000001,0.326858,0.000032
0.006322,0.001786,0.027006,0.000002,0.027006,0.000025,0.388011,0.014825,0.387605,0.000001,0.387168,0.000035
0.012269,0.002356,0.152943,0.000001,0.148186,0.000025,0.470431,0.016636,0.470431,0.000002,0.470037,0.000035
0.012359,0.002907,0.177059,0.000001,0.175824,0.000026,0.469835,0.021684,0.469760,0.000002,0.469330,0.000034
0.013985,0.002887,0.140479,0.000001,0.137573,0.000026,0.440671,0.019233,0.440671,0.000001,0.440747,0.000030
0.007737,0.001907,0.022761,0.000002,0.022761,0.000021,0.250203,0.014456,0.250203,0.000001,0.251199,0.000033
0.006232,0.001880,0.012118,0.000001,0.012118,0.000024,0.133089,0.015639,0.133089,0.000000,0.134165,0.000029
0.006654,0.001444,0.063571,0.000001,0.063315,0.000033,0.274079,0.020782,0.273880,0.000001,0.274438,0.000027
0.009544,0.002019,0.114346,0.000001,0.113864,0.000023,0.342528,0.019859,0.342358,0.000002,0.342220,0.000029
0.006940,0.002104,0.071278,0.000002,0.069156,0.000025,0.394767,0.018278,0.394662,0.000002,0.395129,0.000036
0.013247,0.002774,0.103613,0.000002,0.103613,0.000022,0.408779,0.016200,0.408390,0.000002,0.409431,0.000029
0.014798,0.002968,0.084359,0.000001,0.084359,0.000025,0.371144,0.016324,0.371144,0.000003,0.372180,0.000034
0.007406,0.001870,0.016182,0.000001,0.016182,0.000023,0.225665,0.015776,0.225475,0.000003,0.226310,0.000028
0.006428,0.001888,0.014993,0.000001,0.014873,0.000023,0.156353,0.015840,0.156353,0.000000,0.156100,0.000033
0.008204,0.001208,0.032937,0.000002,0.032937,0.000024,0.260352,0.013887,0.260300,0.000000,0.260002,0.000030
0.006925,0.001471,0.011651,0.000002,0.011621,0.000024,0.391717,0.018673,0.391506,0.000000,0.391653,0.000032
0.010838,0.002092,0.097381,0.000001,0.097381,0.000025,0.451133,0.021505,0.451113,0.000002,0.451449,0.000031
0.011697,0.002500,0.150986,0.000001,0.150986,0.000025,0.426312,0.015429,0.425494,0.000001,0.426765,0.000027
0.015701,0.002923,0.078007,0.000002,0.077013,0.000025,0.377508,0.017087,0.377079,0.000002,0.377322,0.000030
0.006051,0.001964,0.011651,0.000002,0.011651,0.000023,0.188213,0.014388,0.187814,0.000002,0.187966,0.000030
0.006292,0.001813,0.006894,0.000000,0.006879,0.000023,0.135438,0.013940,0.135438,0.000002,0.135951,0.000029
0.006669,0.002010,0.013127,0.000000,0.013127,0.000024,0.175259,0.013515,0.175241,0.000002,0.174811,0.000031
0.006247,0.001093,0.007271,0.000000,0.007256,0.000026,0.381993,0.015196,0.381993,0.000000,0.381865,0.000030
0.006292,0.001625,0.008641,0.000001,0.008641,0.000028,0.406888,0.015666,0.406686,0.000000,0.405959,0.000036
0.006744,0.002269,0.050369,0.000001,0.049300,0.000031,0.407047,0.016270,0.407047,0.000001,0.406671,0.000038
0.008776,0.002599,0.079994,0.000000,0.078865,0.000026,0.458180,0.015863,0.457830,0.000002,0.457367,0.000036
0.006307,0.001735,0.041277,0.000000,0.039801,0.000029,0.371109,0.015630,0.371020,0.000001,0.369439,0.000036
0.005555,0.001539,0.015746,0.000000,0.014963,0.000025,0.269302,0.018189,0.269302,0.000001,0.268952,0.000030
0.007015,0.001330,0.044378,0.000001,0.044378,0.000022,0.376884,0.015589,0.376631,0.000001,0.377102,0.000032
0.007286,0.001541,0.039199,0.000001,0.039199,0.000024,0.395330,0.015559,0.395313,0.000002,0.395432,0.000031
0.007406,0.002238,0.096011,0.000001,0.095078,0.000029,0.446647,0.016307,0.446195,0.000002,0.446000,0.000032
0.009348,0.002591,0.114496,0.000001,0.113729,0.000031,0.453643,0.016137,0.453376,0.000002,0.452956,0.000039
0.006774,0.002336,0.095800,0.000002,0.095800,0.000030,0.458285,0.016005,0.457843,0.000002,0.457811,0.000037
0.006006,0.001773,0.043730,0.000002,0.043730,0.000025,0.391167,0.015298,0.391080,0.000002,0.391390,0.000038
0.005630,0.001438,0.010447,0.000001,0.010447,0.000026,0.277977,0.014588,0.277660,0.000001,0.277262,0.000032
0.006142,0.001166,0.014361,0.000001,0.014361,0.000026,0.376188,0.015777,0.375852,0.000000,0.376613,0.000031
0.006021,0.001445,0.013699,0.000001,0.013699,0.000025,0.379209,0.016084,0.378866,0.000000,0.379714,0.000032
0.009679,0.002096,0.085880,0.000002,0.085880,0.000025,0.432233,0.015332,0.431942,0.000001,0.433037,0.000032
0.007873,0.002478,0.069908,0.000002,0.069908,0.000027,0.441644,0.016576,0.441526,0.000003,0.442012,0.000035
0.008550,0.002356,0.077826,0.000001,0.077826,0.000031,0.453806,0.016102,0.453689,0.000002,0.453474,0.000034
0.005856,0.001609,0.033404,0.000001,0.033404,0.000026,0.387729,0.015474,0.387476,0.000002,0.387786,0.000035
0.005871,0.001561,0.010176,0.000002,0.010176,0.000025,0.235251,0.014015,0.235251,0.000001,0.235057,0.000032
0.005495,0.001082,0.015957,0.000002,0.015957,0.000023,0.271163,0.014073,0.270924,0.000001,0.272084,0.000033
0.005856,0.001487,0.011802,0.000000,0.011621,0.000021,0.310324,0.014521,0.309873,0.000001,0.309330,0.000031
0.006879,0.002186,0.034382,0.000000,0.034382,0.000025,0.377449,0.015097,0.376996,0.000000,0.376528,0.000033
0.006473,0.002583,0.048337,0.000000,0.048337,0.000027,0.405117,0.015461,0.405016,0.000001,0.405429,0.000033
0.005826,0.002059,0.015249,0.000001,0.015249,0.000026,0.426869,0.015815,0.426766,0.000001,0.427924,0.000046
0.006202,0.001791,0.040148,0.000001,0.039440,0.000026,0.396597,0.015597,0.396483,0.000003,0.396700,0.000034
0.005495,0.001507,0.012750,0.000000,0.012750,0.000024,0.284352,0.014423,0.284254,0.000001,0.283643,0.000032
0.006774,0.001340,0.040102,0.000000,0.040102,0.000022,0.366765,0.015186,0.366765,0.000001,0.366385,0.000030
0.005946,0.001467,0.015264,0.000000,0.015068,0.000026,0.397891,0.015536,0.397798,0.000001,0.397266,0.000033
0.009152,0.002153,0.051152,0.000001,0.050534,0.000027,0.441440,0.016708,0.441440,0.000002,0.442290,0.000038
0.006262,0.002520,0.064564,0.000001,0.063812,0.000027,0.430621,0.016827,0.430400,0.000002,0.430607,0.000039
0.008008,0.002436,0.062381,0.000001,0.062381,0.000026,0.459263,0.017025,0.459140,0.000001,0.459164,0.000032
0.005841,0.002066,0.087205,0.000001,0.084058,0.000026,0.411835,0.015410,0.411508,0.000001,0.410238,0.000034
0.005479,0.001312,0.008460,0.000002,0.008460,0.000026,0.235566,0.013771,0.235566,0.000002,0.234962,0.000028
0.010116,0.002160,0.064098,0.000002,0.064098,0.000024,0.356158,0.014271,0.356048,0.000002,0.356338,0.000029
0.006127,0.001454,0.018245,0.000001,0.018245,0.000026,0.414404,0.015610,0.414251,0.000001,0.414316,0.000033
0.010327,0.002298,0.069968,0.000001,0.069020,0.000028,0.455829,0.015857,0.455669,0.000001,0.455742,0.000035
0.005630,0.002531,0.018847,0.000001,0.018847,0.000027,0.441317,0.017138,0.441317,0.000002,0.441248,0.000037
0.006819,0.002172,0.037995,0.000002,0.037995,0.000027,0.429275,0.016154,0.429192,0.000003,0.429620,0.000036
0.005976,0.001659,0.043414,0.000002,0.043414,0.000026,0.391340,0.015989,0.391340,0.000003,0.391391,0.000034
0.005961,0.001609,0.018546,0.000001,0.018546,0.000023,0.302278,0.014579,0.302072,0.000001,0.302045,0.000033
0.005826,0.001118,0.011275,0.000001,0.011275,0.000024,0.365134,0.015557,0.364887,0.000000,0.365555,0.000032
0.005826,0.001473,0.011034,0.000001,0.010417,0.000029,0.372221,0.016313,0.371581,0.000001,0.372114,0.000034
0.008219,0.002318,0.071865,0.000002,0.071865,0.000029,0.409033,0.016944,0.408899,0.000001,0.409621,0.000034
0.007768,0.002494,0.070962,0.000000,0.070510,0.000029,0.376551,0.015490,0.376551,0.000002,0.377838,0.000038
0.007361,0.002313,0.069411,0.000000,0.069411,0.000026,0.453790,0.016434,0.453342,0.000002,0.453401,0.000033
0.005871,0.001788,0.059491,0.000000,0.058799,0.000027,0.403700,0.015547,0.403700,0.000002,0.402999,0.000032
0.005525,0.001438,0.014015,0.000001,0.014015,0.000028,0.277906,0.015115,0.277692,0.000003,0.277855,0.000034
0.006593,0.001181,0.012043,0.000001,0.012043,0.000028,0.376802,0.015898,0.376723,0.000001,0.377508,0.000033
0.006142,0.001465,0.024989,0.000000,0.024989,0.000023,0.395703,0.016410,0.395492,0.000000,0.396414,0.000034
0.008460,0.002202,0.054403,0.000000,0.054403,0.000029,0.432325,0.016709,0.432009,0.000000,0.431709,0.000037
0.006834,0.002182,0.046545,0.000000,0.046545,0.000029,0.400955,0.015694,0.400739,0.000001,0.400524,0.000037
0.008325,0.002504,0.099368,0.000002,0.096523,0.000027,0.439633,0.016647,0.439158,0.000002,0.438224,0.000035
0.005479,0.001326,0.018335,0.000002,0.018335,0.000029,0.329295,0.015809,0.329295,0.000002,0.330011,0.000036
0.005479,0.001309,0.006443,0.000001,0.006443,0.000027,0.260914,0.015150,0.260914,0.000002,0.261406,0.000036
0.005886,0.001269,0.013202,0.000001,0.013202,0.000025,0.380367,0.015686,0.379729,0.000002,0.380344,0.000034
0.006217,0.001464,0.029535,0.000001,0.029535,0.000025,0.414547,0.016808,0.414222,0.000002,0.414323,0.000037
0.014722,0.002468,0.158272,0.000002,0.156089,0.000025,0.459572,0.016270,0.459359,0.000001,0.459102,0.000031
0.005750,0.001868,0.020021,0.000002,0.020021,0.000026,0.421479,0.016155,0.421325,0.000001,0.421403,0.000036
0.008701,0.002496,0.155773,0.000001,0.151528,0.000028,0.444523,0.016410,0.444321,0.000001,0.444115,0.000039
0.006157,0.001791,0.019931,0.000001,0.019479,0.000027,0.371767,0.016958,0.371479,0.000002,0.370687,0.000038
0.005479,0.001205,0.005479,0.000002,0.005479,0.000025,0.266199,0.014262,0.265978,0.000002,0.266440,0.000029
0.005841,0.001059,0.008776,0.000002,0.008776,0.000027,0.352577,0.015898,0.352412,0.000000,0.353240,0.000031
0.005479,0.001349,0.005630,0.000001,0.005630,0.000026,0.376355,0.016519,0.375763,0.000001,0.375773,0.000033
0.009484,0.002327,0.093858,0.000001,0.090622,0.000025,0.451968,0.017068,0.451739,0.000002,0.451540,0.000034
0.006910,0.002538,0.095499,0.000001,0.095499,0.000026,0.436406,0.016755,0.436195,0.000002,0.436302,0.000034
0.006202,0.002158,0.028617,0.000002,0.027743,0.000029,0.419520,0.016128,0.419293,0.000002,0.418565,0.000035
0.005479,0.001872,0.010116,0.000001,0.010011,0.000030,0.311493,0.014905,0.311493,0.000002,0.311469,0.000040
0.005495,0.001389,0.014963,0.000000,0.014963,0.000023,0.276876,0.014340,0.276733,0.000001,0.275923,0.000031
0.006834,0.001453,0.049451,0.000000,0.049451,0.000024,0.409694,0.016184,0.409289,0.000001,0.409440,0.000031
0.005525,0.001458,0.006232,0.000000,0.006232,0.000027,0.352908,0.016373,0.352685,0.000001,0.352532,0.000035
0.008294,0.002182,0.056917,0.000001,0.055382,0.000027,0.409462,0.015987,0.409304,0.000000,0.409243,0.000032
0.005630,0.002485,0.006112,0.000000,0.006112,0.000024,0.298497,0.014746,0.298297,0.000000,0.297737,0.000029
0.005495,0.002042,0.019569,0.000000,0.019449,0.000027,0.439781,0.015910,0.439781,0.000003,0.440476,0.000031
0.006548,0.001673,0.014873,0.000000,0.014873,0.000026,0.345370,0.015151,0.345347,0.000003,0.344867,0.000036
0.005660,0.001379,0.010056,0.000001,0.009815,0.000029,0.246087,0.014387,0.246006,0.000002,0.245139,0.000035
0.007060,0.001026,0.008294,0.000002,0.008294,0.000025,0.354088,0.014363,0.354088,0.000001,0.354744,0.000031
0.008069,0.001851,0.083637,0.000001,0.083637,0.000025,0.447463,0.015838,0.447157,0.000001,0.447031,0.000033
0.006488,0.002295,0.042737,0.000001,0.042737,0.000025,0.426872,0.015358,0.426872,0.000001,0.426988,0.000031
0.006157,0.001936,0.010402,0.000001,0.010402,0.000021,0.156678,0.012798,0.156678,0.000001,0.158121,0.000026
0.005479,0.001063,0.009755,0.000002,0.009755,0.000024,0.167567,0.012923,0.167325,0.000001,0.166625,0.000028
0.005931,0.001912,0.007075,0.000002,0.007075,0.000025,0.284705,0.013603,0.284478,0.000001,0.286005,0.000034
0.006503,0.001863,0.010041,0.000001,0.010041,0.000024,0.191427,0.013828,0.191427,0.000003,0.192104,0.000032
0.006172,0.001156,0.007707,0.000001,0.007707,0.000022,0.345306,0.015173,0.344519,0.000002,0.344280,0.000032
0.007467,0.001580,0.049797,0.000002,0.049797,0.000025,0.429705,0.015649,0.429670,0.000001,0.429668,0.000033
0.014316,0.002576,0.155954,0.000002,0.154162,0.000028,0.470061,0.015861,0.469771,0.000001,0.469572,0.000039
0.008039,0.002710,0.103477,0.000001,0.103477,0.000026,0.455958,0.016130,0.455632,0.000001,0.455330,0.000037
0.007060,0.002599,0.053063,0.000001,0.053063,0.000028,0.447810,0.016302,0.447371,0.000003,0.447907,0.000039
0.005931,0.001555,0.025531,0.000001,0.025531,0.000027,0.317883,0.015125,0.317666,0.000001,0.319435,0.000036
0.005525,0.001292,0.006654,0.000002,0.006654,0.000027,0.246915,0.015553,0.246915,0.000001,0.248381,0.000028
0.006307,0.001231,0.014963,0.000002,0.014963,0.000024,0.401695,0.016156,0.401695,0.000000,0.401628,0.000031
0.008069,0.002019,0.074364,0.000001,0.073039,0.000026,0.437943,0.016317,0.437581,0.000001,0.437763,0.000033
0.007135,0.002528,0.093151,0.000001,0.093151,0.000024,0.435038,0.016353,0.435038,0.000002,0.436413,0.000035
0.006789,0.002463,0.084736,0.000001,0.084736,0.000028,0.426591,0.016015,0.426477,0.000001,0.426221,0.000038
0.005765,0.002221,0.089026,0.000002,0.088123,0.000029,0.403489,0.015786,0.403261,0.000002,0.403627,0.000038
0.005479,0.001570,0.007105,0.000001,0.007105,0.000027,0.310127,0.014780,0.310127,0.000003,0.310275,0.000036
0.005705,0.001533,0.011621,0.000001,0.011621,0.000028,0.256895,0.014375,0.256783,0.000003,0.257356,0.000033
0.006970,0.001144,0.011260,0.000000,0.011200,0.000022,0.379666,0.015417,0.379209,0.000000,0.379552,0.000034
0.006322,0.001820,0.039621,0.000001,0.039621,0.000025,0.423007,0.016247,0.422900,0.000000,0.423139,0.000034
0.007075,0.002244,0.098886,0.000001,0.094355,0.000028,0.443104,0.016212,0.442862,0.000000,0.442157,0.000037
0.008279,0.002526,0.095574,0.000000,0.093858,0.000025,0.423834,0.015892,0.423600,0.000001,0.423530,0.000037
0.005720,0.001873,0.059431,0.000000,0.057745,0.000028,0.407835,0.016474,0.407527,0.000002,0.408150,0.000041
0.005886,0.001451,0.020111,0.000000,0.020111,0.000030,0.324611,0.015417,0.324611,0.000002,0.324860,0.000035
0.005479,0.001141,0.005886,0.000001,0.005841,0.000026,0.177101,0.013940,0.177101,0.000002,0.177216,0.000033
0.006292,0.001236,0.017914,0.000001,0.017914,0.000025,0.404739,0.015818,0.404376,0.000002,0.404739,0.000033
0.008611,0.002268,0.059491,0.000000,0.057685,0.000029,0.409169,0.016203,0.408934,0.000002,0.408809,0.000046
0.008611,0.002625,0.167018,0.000001,0.162592,0.000027,0.434789,0.016020,0.434384,0.000001,0.433723,0.000038
0.010342,0.002558,0.080205,0.000002,0.079693,0.000030,0.436870,0.016937,0.436870,0.000000,0.437522,0.000037
0.007391,0.002084,0.043836,0.000002,0.043836,0.000028,0.452712,0.016372,0.452589,0.000001,0.452928,0.000036
0.008957,0.002151,0.057865,0.000001,0.057865,0.000025,0.347511,0.015059,0.347229,0.000002,0.347634,0.000031
0.006578,0.001861,0.008219,0.000001,0.008189,0.000023,0.161512,0.012588,0.161512,0.000001,0.161458,0.000030
0.005690,0.001340,0.014180,0.000001,0.014150,0.000022,0.159036,0.013805,0.158735,0.000000,0.158890,0.000029
0.005479,0.001626,0.005479,0.000002,0.005479,0.000022,0.083264,0.012173,0.083264,0.000001,0.083000,0.000024
0.005479,0.000991,0.005479,0.000002,0.005479,0.000020,0.118039,0.012329,0.118039,0.000002,0.117688,0.000023
0.008008,0.001586,0.072949,0.000001,0.072949,0.000023,0.271667,0.013470,0.271631,0.000002,0.271521,0.000029
0.008189,0.002237,0.029414,0.000001,0.029414,0.000022,0.305699,0.013927,0.305699,0.000002,0.305720,0.000030
0.008851,0.001937,0.019299,0.000001,0.019299,0.000023,0.229786,0.013380,0.229766,0.000001,0.230993,0.000033
0.006428,0.001809,0.008340,0.000001,0.008340,0.000021,0.133964,0.012316,0.133964,0.000001,0.135156,0.000026
0.007271,0.001899,0.023498,0.000000,0.023498,0.000025,0.277476,0.015360,0.277404,0.000001,0.278545,0.000029
